time,ChargingStationID,BaysVehicleIds,BaysChargingPower,TotalChargingPower,BaysChargingDesire,BaysNumberOfVehicles,QueueVehicleIds,QueueChargingDesire,QueueNumberOfVehicles,BtmsPower,BtmsSoc,BtmsEnergy,TotalChargingPowerDesire,GridPower,GridPowerUpper,GridPowerLower,PowerDesire,BtmsPowerDesire,EnergyLagSum,TimeLagSum
60,921,[],"[0, 0, 0, 0, 0]",0.0,"[nan, nan, nan, nan, nan]",0,[],[],0,6.589565166357184e-06,0.8,120.58326650789569,0.0,6.589565166357184e-06,525.0,0,0.0,0.0,0.0,0.0
120,921,[],"[0, 0, 0, 0, 0]",0.0,"[nan, nan, nan, nan, nan]",0,[],[],0,1.0240743864037845e-05,0.8000000006193375,120.58326660124786,0.0,1.0240743864037845e-05,525.0,0,0.0,750.0,0.0,0.0
180,921,[],"[0, 0, 0, 0, 0]",0.0,"[nan, nan, nan, nan, nan]",0,[],[],0,1.2786754814270568e-05,0.8000000015818406,120.58326674632507,0.0,1.2786754814270568e-05,525.0,0,0.0,750.0,0.0,0.0
240,921,[],"[0, 0, 0, 0, 0]",0.0,"[nan, nan, nan, nan, nan]",0,[],[],0,1.4932321941264455e-05,0.8000000027836371,120.58326692747076,0.0,1.4932321941264455e-05,525.0,0,0.0,750.0,0.0,0.0
300,921,[],"[0, 0, 0, 0, 0]",0.0,"[nan, nan, nan, nan, nan]",0,[],[],0,1.679734576975025e-05,0.8000000041870905,120.583267139012,0.0,1.679734576975025e-05,525.0,0,0.0,750.0,0.0,0.0
360,921,[],"[0, 0, 0, 0, 0]",0.0,"[nan, nan, nan, nan, nan]",0,[],[],0,1.859973634327793e-05,0.800000005765833,120.58326737697439,0.0,1.859973634327793e-05,525.0,0,0.0,750.0,0.0,0.0
420,921,[],"[0, 0, 0, 0, 0]",0.0,"[nan, nan, nan, nan, nan]",0,[],[],0,1.8315745081914948e-05,0.8000000075139777,120.58326764047065,0.0,1.8315745081914948e-05,525.0,0,0.0,750.0,0.0,0.0
480,921,[],"[0, 0, 0, 0, 0]",0.0,"[nan, nan, nan, nan, nan]",0,[],[],0,1.8048692528372387e-05,0.8000000092354309,120.5832678999437,0.0,1.8048692528372387e-05,525.0,0,0.0,750.0,0.0,0.0
540,921,[],"[0, 0, 0, 0, 0]",0.0,"[nan, nan, nan, nan, nan]",0,[],[],0,1.7719909503714943e-05,0.8000000109317844,120.58326815563352,0.0,1.7719909503714943e-05,525.0,0,0.0,750.0,0.0,0.0
600,921,[],"[0, 0, 0, 0, 0]",0.0,"[nan, nan, nan, nan, nan]",0,[],[],0,1.7384424198183915e-05,0.8000000125972364,120.58326840666557,0.0,1.7384424198183915e-05,525.0,0,0.0,750.0,0.0,0.0
660,921,[],"[0, 0, 0, 0, 0]",0.0,"[nan, nan, nan, nan, nan]",0,[],[],0,1.7040333543209243e-05,0.8000000142311569,120.58326865294491,0.0,1.7040333543209243e-05,525.0,0,0.0,750.0,0.0,0.0
720,921,[],"[0, 0, 0, 0, 0]",0.0,"[nan, nan, nan, nan, nan]",0,[],[],0,1.668330930878441e-05,0.8000000158327372,120.58326889434963,0.0,1.668330930878441e-05,525.0,0,0.0,750.0,0.0,0.0
780,921,[],"[0, 0, 0, 0, 0]",0.0,"[nan, nan, nan, nan, nan]",0,[],[],0,1.8329321809576105e-05,0.8000000174007615,120.58326913069651,0.0,1.8329321809576105e-05,525.0,0,0.0,750.0,0.0,0.0
840,921,[],"[0, 0, 0, 0, 0]",0.0,"[nan, nan, nan, nan, nan]",0,[],[],0,1.7882018102810943e-05,0.8000000191234907,120.5832693903619,0.0,1.7882018102810943e-05,525.0,0,0.0,750.0,0.0,0.0
900,921,[],"[0, 0, 0, 0, 0]",0.0,"[nan, nan, nan, nan, nan]",0,[],[],0,1.7454690360448223e-05,0.800000020804179,120.5832696436905,0.0,1.7454690360448223e-05,525.0,0,0.0,750.0,0.0,0.0
960,921,[],"[0, 0, 0, 0, 0]",0.0,"[nan, nan, nan, nan, nan]",0,[],[],0,1.7005809159419465e-05,0.8000000224447037,120.58326989096528,0.0,1.7005809159419465e-05,525.0,0,0.0,750.0,0.0,0.0
1020,921,[],"[0, 0, 0, 0, 0]",0.0,"[nan, nan, nan, nan, nan]",0,[],[],0,1.8313147824184445e-05,0.800000024043039,120.58327013188091,0.0,1.8313147824184445e-05,525.0,0,0.0,750.0,0.0,0.0
1080,921,[],"[0, 0, 0, 0, 0]",0.0,"[nan, nan, nan, nan, nan]",0,[],[],0,1.955856708225525e-05,0.8000000257642481,120.58327039131717,0.0,1.955856708225525e-05,525.0,0,0.0,750.0,0.0,0.0
1140,921,[],"[0, 0, 0, 0, 0]",0.0,"[nan, nan, nan, nan, nan]",0,[],[],0,1.8939050171005733e-05,0.8000000276025112,120.58327066839688,0.0,1.8939050171005733e-05,525.0,0,0.0,750.0,0.0,0.0
1200,921,[],"[0, 0, 0, 0, 0]",0.0,"[nan, nan, nan, nan, nan]",0,[],[],0,1.839862550952905e-05,0.8000000293825473,120.58327093670009,0.0,1.839862550952905e-05,525.0,0,0.0,750.0,0.0,0.0
1260,921,[],"[0, 0, 0, 0, 0]",0.0,"[nan, nan, nan, nan, nan]",0,[],[],0,1.780908478179483e-05,0.8000000311117902,120.58327119734729,0.0,1.780908478179483e-05,525.0,0,0.0,750.0,0.0,0.0
1320,921,[],"[0, 0, 0, 0, 0]",0.0,"[nan, nan, nan, nan, nan]",0,[],[],0,1.91006522073626e-05,0.8000000327856235,120.58327144964265,0.0,1.91006522073626e-05,525.0,0,0.0,750.0,0.0,0.0
1380,921,[],"[0, 0, 0, 0, 0]",0.0,"[nan, nan, nan, nan, nan]",0,[],[],0,1.8446592006449026e-05,0.8000000345808482,120.58327172023523,0.0,1.8446592006449026e-05,525.0,0,0.0,750.0,0.0,0.0
1440,921,[],"[0, 0, 0, 0, 0]",0.0,"[nan, nan, nan, nan, nan]",0,[],[],0,1.7763419650533377e-05,0.8000000363145994,120.58327198156195,0.0,1.7763419650533377e-05,525.0,0,0.0,750.0,0.0,0.0
1500,921,[],"[0, 0, 0, 0, 0]",0.0,"[nan, nan, nan, nan, nan]",0,[],[],0,1.7062954650507754e-05,0.8000000379841408,120.5832722332104,0.0,1.7062954650507754e-05,525.0,0,0.0,750.0,0.0,0.0
1560,921,[],"[0, 0, 0, 0, 0]",0.0,"[nan, nan, nan, nan, nan]",0,[],[],0,1.6382268363604823e-05,0.8000000395878472,120.58327247493558,0.0,1.6382268363604823e-05,525.0,0,0.0,750.0,0.0,0.0
1620,921,[],"[0, 0, 0, 0, 0]",0.0,"[nan, nan, nan, nan, nan]",0,[],[],0,1.7774342263542408e-05,0.8000000411275774,120.58327270701771,0.0,1.7774342263542408e-05,525.0,0,0.0,750.0,0.0,0.0
1680,921,[],"[0, 0, 0, 0, 0]",0.0,"[nan, nan, nan, nan, nan]",0,[],[],0,1.875772607341904e-05,0.8000000427981454,120.5832729588209,0.0,1.875772607341904e-05,525.0,0,0.0,750.0,0.0,0.0
1740,921,[],"[0, 0, 0, 0, 0]",0.0,"[nan, nan, nan, nan, nan]",0,[],[],0,1.80793463318064e-05,0.8000000445611394,120.58327322455536,0.0,1.80793463318064e-05,525.0,0,0.0,750.0,0.0,0.0
1800,921,[],"[0, 0, 0, 0, 0]",0.0,"[nan, nan, nan, nan, nan]",0,[],[],0,1.7242663231972054e-05,0.8000000462603739,120.58327348067942,0.0,1.7242663231972054e-05,525.0,0,0.0,750.0,0.0,0.0
1860,921,[],"[0, 0, 0, 0, 0]",0.0,"[nan, nan, nan, nan, nan]",0,[],[],0,1.8383892753352638e-05,0.8000000478809707,120.58327372495049,0.0,1.8383892753352638e-05,525.0,0,0.0,750.0,0.0,0.0
1920,921,[],"[0, 0, 0, 0, 0]",0.0,"[nan, nan, nan, nan, nan]",0,[],[],0,1.9406974762731385e-05,0.8000000496088289,120.58327398538897,0.0,1.9406974762731385e-05,525.0,0,0.0,750.0,0.0,0.0
1980,921,[],"[0, 0, 0, 0, 0]",0.0,"[nan, nan, nan, nan, nan]",0,[],[],0,1.8440554286692204e-05,0.8000000514328441,120.58327426032112,0.0,1.8440554286692204e-05,525.0,0,0.0,750.0,0.0,0.0
2040,921,[],"[0, 0, 0, 0, 0]",0.0,"[nan, nan, nan, nan, nan]",0,[],[],0,1.7505898378493592e-05,0.8000000531660278,120.5832745215623,0.0,1.7505898378493592e-05,525.0,0,0.0,750.0,0.0,0.0
2100,921,[],"[0, 0, 0, 0, 0]",0.0,"[nan, nan, nan, nan, nan]",0,[],[],0,1.6556822582187545e-05,0.8000000548113655,120.58327476956254,0.0,1.6556822582187545e-05,525.0,0,0.0,750.0,0.0,0.0
2160,921,[],"[0, 0, 0, 0, 0]",0.0,"[nan, nan, nan, nan, nan]",0,[],[],0,1.7627783652993526e-05,0.8000000563675017,120.58327500411752,0.0,1.7627783652993526e-05,525.0,0,0.0,750.0,0.0,0.0
2220,921,[],"[0, 0, 0, 0, 0]",0.0,"[nan, nan, nan, nan, nan]",0,[],[],0,1.8493384416189362e-05,0.800000058024295,120.58327525384446,0.0,1.8493384416189362e-05,525.0,0,0.0,750.0,0.0,0.0
2280,921,[],"[0, 0, 0, 0, 0]",0.0,"[nan, nan, nan, nan, nan]",0,[],[],0,1.7491453119470153e-05,0.800000059762444,120.58327551583407,0.0,1.7491453119470153e-05,525.0,0,0.0,750.0,0.0,0.0
2340,921,[],"[0, 0, 0, 0, 0]",0.0,"[nan, nan, nan, nan, nan]",0,[],[],0,1.6440664602407398e-05,0.800000061406424,120.58327576362966,0.0,1.6440664602407398e-05,525.0,0,0.0,750.0,0.0,0.0
2400,921,[],"[0, 0, 0, 0, 0]",0.0,"[nan, nan, nan, nan, nan]",0,[],[],0,1.5415224673865982e-05,0.8000000629516427,120.58327599653907,0.0,1.5415224673865982e-05,525.0,0,0.0,750.0,0.0,0.0
2460,921,[],"[0, 0, 0, 0, 0]",0.0,"[nan, nan, nan, nan, nan]",0,[],[],0,1.6371110786748593e-05,0.800000064400483,120.58327621492143,0.0,1.6371110786748593e-05,525.0,0,0.0,750.0,0.0,0.0
2520,921,[],"[0, 0, 0, 0, 0]",0.0,"[nan, nan, nan, nan, nan]",0,[],[],0,1.736640601614618e-05,0.8000000659391646,120.5832764468455,0.0,1.736640601614618e-05,525.0,0,0.0,750.0,0.0,0.0
2580,921,[],"[0, 0, 0, 0, 0]",0.0,"[nan, nan, nan, nan, nan]",0,[],[],0,1.837488793442616e-05,0.8000000675713916,120.58327669286959,0.0,1.837488793442616e-05,525.0,0,0.0,750.0,0.0,0.0
2640,921,[],"[0, 0, 0, 0, 0]",0.0,"[nan, nan, nan, nan, nan]",0,[],[],0,1.909522996275943e-05,0.8000000692984035,120.5832769531805,0.0,1.909522996275943e-05,525.0,0,0.0,750.0,0.0,0.0
2700,921,[],"[0, 0, 0, 0, 0]",0.0,"[nan, nan, nan, nan, nan]",0,[],[],0,1.7896188685147743e-05,0.8000000710931185,120.58327722369626,0.0,1.7896188685147743e-05,525.0,0,0.0,750.0,0.0,0.0
2760,921,[],"[0, 0, 0, 0, 0]",0.0,"[nan, nan, nan, nan, nan]",0,[],[],0,1.6622324053859316e-05,0.8000000727751386,120.5832774772256,0.0,1.6622324053859316e-05,525.0,0,0.0,750.0,0.0,0.0
2820,921,[],"[0, 0, 0, 0, 0]",0.0,"[nan, nan, nan, nan, nan]",0,[],[],0,1.7540470993812956e-05,0.8000000743374311,120.58327771270852,0.0,1.7540470993812956e-05,525.0,0,0.0,750.0,0.0,0.0
2880,921,[],"[0, 0, 0, 0, 0]",0.0,"[nan, nan, nan, nan, nan]",0,[],[],0,1.625275916814985e-05,0.8000000759860182,120.58327796119853,0.0,1.625275916814985e-05,525.0,0,0.0,750.0,0.0,0.0
2940,921,[],"[0, 0, 0, 0, 0]",0.0,"[nan, nan, nan, nan, nan]",0,[],[],0,1.698031161607593e-05,0.8000000775135763,120.58327819144596,0.0,1.698031161607593e-05,525.0,0,0.0,750.0,0.0,0.0
3000,921,[],"[0, 0, 0, 0, 0]",0.0,"[nan, nan, nan, nan, nan]",0,[],[],0,1.7488665173669996e-05,0.8000000791095152,120.58327843200037,0.0,1.7488665173669996e-05,525.0,0,0.0,750.0,0.0,0.0
3060,921,[],"[0, 0, 0, 0, 0]",0.0,"[nan, nan, nan, nan, nan]",0,[],[],0,1.8039010361101708e-05,0.800000080753233,120.58327867975646,0.0,1.8039010361101708e-05,525.0,0,0.0,750.0,0.0,0.0
3120,921,[],"[0, 0, 0, 0, 0]",0.0,"[nan, nan, nan, nan, nan]",0,[],[],0,1.862171596009979e-05,0.8000000824486766,120.58327893530911,0.0,1.862171596009979e-05,525.0,0,0.0,750.0,0.0,0.0
3180,921,[],"[0, 0, 0, 0, 0]",0.0,"[nan, nan, nan, nan, nan]",0,[],[],0,1.7154223378153098e-05,0.8000000841988872,120.58327919911676,0.0,1.7154223378153098e-05,525.0,0,0.0,750.0,0.0,0.0
3240,921,[],"[0, 0, 0, 0, 0]",0.0,"[nan, nan, nan, nan, nan]",0,[],[],0,1.779823674448496e-05,0.8000000858111718,120.58327944213492,0.0,1.779823674448496e-05,525.0,0,0.0,750.0,0.0,0.0
3300,921,[],"[0, 0, 0, 0, 0]",0.0,"[nan, nan, nan, nan, nan]",0,[],[],0,1.8208350605730733e-05,0.8000000874839855,120.58327969427661,0.0,1.8208350605730733e-05,525.0,0,0.0,750.0,0.0,0.0
3360,921,[],"[0, 0, 0, 0, 0]",0.0,"[nan, nan, nan, nan, nan]",0,[],[],0,1.6659326803958428e-05,0.800000089195345,120.58327995222825,0.0,1.6659326803958428e-05,525.0,0,0.0,750.0,0.0,0.0
3420,921,[],"[0, 0, 0, 0, 0]",0.0,"[nan, nan, nan, nan, nan]",0,[],[],0,1.72265103389808e-05,0.8000000907611153,120.58328018823538,0.0,1.72265103389808e-05,525.0,0,0.0,750.0,0.0,0.0
3480,921,[],"[0, 0, 0, 0, 0]",0.0,"[nan, nan, nan, nan, nan]",0,[],[],0,1.7538657190265248e-05,0.8000000923801939,120.5832804322776,0.0,1.7538657190265248e-05,525.0,0,0.0,750.0,0.0,0.0
3540,921,[],"[0, 0, 0, 0, 0]",0.0,"[nan, nan, nan, nan, nan]",0,[],[],0,1.786336808644498e-05,0.8000000940286104,120.58328068074191,0.0,1.786336808644498e-05,525.0,0,0.0,750.0,0.0,0.0
3600,921,[],"[0, 0, 0, 0, 0]",0.0,"[nan, nan, nan, nan, nan]",0,[],[],0,1.623256850389398e-05,0.8000000957075457,120.5832809338063,0.0,1.623256850389398e-05,525.0,0,0.0,750.0,0.0,0.0
3660,921,[],"[0, 0, 0, 0, 0]",0.0,"[nan, nan, nan, nan, nan]",0,[],[],0,1.661300002290676e-05,0.8000000972332061,120.58328116376768,0.0,1.661300002290676e-05,525.0,0,0.0,750.0,0.0,0.0
3720,921,[],"[0, 0, 0, 0, 0]",0.0,"[nan, nan, nan, nan, nan]",0,[],[],0,1.7008234375212926e-05,0.8000000987946223,120.58328139911852,0.0,1.7008234375212926e-05,525.0,0,0.0,750.0,0.0,0.0
3780,921,[],"[0, 0, 0, 0, 0]",0.0,"[nan, nan, nan, nan, nan]",0,[],[],0,1.7175575577968412e-05,0.8000001003931857,120.5832816400685,0.0,1.7175575577968412e-05,525.0,0,0.0,750.0,0.0,0.0
3840,921,[],"[0, 0, 0, 0, 0]",0.0,"[nan, nan, nan, nan, nan]",0,[],[],0,1.7526781914029805e-05,0.8000001020074771,120.58328188338916,0.0,1.7526781914029805e-05,525.0,0,0.0,750.0,0.0,0.0
3900,921,[],"[0, 0, 0, 0, 0]",0.0,"[nan, nan, nan, nan, nan]",0,[],[],0,1.7867353228674944e-05,0.8000001036547774,120.58328213168524,0.0,1.7867353228674944e-05,525.0,0,0.0,750.0,0.0,0.0
3960,921,[],"[0, 0, 0, 0, 0]",0.0,"[nan, nan, nan, nan, nan]",0,[],[],0,1.786740073375148e-05,0.8000001053340873,120.58328238480607,0.0,1.786740073375148e-05,525.0,0,0.0,750.0,0.0,0.0
4020,921,[],"[0, 0, 0, 0, 0]",0.0,"[nan, nan, nan, nan, nan]",0,[],[],0,1.8206054074779053e-05,0.8000001070134016,120.58328263792758,0.0,1.8206054074779053e-05,525.0,0,0.0,750.0,0.0,0.0
4080,921,[],"[0, 0, 0, 0, 0]",0.0,"[nan, nan, nan, nan, nan]",0,[],[],0,1.8281044759231806e-05,0.8000001087245451,120.58328289584668,0.0,1.8281044759231806e-05,525.0,0,0.0,750.0,0.0,0.0
4140,921,[],"[0, 0, 0, 0, 0]",0.0,"[nan, nan, nan, nan, nan]",0,[],[],0,1.8162655199006642e-05,0.8000001104427369,120.58328315482815,0.0,1.8162655199006642e-05,525.0,0,0.0,750.0,0.0,0.0
4200,921,[],"[0, 0, 0, 0, 0]",0.0,"[nan, nan, nan, nan, nan]",0,[],[],0,1.822163471279012e-05,0.8000001121498015,120.58328341213243,0.0,1.822163471279012e-05,525.0,0,0.0,750.0,0.0,0.0
4260,921,[],"[0, 0, 0, 0, 0]",0.0,"[nan, nan, nan, nan, nan]",0,[],[],0,1.819614498208608e-05,0.8000001138624094,120.58328367027225,0.0,1.819614498208608e-05,525.0,0,0.0,750.0,0.0,0.0
4320,921,[],"[0, 0, 0, 0, 0]",0.0,"[nan, nan, nan, nan, nan]",0,[],[],0,1.841945227187846e-05,0.8000001155726216,120.58328392805097,0.0,1.841945227187846e-05,525.0,0,0.0,750.0,0.0,0.0
4380,921,[],"[0, 0, 0, 0, 0]",0.0,"[nan, nan, nan, nan, nan]",0,[],[],0,1.8446339679597868e-05,0.800000117303822,120.58328418899322,0.0,1.8446339679597868e-05,525.0,0,0.0,750.0,0.0,0.0
4440,921,[],"[0, 0, 0, 0, 0]",0.0,"[nan, nan, nan, nan, nan]",0,[],[],0,1.8399271615951767e-05,0.8000001190375495,120.58328445031637,0.0,1.8399271615951767e-05,525.0,0,0.0,750.0,0.0,0.0
4500,921,[],"[0, 0, 0, 0, 0]",0.0,"[nan, nan, nan, nan, nan]",0,[],[],0,1.629303789648225e-05,0.8000001207668531,120.58328471097272,0.0,1.629303789648225e-05,525.0,0,0.0,750.0,0.0,0.0
4560,921,[],"[0, 0, 0, 0, 0]",0.0,"[nan, nan, nan, nan, nan]",0,[],[],0,1.5967713800822687e-05,0.8000001222981968,120.58328494179075,0.0,1.5967713800822687e-05,525.0,0,0.0,750.0,0.0,0.0
4620,921,[],"[0, 0, 0, 0, 0]",0.0,"[nan, nan, nan, nan, nan]",0,[],[],0,1.5913961449555527e-05,0.8000001237989641,120.58328516800003,0.0,1.5913961449555527e-05,525.0,0,0.0,750.0,0.0,0.0
4680,921,[],"[0, 0, 0, 0, 0]",0.0,"[nan, nan, nan, nan, nan]",0,[],[],0,1.577167251773911e-05,0.8000001252946793,120.58328539344782,0.0,1.577167251773911e-05,525.0,0,0.0,750.0,0.0,0.0
4740,921,[],"[0, 0, 0, 0, 0]",0.0,"[nan, nan, nan, nan, nan]",0,[],[],0,1.5673673524081116e-05,0.8000001267770213,120.58328561687985,0.0,1.5673673524081116e-05,525.0,0,0.0,750.0,0.0,0.0
4800,921,[],"[0, 0, 0, 0, 0]",0.0,"[nan, nan, nan, nan, nan]",0,[],[],0,1.5372424557353284e-05,0.8000001282501524,120.58328583892356,0.0,1.5372424557353284e-05,525.0,0,0.0,750.0,0.0,0.0
4860,921,[],"[0, 0, 0, 0, 0]",0.0,"[nan, nan, nan, nan, nan]",0,[],[],0,1.5198699427111191e-05,0.8000001296949699,120.58328605669958,0.0,1.5198699427111191e-05,525.0,0,0.0,750.0,0.0,0.0
4920,921,[],"[0, 0, 0, 0, 0]",0.0,"[nan, nan, nan, nan, nan]",0,[],[],0,1.494926867287695e-05,0.8000001311234594,120.58328627201449,0.0,1.494926867287695e-05,525.0,0,0.0,750.0,0.0,0.0
4980,921,[],"[0, 0, 0, 0, 0]",0.0,"[nan, nan, nan, nan, nan]",0,[],[],0,1.477113535057112e-05,0.8000001325285055,120.5832864837958,0.0,1.477113535057112e-05,525.0,0,0.0,750.0,0.0,0.0
5040,921,[],"[0, 0, 0, 0, 0]",0.0,"[nan, nan, nan, nan, nan]",0,[],[],0,1.4444028371394175e-05,0.8000001339168092,120.58328669305355,0.0,1.4444028371394175e-05,525.0,0,0.0,750.0,0.0,0.0
5100,921,[],"[0, 0, 0, 0, 0]",0.0,"[nan, nan, nan, nan, nan]",0,[],[],0,1.428868574326098e-05,0.800000135274369,120.58328689767728,0.0,1.428868574326098e-05,525.0,0,0.0,750.0,0.0,0.0
5160,921,[],"[0, 0, 0, 0, 0]",0.0,"[nan, nan, nan, nan, nan]",0,[],[],0,1.4048329491354682e-05,0.8000001366173285,120.58328710010034,0.0,1.4048329491354682e-05,525.0,0,0.0,750.0,0.0,0.0
5220,921,[],"[0, 0, 0, 0, 0]",0.0,"[nan, nan, nan, nan, nan]",0,[],[],0,1.3841050850435508e-05,0.8000001379376974,120.58328729911834,0.0,1.3841050850435508e-05,525.0,0,0.0,750.0,0.0,0.0
5280,921,[],"[0, 0, 0, 0, 0]",0.0,"[nan, nan, nan, nan, nan]",0,[],[],0,1.3723441128304399e-05,0.8000001392385848,120.5832874951999,0.0,1.3723441128304399e-05,525.0,0,0.0,750.0,0.0,0.0
5340,921,[],"[0, 0, 0, 0, 0]",0.0,"[nan, nan, nan, nan, nan]",0,[],[],0,1.3633968052793388e-05,0.8000001405284183,120.58328768961532,0.0,1.3633968052793388e-05,525.0,0,0.0,750.0,0.0,0.0
5400,921,[],"[0, 0, 0, 0, 0]",0.0,"[nan, nan, nan, nan, nan]",0,[],[],0,1.337696499864213e-05,0.8000001418098424,120.5832878827632,0.0,1.337696499864213e-05,525.0,0,0.0,750.0,0.0,0.0
5460,921,[],"[0, 0, 0, 0, 0]",0.0,"[nan, nan, nan, nan, nan]",0,[],[],0,1.3220643917953479e-05,0.8000001430671114,120.58328807227021,0.0,1.3220643917953479e-05,525.0,0,0.0,750.0,0.0,0.0
5520,921,[],"[0, 0, 0, 0, 0]",0.0,"[nan, nan, nan, nan, nan]",0,[],[],0,1.3133003438489454e-05,0.8000001443096881,120.58328825956266,0.0,1.3133003438489454e-05,525.0,0,0.0,750.0,0.0,0.0
5580,921,[],"[0, 0, 0, 0, 0]",0.0,"[nan, nan, nan, nan, nan]",0,[],[],0,1.3072309452610356e-05,0.8000001455440279,120.58328844561355,0.0,1.3072309452610356e-05,525.0,0,0.0,750.0,0.0,0.0
5640,921,[],"[0, 0, 0, 0, 0]",0.0,"[nan, nan, nan, nan, nan]",0,[],[],0,1.2937027535424726e-05,0.800000146772663,120.5832886308046,0.0,1.2937027535424726e-05,525.0,0,0.0,750.0,0.0,0.0
5700,921,[],"[0, 0, 0, 0, 0]",0.0,"[nan, nan, nan, nan, nan]",0,[],[],0,1.2781499807613752e-05,0.8000001479885833,120.58328881407915,0.0,1.2781499807613752e-05,525.0,0,0.0,750.0,0.0,0.0
5760,921,[],"[0, 0, 0, 0, 0]",0.0,"[nan, nan, nan, nan, nan]",0,[],[],0,1.2650948293263602e-05,0.8000001491898859,120.5832889951504,0.0,1.2650948293263602e-05,525.0,0,0.0,750.0,0.0,0.0
5820,921,[],"[0, 0, 0, 0, 0]",0.0,"[nan, nan, nan, nan, nan]",0,[],[],0,1.2470570515183758e-05,0.8000001503789184,120.58328917437217,0.0,1.2470570515183758e-05,525.0,0,0.0,750.0,0.0,0.0
5880,921,[],"[0, 0, 0, 0, 0]",0.0,"[nan, nan, nan, nan, nan]",0,[],[],0,1.242120181781173e-05,0.8000001515509976,120.58328935103859,0.0,1.242120181781173e-05,525.0,0,0.0,750.0,0.0,0.0
5940,921,[],"[0, 0, 0, 0, 0]",0.0,"[nan, nan, nan, nan, nan]",0,[],[],0,1.2283252953754327e-05,0.8000001527184367,120.58328952700562,0.0,1.2283252953754327e-05,525.0,0,0.0,750.0,0.0,0.0
6000,921,[],"[0, 0, 0, 0, 0]",0.0,"[nan, nan, nan, nan, nan]",0,[],[],0,1.217651356520904e-05,0.8000001538729103,120.58328970101837,0.0,1.217651356520904e-05,525.0,0,0.0,750.0,0.0,0.0
6060,921,[],"[0, 0, 0, 0, 0]",0.0,"[nan, nan, nan, nan, nan]",0,[],[],0,1.2134326479008927e-05,0.8000001550173518,120.58328987351898,0.0,1.2134326479008927e-05,525.0,0,0.0,750.0,0.0,0.0
6120,921,[],"[0, 0, 0, 0, 0]",0.0,"[nan, nan, nan, nan, nan]",0,[],[],0,1.1991387465045611e-05,0.8000001561578282,120.58329004542193,0.0,1.1991387465045611e-05,525.0,0,0.0,750.0,0.0,0.0
6180,921,[],"[0, 0, 0, 0, 0]",0.0,"[nan, nan, nan, nan, nan]",0,[],[],0,1.1915737513407972e-05,0.8000001572848701,120.58329021529993,0.0,1.1915737513407972e-05,525.0,0,0.0,750.0,0.0,0.0
6240,921,[],"[0, 0, 0, 0, 0]",0.0,"[nan, nan, nan, nan, nan]",0,[],[],0,1.1827199507014027e-05,0.8000001584048018,120.5832903841062,0.0,1.1827199507014027e-05,525.0,0,0.0,750.0,0.0,0.0
6300,921,[],"[0, 0, 0, 0, 0]",0.0,"[nan, nan, nan, nan, nan]",0,[],[],0,1.178716215718565e-05,0.8000001595164119,120.5832905516582,0.0,1.178716215718565e-05,525.0,0,0.0,750.0,0.0,0.0
6360,921,[],"[0, 0, 0, 0, 0]",0.0,"[nan, nan, nan, nan, nan]",0,[],[],0,1.1732077695247766e-05,0.8000001606242592,120.58329071864298,0.0,1.1732077695247766e-05,525.0,0,0.0,750.0,0.0,0.0
6420,921,[],"[0, 0, 0, 0, 0]",0.0,"[nan, nan, nan, nan, nan]",0,[],[],0,1.1629587541905056e-05,0.8000001617269291,120.58329088484741,0.0,1.1629587541905056e-05,525.0,0,0.0,750.0,0.0,0.0
6480,921,[],"[0, 0, 0, 0, 0]",0.0,"[nan, nan, nan, nan, nan]",0,[],[],0,1.1573601857568333e-05,0.8000001628199662,120.58329104959991,0.0,1.1573601857568333e-05,525.0,0,0.0,750.0,0.0,0.0
6540,921,[],"[0, 0, 0, 0, 0]",0.0,"[nan, nan, nan, nan, nan]",0,[],[],0,1.1420769541229336e-05,0.8000001639077414,120.58329121355926,0.0,1.1420769541229336e-05,525.0,0,0.0,750.0,0.0,0.0
6600,921,[],"[0, 0, 0, 0, 0]",0.0,"[nan, nan, nan, nan, nan]",0,[],[],0,1.1423175948174225e-05,0.8000001649811523,120.5832913753535,0.0,1.1423175948174225e-05,525.0,0,0.0,750.0,0.0,0.0
6660,921,[],"[0, 0, 0, 0, 0]",0.0,"[nan, nan, nan, nan, nan]",0,[],[],0,1.1372569081178095e-05,0.8000001660547893,120.58329153718182,0.0,1.1372569081178095e-05,525.0,0,0.0,750.0,0.0,0.0
6720,921,[],"[0, 0, 0, 0, 0]",0.0,"[nan, nan, nan, nan, nan]",0,[],[],0,1.125812021895218e-05,0.80000016712367,120.58329169829322,0.0,1.125812021895218e-05,525.0,0,0.0,750.0,0.0,0.0
6780,921,[],"[0, 0, 0, 0, 0]",0.0,"[nan, nan, nan, nan, nan]",0,[],[],0,1.1171250720537102e-05,0.8000001681817939,120.58329185778327,0.0,1.1171250720537102e-05,525.0,0,0.0,750.0,0.0,0.0
6840,921,[],"[0, 0, 0, 0, 0]",0.0,"[nan, nan, nan, nan, nan]",0,[],[],0,1.1041224201661917e-05,0.800000169231753,120.58329201604265,0.0,1.1041224201661917e-05,525.0,0,0.0,750.0,0.0,0.0
6900,921,[],"[0, 0, 0, 0, 0]",0.0,"[nan, nan, nan, nan, nan]",0,[],[],0,1.1062896330155011e-05,0.8000001702694913,120.58329217245999,0.0,1.1062896330155011e-05,525.0,0,0.0,750.0,0.0,0.0
6960,921,[],"[0, 0, 0, 0, 0]",0.0,"[nan, nan, nan, nan, nan]",0,[],[],0,1.0975183620853354e-05,0.8000001713092666,120.58329232918436,0.0,1.0975183620853354e-05,525.0,0,0.0,750.0,0.0,0.0
7020,921,[],"[0, 0, 0, 0, 0]",0.0,"[nan, nan, nan, nan, nan]",0,[],[],0,1.0884755474342157e-05,0.8000001723407979,120.58329248466613,0.0,1.0884755474342157e-05,525.0,0,0.0,750.0,0.0,0.0
7080,921,[],"[0, 0, 0, 0, 0]",0.0,"[nan, nan, nan, nan, nan]",0,[],[],0,1.078354211602131e-05,0.8000001733638301,120.58329263886684,0.0,1.078354211602131e-05,525.0,0,0.0,750.0,0.0,0.0
7140,921,[],"[0, 0, 0, 0, 0]",0.0,"[nan, nan, nan, nan, nan]",0,[],[],0,1.0702334246733737e-05,0.8000001743773495,120.58329279163368,0.0,1.0702334246733737e-05,525.0,0,0.0,750.0,0.0,0.0
7200,921,[],"[0, 0, 0, 0, 0]",0.0,"[nan, nan, nan, nan, nan]",0,[],[],0,1.0664781298199194e-05,0.8000001753832363,120.58329294325009,0.0,1.0664781298199194e-05,525.0,0,0.0,750.0,0.0,0.0
7260,921,[],"[0, 0, 0, 0, 0]",0.0,"[nan, nan, nan, nan, nan]",0,[],[],0,1.0592317913079659e-05,0.8000001763855937,120.5832930943345,0.0,1.0592317913079659e-05,525.0,0,0.0,750.0,0.0,0.0
7320,921,[],"[0, 0, 0, 0, 0]",0.0,"[nan, nan, nan, nan, nan]",0,[],[],0,1.0592041162022624e-05,0.8000001773811404,120.58329324439234,0.0,1.0592041162022624e-05,525.0,0,0.0,750.0,0.0,0.0
7380,921,[],"[0, 0, 0, 0, 0]",0.0,"[nan, nan, nan, nan, nan]",0,[],[],0,1.053498819974361e-05,0.8000001783766612,120.58329339444626,0.0,1.053498819974361e-05,525.0,0,0.0,750.0,0.0,0.0
7440,921,[],"[0, 0, 0, 0, 0]",0.0,"[nan, nan, nan, nan, nan]",0,[],[],0,1.0490535223195519e-05,0.8000001793668194,120.58329354369192,0.0,1.0490535223195519e-05,525.0,0,0.0,750.0,0.0,0.0
7500,921,[],"[0, 0, 0, 0, 0]",0.0,"[nan, nan, nan, nan, nan]",0,[],[],0,1.0514206924258045e-05,0.8000001803527999,120.58329369230783,0.0,1.0514206924258045e-05,525.0,0,0.0,750.0,0.0,0.0
7560,921,[],"[0, 0, 0, 0, 0]",0.0,"[nan, nan, nan, nan, nan]",0,[],[],0,1.0430845962665103e-05,0.8000001813410049,120.58329384125909,0.0,1.0430845962665103e-05,525.0,0,0.0,750.0,0.0,0.0
7620,921,[],"[0, 0, 0, 0, 0]",0.0,"[nan, nan, nan, nan, nan]",0,[],[],0,1.0333619685928139e-05,0.8000001823213753,120.58329398902941,0.0,1.0333619685928139e-05,525.0,0,0.0,750.0,0.0,0.0
7680,921,[],"[0, 0, 0, 0, 0]",0.0,"[nan, nan, nan, nan, nan]",0,[],[],0,1.0281145792849702e-05,0.8000001832926076,120.58329413542236,0.0,1.0281145792849702e-05,525.0,0,0.0,750.0,0.0,0.0
7740,921,[],"[0, 0, 0, 0, 0]",0.0,"[nan, nan, nan, nan, nan]",0,[],[],0,1.0196677156812069e-05,0.800000184258908,120.58329428107193,0.0,1.0196677156812069e-05,525.0,0,0.0,750.0,0.0,0.0
7800,921,[],"[0, 0, 0, 0, 0]",0.0,"[nan, nan, nan, nan, nan]",0,[],[],0,1.0103846423932125e-05,0.8000001852172692,120.58329442552485,0.0,1.0103846423932125e-05,525.0,0,0.0,750.0,0.0,0.0
7860,921,[],"[0, 0, 0, 0, 0]",0.0,"[nan, nan, nan, nan, nan]",0,[],[],0,1.0067437461073226e-05,0.8000001861669057,120.58329456866268,0.0,1.0067437461073226e-05,525.0,0,0.0,750.0,0.0,0.0
7920,921,[],"[0, 0, 0, 0, 0]",0.0,"[nan, nan, nan, nan, nan]",0,[],[],0,1.0016095551366407e-05,0.80000018711312,120.58329471128471,0.0,1.0016095551366407e-05,525.0,0,0.0,750.0,0.0,0.0
7980,921,[],"[0, 0, 0, 0, 0]",0.0,"[nan, nan, nan, nan, nan]",0,[],[],0,9.969900160385703e-06,0.800000188054509,120.5832948531794,0.0,9.969900160385703e-06,525.0,0,0.0,750.0,0.0,0.0
8040,921,[],"[0, 0, 0, 0, 0]",0.0,"[nan, nan, nan, nan, nan]",0,[],[],0,9.902660615051023e-06,0.8000001889915561,120.58329499441965,0.0,9.902660615051023e-06,525.0,0,0.0,750.0,0.0,0.0
8100,921,[],"[0, 0, 0, 0, 0]",0.0,"[nan, nan, nan, nan, nan]",0,[],[],0,9.874469254466397e-06,0.8000001899222835,120.58329513470734,0.0,9.874469254466397e-06,525.0,0,0.0,750.0,0.0,0.0
8160,921,[],"[0, 0, 0, 0, 0]",0.0,"[nan, nan, nan, nan, nan]",0,[],[],0,9.828992696941447e-06,0.8000001908503613,120.58329527459566,0.0,9.828992696941447e-06,525.0,0,0.0,750.0,0.0,0.0
8220,921,[],"[0, 0, 0, 0, 0]",0.0,"[nan, nan, nan, nan, nan]",0,[],[],0,9.8400370660783e-06,0.8000001917741649,120.58329541383972,0.0,9.8400370660783e-06,525.0,0,0.0,750.0,0.0,0.0
8280,921,[],"[0, 0, 0, 0, 0]",0.0,"[nan, nan, nan, nan, nan]",0,[],[],0,9.7528810275985e-06,0.8000001926990065,120.58329555324025,0.0,9.7528810275985e-06,525.0,0,0.0,750.0,0.0,0.0
8340,921,[],"[0, 0, 0, 0, 0]",0.0,"[nan, nan, nan, nan, nan]",0,[],[],0,9.684125007532806e-06,0.8000001936156566,120.58329569140606,0.0,9.684125007532806e-06,525.0,0,0.0,750.0,0.0,0.0
8400,921,[],"[0, 0, 0, 0, 0]",0.0,"[nan, nan, nan, nan, nan]",0,[],[],0,9.626957742476917e-06,0.8000001945258444,120.58329582859784,0.0,9.626957742476917e-06,525.0,0,0.0,750.0,0.0,0.0
8460,921,[],"[0, 0, 0, 0, 0]",0.0,"[nan, nan, nan, nan, nan]",0,[],[],0,9.623030368045585e-06,0.8000001954306591,120.58329596497974,0.0,9.623030368045585e-06,525.0,0,0.0,750.0,0.0,0.0
8520,921,[],"[0, 0, 0, 0, 0]",0.0,"[nan, nan, nan, nan, nan]",0,[],[],0,9.61435522105011e-06,0.8000001963351048,120.583296101306,0.0,9.61435522105011e-06,525.0,0,0.0,750.0,0.0,0.0
8580,921,[],"[0, 0, 0, 0, 0]",0.0,"[nan, nan, nan, nan, nan]",0,[],[],0,9.52573704390601e-06,0.8000001972387351,120.58329623750937,0.0,9.52573704390601e-06,525.0,0,0.0,750.0,0.0,0.0
8640,921,[],"[0, 0, 0, 0, 0]",0.0,"[nan, nan, nan, nan, nan]",0,[],[],0,9.4794645213112e-06,0.8000001981340363,120.58329637245731,0.0,9.4794645213112e-06,525.0,0,0.0,750.0,0.0,0.0
8700,921,[],"[0, 0, 0, 0, 0]",0.0,"[nan, nan, nan, nan, nan]",0,[],[],0,9.449693579936477e-06,0.8000001990249886,120.58329650674973,0.0,9.449693579936477e-06,525.0,0,0.0,750.0,0.0,0.0
8760,921,[],"[0, 0, 0, 0, 0]",0.0,"[nan, nan, nan, nan, nan]",0,[],[],0,9.35951073308739e-06,0.8000001999131428,120.58329664062039,0.0,9.35951073308739e-06,525.0,0,0.0,750.0,0.0,0.0
8820,921,[],"[0, 0, 0, 0, 0]",0.0,"[nan, nan, nan, nan, nan]",0,[],[],0,9.29474004278809e-06,0.8000002007928209,120.58329677321346,0.0,9.29474004278809e-06,525.0,0,0.0,750.0,0.0,0.0
8880,921,[],"[0, 0, 0, 0, 0]",0.0,"[nan, nan, nan, nan, nan]",0,[],[],0,9.225727936333011e-06,0.8000002016664112,120.58329690488894,0.0,9.225727936333011e-06,525.0,0,0.0,750.0,0.0,0.0
8940,921,[],"[0, 0, 0, 0, 0]",0.0,"[nan, nan, nan, nan, nan]",0,[],[],0,9.245520515887786e-06,0.8000002025335153,120.58329703558675,0.0,9.245520515887786e-06,525.0,0,0.0,750.0,0.0,0.0
9000,921,[],"[0, 0, 0, 0, 0]",0.0,"[nan, nan, nan, nan, nan]",0,[],[],0,9.174497188230618e-06,0.8000002034024798,120.58329716656496,0.0,9.174497188230618e-06,525.0,0,0.0,750.0,0.0,0.0
9060,921,[],"[0, 0, 0, 0, 0]",0.0,"[nan, nan, nan, nan, nan]",0,[],[],0,9.108021472075154e-06,0.8000002042647688,120.583297296537,0.0,9.108021472075154e-06,525.0,0,0.0,750.0,0.0,0.0
9120,921,[],"[0, 0, 0, 0, 0]",0.0,"[nan, nan, nan, nan, nan]",0,[],[],0,9.10672229958581e-06,0.8000002051208099,120.5832974255673,0.0,9.10672229958581e-06,525.0,0,0.0,750.0,0.0,0.0
9180,921,[],"[0, 0, 0, 0, 0]",0.0,"[nan, nan, nan, nan, nan]",0,[],[],0,9.063017226187678e-06,0.800000205976729,120.58329755457919,0.0,9.063017226187678e-06,525.0,0,0.0,750.0,0.0,0.0
9240,921,[],"[0, 0, 0, 0, 0]",0.0,"[nan, nan, nan, nan, nan]",0,[],[],0,8.9708567386402e-06,0.8000002068285403,120.58329768297193,0.0,8.9708567386402e-06,525.0,0,0.0,750.0,0.0,0.0
9300,921,[],"[0, 0, 0, 0, 0]",0.0,"[nan, nan, nan, nan, nan]",0,[],[],0,8.937105638509602e-06,0.8000002076716898,120.58329781005907,0.0,8.937105638509602e-06,525.0,0,0.0,750.0,0.0,0.0
9360,921,[],"[0, 0, 0, 0, 0]",0.0,"[nan, nan, nan, nan, nan]",0,[],[],0,8.899605360276466e-06,0.800000208511667,120.58329793666806,0.0,8.899605360276466e-06,525.0,0,0.0,750.0,0.0,0.0
9420,921,[],"[0, 0, 0, 0, 0]",0.0,"[nan, nan, nan, nan, nan]",0,[],[],0,8.852847928523066e-06,0.8000002093481196,120.5832980627458,0.0,8.852847928523066e-06,525.0,0,0.0,750.0,0.0,0.0
9480,921,[],"[0, 0, 0, 0, 0]",0.0,"[nan, nan, nan, nan, nan]",0,[],[],0,8.82747166068354e-06,0.8000002101801775,120.58329818816114,0.0,8.82747166068354e-06,525.0,0,0.0,750.0,0.0,0.0
9540,921,[],"[0, 0, 0, 0, 0]",0.0,"[nan, nan, nan, nan, nan]",0,[],[],0,8.807295381480374e-06,0.8000002110098505,120.58329831321699,0.0,8.807295381480374e-06,525.0,0,0.0,750.0,0.0,0.0
9600,921,[],"[0, 0, 0, 0, 0]",0.0,"[nan, nan, nan, nan, nan]",0,[],[],0,8.81524542620295e-06,0.8000002118376272,120.583298437987,0.0,8.81524542620295e-06,525.0,0,0.0,750.0,0.0,0.0
9660,921,[],"[0, 0, 0, 0, 0]",0.0,"[nan, nan, nan, nan, nan]",0,[],[],0,8.778046470953006e-06,0.8000002126661511,120.58329856286964,0.0,8.778046470953006e-06,525.0,0,0.0,750.0,0.0,0.0
9720,921,[],"[0, 0, 0, 0, 0]",0.0,"[nan, nan, nan, nan, nan]",0,[],[],0,8.662577669843193e-06,0.8000002134911788,120.58329868722531,0.0,8.662577669843193e-06,525.0,0,0.0,750.0,0.0,0.0
9780,921,[],"[0, 0, 0, 0, 0]",0.0,"[nan, nan, nan, nan, nan]",0,[],[],0,8.63950696178628e-06,0.8000002143053537,120.58329880994516,0.0,8.63950696178628e-06,525.0,0,0.0,750.0,0.0,0.0
9840,921,[],"[0, 0, 0, 0, 0]",0.0,"[nan, nan, nan, nan, nan]",0,[],[],0,8.607768775715641e-06,0.8000002151173604,120.58329893233818,0.0,8.607768775715641e-06,525.0,0,0.0,750.0,0.0,0.0
9900,921,[],"[0, 0, 0, 0, 0]",0.0,"[nan, nan, nan, nan, nan]",0,[],[],0,8.592782247364885e-06,0.800000215926384,120.58329905428157,0.0,8.592782247364885e-06,525.0,0,0.0,750.0,0.0,0.0
9960,921,[],"[0, 0, 0, 0, 0]",0.0,"[nan, nan, nan, nan, nan]",0,[],[],0,8.541018181111329e-06,0.8000002167339991,120.58329917601264,0.0,8.541018181111329e-06,525.0,0,0.0,750.0,0.0,0.0
10020,921,[],"[0, 0, 0, 0, 0]",0.0,"[nan, nan, nan, nan, nan]",0,[],[],0,8.479790431406542e-06,0.800000217536749,120.5832992970104,0.0,8.479790431406542e-06,525.0,0,0.0,750.0,0.0,0.0
10080,921,[],"[0, 0, 0, 0, 0]",0.0,"[nan, nan, nan, nan, nan]",0,[],[],0,8.484428771524559e-06,0.8000002183337442,120.58329941714076,0.0,8.484428771524559e-06,525.0,0,0.0,750.0,0.0,0.0
10140,921,[],"[0, 0, 0, 0, 0]",0.0,"[nan, nan, nan, nan, nan]",0,[],[],0,8.447230245350753e-06,0.8000002191311755,120.58329953733684,0.0,8.447230245350753e-06,525.0,0,0.0,750.0,0.0,0.0
10200,921,[],"[0, 0, 0, 0, 0]",0.0,"[nan, nan, nan, nan, nan]",0,[],[],0,8.39705923534094e-06,0.8000002199251105,120.58329965700594,0.0,8.39705923534094e-06,525.0,0,0.0,750.0,0.0,0.0
10260,921,[],"[0, 0, 0, 0, 0]",0.0,"[nan, nan, nan, nan, nan]",0,[],[],0,8.329964916456714e-06,0.8000002207143301,120.58329977596428,0.0,8.329964916456714e-06,525.0,0,0.0,750.0,0.0,0.0
10320,921,[],"[0, 0, 0, 0, 0]",0.0,"[nan, nan, nan, nan, nan]",0,[],[],0,8.299014822581574e-06,0.8000002214972435,120.58329989397211,0.0,8.299014822581574e-06,525.0,0,0.0,750.0,0.0,0.0
10380,921,[],"[0, 0, 0, 0, 0]",0.0,"[nan, nan, nan, nan, nan]",0,[],[],0,8.246130587644766e-06,0.8000002222772481,120.58330001154148,0.0,8.246130587644766e-06,525.0,0,0.0,750.0,0.0,0.0
10440,921,[],"[0, 0, 0, 0, 0]",0.0,"[nan, nan, nan, nan, nan]",0,[],[],0,8.236817209494531e-06,0.8000002230522822,120.58330012836167,0.0,8.236817209494531e-06,525.0,0,0.0,750.0,0.0,0.0
10500,921,[],"[0, 0, 0, 0, 0]",0.0,"[nan, nan, nan, nan, nan]",0,[],[],0,8.234122819074212e-06,0.800000223826441,120.58330024504991,0.0,8.234122819074212e-06,525.0,0,0.0,750.0,0.0,0.0
10560,921,[],"[0, 0, 0, 0, 0]",0.0,"[nan, nan, nan, nan, nan]",0,[],[],0,8.163227623995793e-06,0.8000002246003466,120.58330036169998,0.0,8.163227623995793e-06,525.0,0,0.0,750.0,0.0,0.0
10620,921,[],"[0, 0, 0, 0, 0]",0.0,"[nan, nan, nan, nan, nan]",0,[],[],0,8.100194833056363e-06,0.8000002253675887,120.5833004773457,0.0,8.100194833056363e-06,525.0,0,0.0,750.0,0.0,0.0
10680,921,[],"[0, 0, 0, 0, 0]",0.0,"[nan, nan, nan, nan, nan]",0,[],[],0,8.107213422168105e-06,0.8000002261289068,120.58330059209847,0.0,8.107213422168105e-06,525.0,0,0.0,750.0,0.0,0.0
10740,921,[],"[0, 0, 0, 0, 0]",0.0,"[nan, nan, nan, nan, nan]",0,[],[],0,8.054798056531198e-06,0.8000002268908843,120.58330070695065,0.0,8.054798056531198e-06,525.0,0,0.0,750.0,0.0,0.0
10800,921,[],"[0, 0, 0, 0, 0]",0.0,"[nan, nan, nan, nan, nan]",0,[],[],0,8.054300701837131e-06,0.8000002276479357,120.58330082106029,0.0,8.054300701837131e-06,525.0,0,0.0,750.0,0.0,0.0
10860,921,[],"[0, 0, 0, 0, 0]",0.0,"[nan, nan, nan, nan, nan]",0,[],[],0,7.985866496386975e-06,0.8000002284049401,120.58330093516288,0.0,7.985866496386975e-06,525.0,0,0.0,750.0,0.0,0.0
10920,921,[],"[0, 0, 0, 0, 0]",0.0,"[nan, nan, nan, nan, nan]",0,[],[],0,7.941240195435298e-06,0.8000002291555126,120.583301048296,0.0,7.941240195435298e-06,525.0,0,0.0,750.0,0.0,0.0
10980,921,[],"[0, 0, 0, 0, 0]",0.0,"[nan, nan, nan, nan, nan]",0,[],[],0,7.93144302444228e-06,0.8000002299018908,120.58330116079689,0.0,7.93144302444228e-06,525.0,0,0.0,750.0,0.0,0.0
11040,921,[],"[0, 0, 0, 0, 0]",0.0,"[nan, nan, nan, nan, nan]",0,[],[],0,7.927753613866404e-06,0.8000002306473483,120.58330127315901,0.0,7.927753613866404e-06,525.0,0,0.0,750.0,0.0,0.0
11100,921,[],"[0, 0, 0, 0, 0]",0.0,"[nan, nan, nan, nan, nan]",0,[],[],0,7.867521330355092e-06,0.8000002313924589,120.58330138546886,0.0,7.867521330355092e-06,525.0,0,0.0,750.0,0.0,0.0
11160,921,[],"[0, 0, 0, 0, 0]",0.0,"[nan, nan, nan, nan, nan]",0,[],[],0,7.840234444234687e-06,0.8000002321319085,120.58330149692542,0.0,7.840234444234687e-06,525.0,0,0.0,750.0,0.0,0.0
11220,921,[],"[0, 0, 0, 0, 0]",0.0,"[nan, nan, nan, nan, nan]",0,[],[],0,7.79998540560798e-06,0.8000002328687935,120.58330160799541,0.0,7.79998540560798e-06,525.0,0,0.0,750.0,0.0,0.0
11280,921,[],"[0, 0, 0, 0, 0]",0.0,"[nan, nan, nan, nan, nan]",0,[],[],0,7.810535259387552e-06,0.8000002336018955,120.5833017184952,0.0,7.810535259387552e-06,525.0,0,0.0,750.0,0.0,0.0
11340,921,[],"[0, 0, 0, 0, 0]",0.0,"[nan, nan, nan, nan, nan]",0,[],[],0,7.757257547508194e-06,0.8000002343359891,120.58330182914446,0.0,7.757257547508194e-06,525.0,0,0.0,750.0,0.0,0.0
11400,921,[],"[0, 0, 0, 0, 0]",0.0,"[nan, nan, nan, nan, nan]",0,[],[],0,7.733699971483935e-06,0.8000002350650752,120.58330193903895,0.0,7.733699971483935e-06,525.0,0,0.0,750.0,0.0,0.0
11460,921,[],"[0, 0, 0, 0, 0]",0.0,"[nan, nan, nan, nan, nan]",0,[],[],0,7.714854933532486e-06,0.8000002357919472,120.58330204859969,0.0,7.714854933532486e-06,525.0,0,0.0,750.0,0.0,0.0
11520,921,[],"[0, 0, 0, 0, 0]",0.0,"[nan, nan, nan, nan, nan]",0,[],[],0,7.713599428109221e-06,0.800000236517048,120.58330215789347,0.0,7.713599428109221e-06,525.0,0,0.0,750.0,0.0,0.0
11580,921,[],"[0, 0, 0, 0, 0]",0.0,"[nan, nan, nan, nan, nan]",0,[],[],0,7.701313986239511e-06,0.8000002372420307,120.58330226716946,0.0,7.701313986239511e-06,525.0,0,0.0,750.0,0.0,0.0
11640,921,[],"[0, 0, 0, 0, 0]",0.0,"[nan, nan, nan, nan, nan]",0,[],[],0,7.684789177765739e-06,0.8000002379658588,120.5833023762714,0.0,7.684789177765739e-06,525.0,0,0.0,750.0,0.0,0.0
11700,921,[],"[0, 0, 0, 0, 0]",0.0,"[nan, nan, nan, nan, nan]",0,[],[],0,7.592680391873199e-06,0.8000002386881339,120.58330248513926,0.0,7.592680391873199e-06,525.0,0,0.0,750.0,0.0,0.0
11760,921,[],"[0, 0, 0, 0, 0]",0.0,"[nan, nan, nan, nan, nan]",0,[],[],0,7.5447413780766395e-06,0.8000002394017518,120.58330259270222,0.0,7.5447413780766395e-06,525.0,0,0.0,750.0,0.0,0.0
11820,921,[],"[0, 0, 0, 0, 0]",0.0,"[nan, nan, nan, nan, nan]",0,[],[],0,7.539209700627209e-06,0.800000240110864,120.58330269958606,0.0,7.539209700627209e-06,525.0,0,0.0,750.0,0.0,0.0
11880,921,[],"[0, 0, 0, 0, 0]",0.0,"[nan, nan, nan, nan, nan]",0,[],[],0,7.520237806391367e-06,0.8000002408194563,120.58330280639153,0.0,7.520237806391367e-06,525.0,0,0.0,750.0,0.0,0.0
11940,921,[],"[0, 0, 0, 0, 0]",0.0,"[nan, nan, nan, nan, nan]",0,[],[],0,7.4806374653984865e-06,0.8000002415262655,120.58330291292823,0.0,7.4806374653984865e-06,525.0,0,0.0,750.0,0.0,0.0
12000,921,[],"[0, 0, 0, 0, 0]",0.0,"[nan, nan, nan, nan, nan]",0,[],[],0,7.424077305506677e-06,0.8000002422293528,120.58330301890393,0.0,7.424077305506677e-06,525.0,0,0.0,750.0,0.0,0.0
12060,921,[],"[0, 0, 0, 0, 0]",0.0,"[nan, nan, nan, nan, nan]",0,[],[],0,7.4008083361999465e-06,0.800000242927124,120.58330312407836,0.0,7.4008083361999465e-06,525.0,0,0.0,750.0,0.0,0.0
12120,921,[],"[0, 0, 0, 0, 0]",0.0,"[nan, nan, nan, nan, nan]",0,[],[],0,7.359571977001191e-06,0.8000002436227084,120.58330322892314,0.0,7.359571977001191e-06,525.0,0,0.0,750.0,0.0,0.0
12180,921,[],"[0, 0, 0, 0, 0]",0.0,"[nan, nan, nan, nan, nan]",0,[],[],0,7.361866553461445e-06,0.800000244314417,120.58330333318375,0.0,7.361866553461445e-06,525.0,0,0.0,750.0,0.0,0.0
12240,921,[],"[0, 0, 0, 0, 0]",0.0,"[nan, nan, nan, nan, nan]",0,[],[],0,7.3102449210571905e-06,0.8000002450063413,120.58330343747686,0.0,7.3102449210571905e-06,525.0,0,0.0,750.0,0.0,0.0
12300,921,[],"[0, 0, 0, 0, 0]",0.0,"[nan, nan, nan, nan, nan]",0,[],[],0,7.268202614429946e-06,0.8000002456934138,120.58330354103866,0.0,7.268202614429946e-06,525.0,0,0.0,750.0,0.0,0.0
12360,921,[],"[0, 0, 0, 0, 0]",0.0,"[nan, nan, nan, nan, nan]",0,[],[],0,7.271251280846072e-06,0.8000002463765347,120.58330364400486,0.0,7.271251280846072e-06,525.0,0,0.0,750.0,0.0,0.0
12420,921,[],"[0, 0, 0, 0, 0]",0.0,"[nan, nan, nan, nan, nan]",0,[],[],0,7.255625039361269e-06,0.8000002470599422,120.58330374701426,0.0,7.255625039361269e-06,525.0,0,0.0,750.0,0.0,0.0
12480,921,[],"[0, 0, 0, 0, 0]",0.0,"[nan, nan, nan, nan, nan]",0,[],[],0,7.210698612434151e-06,0.8000002477418812,120.58330384980228,0.0,7.210698612434151e-06,525.0,0,0.0,750.0,0.0,0.0
12540,921,[],"[0, 0, 0, 0, 0]",0.0,"[nan, nan, nan, nan, nan]",0,[],[],0,7.214514636471881e-06,0.8000002484195975,120.58330395195384,0.0,7.214514636471881e-06,525.0,0,0.0,750.0,0.0,0.0
12600,921,[],"[0, 0, 0, 0, 0]",0.0,"[nan, nan, nan, nan, nan]",0,[],[],0,7.1827446642954435e-06,0.8000002490976724,120.58330405415946,0.0,7.1827446642954435e-06,525.0,0,0.0,750.0,0.0,0.0
12660,921,[],"[0, 0, 0, 0, 0]",0.0,"[nan, nan, nan, nan, nan]",0,[],[],0,7.164668379309379e-06,0.8000002497727614,120.583304155915,0.0,7.164668379309379e-06,525.0,0,0.0,750.0,0.0,0.0
12720,921,[],"[0, 0, 0, 0, 0]",0.0,"[nan, nan, nan, nan, nan]",0,[],[],0,7.094772968415125e-06,0.8000002504461515,120.58330425741447,0.0,7.094772968415125e-06,525.0,0,0.0,750.0,0.0,0.0
12780,921,[],"[0, 0, 0, 0, 0]",0.0,"[nan, nan, nan, nan, nan]",0,[],[],0,7.085153844789028e-06,0.8000002511129722,120.58330435792375,0.0,7.085153844789028e-06,525.0,0,0.0,750.0,0.0,0.0
12840,921,[],"[0, 0, 0, 0, 0]",0.0,"[nan, nan, nan, nan, nan]",0,[],[],0,7.0691791976933336e-06,0.800000251778889,120.58330445829677,0.0,7.0691791976933336e-06,525.0,0,0.0,750.0,0.0,0.0
12900,921,[],"[0, 0, 0, 0, 0]",0.0,"[nan, nan, nan, nan, nan]",0,[],[],0,7.069791665988453e-06,0.8000002524433043,120.58330455844347,0.0,7.069791665988453e-06,525.0,0,0.0,750.0,0.0,0.0
12960,921,[],"[0, 0, 0, 0, 0]",0.0,"[nan, nan, nan, nan, nan]",0,[],[],0,7.03960473215437e-06,0.800000253107777,120.58330465859885,0.0,7.03960473215437e-06,525.0,0,0.0,750.0,0.0,0.0
13020,921,[],"[0, 0, 0, 0, 0]",0.0,"[nan, nan, nan, nan, nan]",0,[],[],0,7.021113034524527e-06,0.8000002537694126,120.58330475832658,0.0,7.021113034524527e-06,525.0,0,0.0,750.0,0.0,0.0
13080,921,[],"[0, 0, 0, 0, 0]",0.0,"[nan, nan, nan, nan, nan]",0,[],[],0,6.957122976657347e-06,0.8000002544293103,120.58330485779234,0.0,6.957122976657347e-06,525.0,0,0.0,750.0,0.0,0.0
13140,921,[],"[0, 0, 0, 0, 0]",0.0,"[nan, nan, nan, nan, nan]",0,[],[],0,7.0116701877428975e-06,0.8000002550831937,120.58330495635158,0.0,7.0116701877428975e-06,525.0,0,0.0,750.0,0.0,0.0
13200,921,[],"[0, 0, 0, 0, 0]",0.0,"[nan, nan, nan, nan, nan]",0,[],[],0,6.9811531413062654e-06,0.8000002557422038,120.58330505568358,0.0,6.9811531413062654e-06,525.0,0,0.0,750.0,0.0,0.0
13260,921,[],"[0, 0, 0, 0, 0]",0.0,"[nan, nan, nan, nan, nan]",0,[],[],0,6.935247148892781e-06,0.8000002563983458,120.58330515458326,0.0,6.935247148892781e-06,525.0,0,0.0,750.0,0.0,0.0
13320,921,[],"[0, 0, 0, 0, 0]",0.0,"[nan, nan, nan, nan, nan]",0,[],[],0,6.945355413673224e-06,0.8000002570501731,120.58330525283259,0.0,6.945355413673224e-06,525.0,0,0.0,750.0,0.0,0.0
13380,921,[],"[0, 0, 0, 0, 0]",0.0,"[nan, nan, nan, nan, nan]",0,[],[],0,6.907572827233811e-06,0.8000002577029505,120.58330535122512,0.0,6.907572827233811e-06,525.0,0,0.0,750.0,0.0,0.0
13440,921,[],"[0, 0, 0, 0, 0]",0.0,"[nan, nan, nan, nan, nan]",0,[],[],0,6.8701957943545295e-06,0.8000002583521767,120.5833054490824,0.0,6.8701957943545295e-06,525.0,0,0.0,750.0,0.0,0.0
13500,921,[],"[0, 0, 0, 0, 0]",0.0,"[nan, nan, nan, nan, nan]",0,[],[],0,6.843278865194533e-06,0.80000025899789,120.58330554641017,0.0,6.843278865194533e-06,525.0,0,0.0,750.0,0.0,0.0
13560,921,[],"[0, 0, 0, 0, 0]",0.0,"[nan, nan, nan, nan, nan]",0,[],[],0,6.819598192965182e-06,0.8000002596410735,120.58330564335662,0.0,6.819598192965182e-06,525.0,0,0.0,750.0,0.0,0.0
13620,921,[],"[0, 0, 0, 0, 0]",0.0,"[nan, nan, nan, nan, nan]",0,[],[],0,6.830117690521959e-06,0.8000002602820312,120.5833057399676,0.0,6.830117690521959e-06,525.0,0,0.0,750.0,0.0,0.0
13680,921,[],"[0, 0, 0, 0, 0]",0.0,"[nan, nan, nan, nan, nan]",0,[],[],0,6.784101207935383e-06,0.8000002609239777,120.5833058367276,0.0,6.784101207935383e-06,525.0,0,0.0,750.0,0.0,0.0
13740,921,[],"[0, 0, 0, 0, 0]",0.0,"[nan, nan, nan, nan, nan]",0,[],[],0,6.775831638384716e-06,0.8000002615615991,120.5833059328357,0.0,6.775831638384716e-06,525.0,0,0.0,750.0,0.0,0.0
13800,921,[],"[0, 0, 0, 0, 0]",0.0,"[nan, nan, nan, nan, nan]",0,[],[],0,6.725196449371991e-06,0.8000002621984433,120.58330602882664,0.0,6.725196449371991e-06,525.0,0,0.0,750.0,0.0,0.0
13860,921,[],"[0, 0, 0, 0, 0]",0.0,"[nan, nan, nan, nan, nan]",0,[],[],0,6.71027223785604e-06,0.8000002628305285,120.58330612410026,0.0,6.71027223785604e-06,525.0,0,0.0,750.0,0.0,0.0
13920,921,[],"[0, 0, 0, 0, 0]",0.0,"[nan, nan, nan, nan, nan]",0,[],[],0,6.690069699173106e-06,0.800000263461211,120.58330621916245,0.0,6.690069699173106e-06,525.0,0,0.0,750.0,0.0,0.0
13980,921,[],"[0, 0, 0, 0, 0]",0.0,"[nan, nan, nan, nan, nan]",0,[],[],0,6.648280066266e-06,0.8000002640899947,120.58330631393844,0.0,6.648280066266e-06,525.0,0,0.0,750.0,0.0,0.0
14040,921,[],"[0, 0, 0, 0, 0]",0.0,"[nan, nan, nan, nan, nan]",0,[],[],0,6.612846032790812e-06,0.8000002647148506,120.58330640812241,0.0,6.612846032790812e-06,525.0,0,0.0,750.0,0.0,0.0
14100,921,[],"[0, 0, 0, 0, 0]",0.0,"[nan, nan, nan, nan, nan]",0,[],[],0,6.590159321236368e-06,0.8000002653363764,120.5833065018044,0.0,6.590159321236368e-06,525.0,0,0.0,750.0,0.0,0.0
14160,921,[],"[0, 0, 0, 0, 0]",0.0,"[nan, nan, nan, nan, nan]",0,[],[],0,6.5496487915707e-06,0.8000002659557697,120.583306595165,0.0,6.5496487915707e-06,525.0,0,0.0,750.0,0.0,0.0
14220,921,[],"[0, 0, 0, 0, 0]",0.0,"[nan, nan, nan, nan, nan]",0,[],[],0,6.546345311598093e-06,0.8000002665713556,120.58330668795169,0.0,6.546345311598093e-06,525.0,0,0.0,750.0,0.0,0.0
14280,921,[],"[0, 0, 0, 0, 0]",0.0,"[nan, nan, nan, nan, nan]",0,[],[],0,6.497976627144931e-06,0.800000267186631,120.58330678069159,0.0,6.497976627144931e-06,525.0,0,0.0,750.0,0.0,0.0
14340,921,[],"[0, 0, 0, 0, 0]",0.0,"[nan, nan, nan, nan, nan]",0,[],[],0,6.476611321527245e-06,0.8000002677973602,120.58330687274625,0.0,6.476611321527245e-06,525.0,0,0.0,750.0,0.0,0.0
14400,921,[],"[0, 0, 0, 0, 0]",0.0,"[nan, nan, nan, nan, nan]",0,[],[],0,6.486893072669105e-06,0.8000002684060815,120.58330696449825,0.0,6.486893072669105e-06,525.0,0,0.0,750.0,0.0,0.0
14460,921,[],"[0, 0, 0, 0, 0]",0.0,"[nan, nan, nan, nan, nan]",0,[],[],0,6.47819070284949e-06,0.800000269015769,120.5833070563959,0.0,6.47819070284949e-06,525.0,0,0.0,750.0,0.0,0.0
14520,921,[],"[0, 0, 0, 0, 0]",0.0,"[nan, nan, nan, nan, nan]",0,[],[],0,6.432953090193163e-06,0.8000002696246388,120.58330714817026,0.0,6.432953090193163e-06,525.0,0,0.0,750.0,0.0,0.0
14580,921,[],"[0, 0, 0, 0, 0]",0.0,"[nan, nan, nan, nan, nan]",0,[],[],0,6.423084724725847e-06,0.8000002702292566,120.58330723930376,0.0,6.423084724725847e-06,525.0,0,0.0,750.0,0.0,0.0
14640,921,[],"[0, 0, 0, 0, 0]",0.0,"[nan, nan, nan, nan, nan]",0,[],[],0,6.420780647461108e-06,0.800000270832947,120.58330733029746,0.0,6.420780647461108e-06,525.0,0,0.0,750.0,0.0,0.0
14700,921,[],"[0, 0, 0, 0, 0]",0.0,"[nan, nan, nan, nan, nan]",0,[],[],0,6.4155883638550275e-06,0.8000002714364208,120.58330742125852,0.0,6.4155883638550275e-06,525.0,0,0.0,750.0,0.0,0.0
14760,921,[],"[0, 0, 0, 0, 0]",0.0,"[nan, nan, nan, nan, nan]",0,[],[],0,6.358526394871426e-06,0.8000002720394067,120.58330751214602,0.0,6.358526394871426e-06,525.0,0,0.0,750.0,0.0,0.0
14820,921,[],"[0, 0, 0, 0, 0]",0.0,"[nan, nan, nan, nan, nan]",0,[],[],0,6.337094900267689e-06,0.8000002726370294,120.58330760222515,0.0,6.337094900267689e-06,525.0,0,0.0,750.0,0.0,0.0
14880,921,[],"[0, 0, 0, 0, 0]",0.0,"[nan, nan, nan, nan, nan]",0,[],[],0,6.353865877544906e-06,0.8000002732326378,120.58330769200066,0.0,6.353865877544906e-06,525.0,0,0.0,750.0,0.0,0.0
14940,921,[],"[0, 0, 0, 0, 0]",0.0,"[nan, nan, nan, nan, nan]",0,[],[],0,6.313047348146797e-06,0.8000002738298225,120.58330778201376,0.0,6.313047348146797e-06,525.0,0,0.0,750.0,0.0,0.0
15000,921,[],"[0, 0, 0, 0, 0]",0.0,"[nan, nan, nan, nan, nan]",0,[],[],0,6.301501825512199e-06,0.8000002744231708,120.5833078714486,0.0,6.301501825512199e-06,525.0,0,0.0,750.0,0.0,0.0
15060,921,[],"[0, 0, 0, 0, 0]",0.0,"[nan, nan, nan, nan, nan]",0,[],[],0,6.3298409023081805e-06,0.8000002750154339,120.58330796071988,0.0,6.3298409023081805e-06,525.0,0,0.0,750.0,0.0,0.0
15120,921,[],"[0, 0, 0, 0, 0]",0.0,"[nan, nan, nan, nan, nan]",0,[],[],0,6.261723033665977e-06,0.8000002756103606,120.58330805039263,0.0,6.261723033665977e-06,525.0,0,0.0,750.0,0.0,0.0
15180,921,[],"[0, 0, 0, 0, 0]",0.0,"[nan, nan, nan, nan, nan]",0,[],[],0,6.193173888895525e-06,0.8000002761988849,120.58330813910037,0.0,6.193173888895525e-06,525.0,0,0.0,750.0,0.0,0.0
15240,921,[],"[0, 0, 0, 0, 0]",0.0,"[nan, nan, nan, nan, nan]",0,[],[],0,6.185255812225967e-06,0.8000002767809665,120.58330822683699,0.0,6.185255812225967e-06,525.0,0,0.0,750.0,0.0,0.0
15300,921,[],"[0, 0, 0, 0, 0]",0.0,"[nan, nan, nan, nan, nan]",0,[],[],0,6.1369995940135964e-06,0.800000277362304,120.58330831446145,0.0,6.1369995940135964e-06,525.0,0,0.0,750.0,0.0,0.0
15360,921,[],"[0, 0, 0, 0, 0]",0.0,"[nan, nan, nan, nan, nan]",0,[],[],0,6.119252987792465e-06,0.8000002779391059,120.58330840140228,0.0,6.119252987792465e-06,525.0,0,0.0,750.0,0.0,0.0
15420,921,[],"[0, 0, 0, 0, 0]",0.0,"[nan, nan, nan, nan, nan]",0,[],[],0,6.09658773914976e-06,0.8000002785142398,120.58330848809169,0.0,6.09658773914976e-06,525.0,0,0.0,750.0,0.0,0.0
15480,921,[],"[0, 0, 0, 0, 0]",0.0,"[nan, nan, nan, nan, nan]",0,[],[],0,6.118303754236232e-06,0.8000002790872436,120.58330857446002,0.0,6.118303754236232e-06,525.0,0,0.0,750.0,0.0,0.0
15540,921,[],"[0, 0, 0, 0, 0]",0.0,"[nan, nan, nan, nan, nan]",0,[],[],0,6.111088850796461e-06,0.8000002796622884,120.58330866113599,0.0,6.111088850796461e-06,525.0,0,0.0,750.0,0.0,0.0
15600,921,[],"[0, 0, 0, 0, 0]",0.0,"[nan, nan, nan, nan, nan]",0,[],[],0,6.110159955257686e-06,0.800000280236655,120.58330874770975,0.0,6.110159955257686e-06,525.0,0,0.0,750.0,0.0,0.0
15660,921,[],"[0, 0, 0, 0, 0]",0.0,"[nan, nan, nan, nan, nan]",0,[],[],0,6.108066738411555e-06,0.8000002808109344,120.58330883427035,0.0,6.108066738411555e-06,525.0,0,0.0,750.0,0.0,0.0
15720,921,[],"[0, 0, 0, 0, 0]",0.0,"[nan, nan, nan, nan, nan]",0,[],[],0,6.089825532194938e-06,0.800000281385017,120.5833089208013,0.0,6.089825532194938e-06,525.0,0,0.0,750.0,0.0,0.0
15780,921,[],"[0, 0, 0, 0, 0]",0.0,"[nan, nan, nan, nan, nan]",0,[],[],0,6.067346410273426e-06,0.8000002819573852,120.58330900707382,0.0,6.067346410273426e-06,525.0,0,0.0,750.0,0.0,0.0
15840,921,[],"[0, 0, 0, 0, 0]",0.0,"[nan, nan, nan, nan, nan]",0,[],[],0,6.0635425475054795e-06,0.8000002825276405,120.58330909302789,0.0,6.0635425475054795e-06,525.0,0,0.0,750.0,0.0,0.0
15900,921,[],"[0, 0, 0, 0, 0]",0.0,"[nan, nan, nan, nan, nan]",0,[],[],0,6.0013050052196965e-06,0.8000002830975383,120.58330917892808,0.0,6.0013050052196965e-06,525.0,0,0.0,750.0,0.0,0.0
15960,921,[],"[0, 0, 0, 0, 0]",0.0,"[nan, nan, nan, nan, nan]",0,[],[],0,5.98130848953142e-06,0.8000002836615867,120.58330926394656,0.0,5.98130848953142e-06,525.0,0,0.0,750.0,0.0,0.0
16020,921,[],"[0, 0, 0, 0, 0]",0.0,"[nan, nan, nan, nan, nan]",0,[],[],0,5.976437796520734e-06,0.8000002842237556,120.58330934868177,0.0,5.976437796520734e-06,525.0,0,0.0,750.0,0.0,0.0
16080,921,[],"[0, 0, 0, 0, 0]",0.0,"[nan, nan, nan, nan, nan]",0,[],[],0,5.960029470491669e-06,0.8000002847854667,120.58330943334796,0.0,5.960029470491669e-06,525.0,0,0.0,750.0,0.0,0.0
16140,921,[],"[0, 0, 0, 0, 0]",0.0,"[nan, nan, nan, nan, nan]",0,[],[],0,5.952088249203306e-06,0.8000002853456356,120.58330951778171,0.0,5.952088249203306e-06,525.0,0,0.0,750.0,0.0,0.0
16200,921,[],"[0, 0, 0, 0, 0]",0.0,"[nan, nan, nan, nan, nan]",0,[],[],0,5.949868087994129e-06,0.8000002859050581,120.58330960210296,0.0,5.949868087994129e-06,525.0,0,0.0,750.0,0.0,0.0
16260,921,[],"[0, 0, 0, 0, 0]",0.0,"[nan, nan, nan, nan, nan]",0,[],[],0,5.93936381700229e-06,0.800000286464272,120.58330968639275,0.0,5.93936381700229e-06,525.0,0,0.0,750.0,0.0,0.0
16320,921,[],"[0, 0, 0, 0, 0]",0.0,"[nan, nan, nan, nan, nan]",0,[],[],0,5.908880142234107e-06,0.8000002870224987,120.58330977053375,0.0,5.908880142234107e-06,525.0,0,0.0,750.0,0.0,0.0
16380,921,[],"[0, 0, 0, 0, 0]",0.0,"[nan, nan, nan, nan, nan]",0,[],[],0,5.91476245030451e-06,0.8000002875778602,120.58330985424288,0.0,5.91476245030451e-06,525.0,0,0.0,750.0,0.0,0.0
16440,921,[],"[0, 0, 0, 0, 0]",0.0,"[nan, nan, nan, nan, nan]",0,[],[],0,5.87302151173261e-06,0.8000002881337747,120.58330993803536,0.0,5.87302151173261e-06,525.0,0,0.0,750.0,0.0,0.0
16500,921,[],"[0, 0, 0, 0, 0]",0.0,"[nan, nan, nan, nan, nan]",0,[],[],0,5.8528468248418226e-06,0.800000288685766,120.5833100212365,0.0,5.8528468248418226e-06,525.0,0,0.0,750.0,0.0,0.0
16560,921,[],"[0, 0, 0, 0, 0]",0.0,"[nan, nan, nan, nan, nan]",0,[],[],0,5.8134214808686315e-06,0.8000002892358611,120.58331010415183,0.0,5.8134214808686315e-06,525.0,0,0.0,750.0,0.0,0.0
16620,921,[],"[0, 0, 0, 0, 0]",0.0,"[nan, nan, nan, nan, nan]",0,[],[],0,5.838899765380577e-06,0.8000002897822507,120.58331018650864,0.0,5.838899765380577e-06,525.0,0,0.0,750.0,0.0,0.0
16680,921,[],"[0, 0, 0, 0, 0]",0.0,"[nan, nan, nan, nan, nan]",0,[],[],0,5.840936668215048e-06,0.800000290331035,120.58331026922639,0.0,5.840936668215048e-06,525.0,0,0.0,750.0,0.0,0.0
16740,921,[],"[0, 0, 0, 0, 0]",0.0,"[nan, nan, nan, nan, nan]",0,[],[],0,5.797902804598515e-06,0.8000002908800107,120.583310351973,0.0,5.797902804598515e-06,525.0,0,0.0,750.0,0.0,0.0
16800,921,[],"[0, 0, 0, 0, 0]",0.0,"[nan, nan, nan, nan, nan]",0,[],[],0,5.7260921604920605e-06,0.8000002914249418,120.58331043410995,0.0,5.7260921604920605e-06,525.0,0,0.0,750.0,0.0,0.0
16860,921,[],"[0, 0, 0, 0, 0]",0.0,"[nan, nan, nan, nan, nan]",0,[],[],0,5.742452487483557e-06,0.8000002919631235,120.58331051522958,0.0,5.742452487483557e-06,525.0,0,0.0,750.0,0.0,0.0
16920,921,[],"[0, 0, 0, 0, 0]",0.0,"[nan, nan, nan, nan, nan]",0,[],[],0,5.70971687419219e-06,0.8000002925028429,120.583310596581,0.0,5.70971687419219e-06,525.0,0,0.0,750.0,0.0,0.0
16980,921,[],"[0, 0, 0, 0, 0]",0.0,"[nan, nan, nan, nan, nan]",0,[],[],0,5.671165845227413e-06,0.8000002930394856,120.58331067746866,0.0,5.671165845227413e-06,525.0,0,0.0,750.0,0.0,0.0
17040,921,[],"[0, 0, 0, 0, 0]",0.0,"[nan, nan, nan, nan, nan]",0,[],[],0,5.64144707319461e-06,0.8000002935725049,120.58331075781018,0.0,5.64144707319461e-06,525.0,0,0.0,750.0,0.0,0.0
17100,921,[],"[0, 0, 0, 0, 0]",0.0,"[nan, nan, nan, nan, nan]",0,[],[],0,5.664743275685955e-06,0.8000002941027311,120.58331083773068,0.0,5.664743275685955e-06,525.0,0,0.0,750.0,0.0,0.0
17160,921,[],"[0, 0, 0, 0, 0]",0.0,"[nan, nan, nan, nan, nan]",0,[],[],0,5.647877651122651e-06,0.8000002946351468,120.58331091798121,0.0,5.647877651122651e-06,525.0,0,0.0,750.0,0.0,0.0
17220,921,[],"[0, 0, 0, 0, 0]",0.0,"[nan, nan, nan, nan, nan]",0,[],[],0,5.616024513245388e-06,0.8000002951659773,120.58331099799281,0.0,5.616024513245388e-06,525.0,0,0.0,750.0,0.0,0.0
17280,921,[],"[0, 0, 0, 0, 0]",0.0,"[nan, nan, nan, nan, nan]",0,[],[],0,5.6632561547798595e-06,0.800000295693814,120.58331107755316,0.0,5.6632561547798595e-06,525.0,0,0.0,750.0,0.0,0.0
17340,921,[],"[0, 0, 0, 0, 0]",0.0,"[nan, nan, nan, nan, nan]",0,[],[],0,5.6118832575740174e-06,0.80000029622609,120.58331115778263,0.0,5.6118832575740174e-06,525.0,0,0.0,750.0,0.0,0.0
17400,921,[],"[0, 0, 0, 0, 0]",0.0,"[nan, nan, nan, nan, nan]",0,[],[],0,5.610103005430938e-06,0.8000002967535376,120.5833112372843,0.0,5.610103005430938e-06,525.0,0,0.0,750.0,0.0,0.0
17460,921,[],"[0, 0, 0, 0, 0]",0.0,"[nan, nan, nan, nan, nan]",0,[],[],0,5.613840645284243e-06,0.8000002972808178,120.58331131676077,0.0,5.613840645284243e-06,525.0,0,0.0,750.0,0.0,0.0
17520,921,[],"[0, 0, 0, 0, 0]",0.0,"[nan, nan, nan, nan, nan]",0,[],[],0,5.591952229419566e-06,0.8000002978084493,120.58331139629018,0.0,5.591952229419566e-06,525.0,0,0.0,750.0,0.0,0.0
17580,921,[],"[0, 0, 0, 0, 0]",0.0,"[nan, nan, nan, nan, nan]",0,[],[],0,5.631053853443366e-06,0.8000002983340234,120.5833114755095,0.0,5.631053853443366e-06,525.0,0,0.0,750.0,0.0,0.0
17640,921,[],"[0, 0, 0, 0, 0]",0.0,"[nan, nan, nan, nan, nan]",0,[],[],0,5.576231537787154e-06,0.8000002988632727,120.58331155528276,0.0,5.576231537787154e-06,525.0,0,0.0,750.0,0.0,0.0
17700,921,[],"[0, 0, 0, 0, 0]",0.0,"[nan, nan, nan, nan, nan]",0,[],[],0,5.507145019234712e-06,0.8000002993873694,120.58331163427937,0.0,5.507145019234712e-06,525.0,0,0.0,750.0,0.0,0.0
17760,921,[],"[0, 0, 0, 0, 0]",0.0,"[nan, nan, nan, nan, nan]",0,[],[],0,5.540967378899098e-06,0.8000002999049728,120.58331171229726,0.0,5.540967378899098e-06,525.0,0,0.0,750.0,0.0,0.0
17820,921,[],"[0, 0, 0, 0, 0]",0.0,"[nan, nan, nan, nan, nan]",0,[],[],0,5.528580529088104e-06,0.8000003004257551,120.5833117907943,0.0,5.528580529088104e-06,525.0,0,0.0,750.0,0.0,0.0
17880,921,[],"[0, 0, 0, 0, 0]",0.0,"[nan, nan, nan, nan, nan]",0,[],[],0,5.478180933382935e-06,0.8000003009453732,120.58331186911586,0.0,5.478180933382935e-06,525.0,0,0.0,750.0,0.0,0.0
17940,921,[],"[0, 0, 0, 0, 0]",0.0,"[nan, nan, nan, nan, nan]",0,[],[],0,5.460763974980237e-06,0.8000003014602544,120.58331194672343,0.0,5.460763974980237e-06,525.0,0,0.0,750.0,0.0,0.0
18000,921,[],"[0, 0, 0, 0, 0]",0.0,"[nan, nan, nan, nan, nan]",0,[],[],0,5.452203733848833e-06,0.8000003019734986,120.58331202408425,0.0,5.452203733848833e-06,525.0,0,0.0,750.0,0.0,0.0
18060,921,[],"[0, 0, 0, 0, 0]",0.0,"[nan, nan, nan, nan, nan]",0,[],[],0,5.429522304124602e-06,0.8000003024859381,120.5833121013238,0.0,5.429522304124602e-06,525.0,0,0.0,750.0,0.0,0.0
18120,921,[],"[0, 0, 0, 0, 0]",0.0,"[nan, nan, nan, nan, nan]",0,[],[],0,5.422155500089e-06,0.8000003029962459,120.58331217824202,0.0,5.422155500089e-06,525.0,0,0.0,750.0,0.0,0.0
18180,921,[],"[0, 0, 0, 0, 0]",0.0,"[nan, nan, nan, nan, nan]",0,[],[],0,5.423465422475539e-06,0.8000003035058615,120.5833122550559,0.0,5.423465422475539e-06,525.0,0,0.0,750.0,0.0,0.0
18240,921,[],"[0, 0, 0, 0, 0]",0.0,"[nan, nan, nan, nan, nan]",0,[],[],0,5.422921897172628e-06,0.8000003040156,120.58331233188832,0.0,5.422921897172628e-06,525.0,0,0.0,750.0,0.0,0.0
18300,921,[],"[0, 0, 0, 0, 0]",0.0,"[nan, nan, nan, nan, nan]",0,[],[],0,5.420306408878386e-06,0.8000003045252875,120.58331240871306,0.0,5.420306408878386e-06,525.0,0,0.0,750.0,0.0,0.0
18360,921,[],"[0, 0, 0, 0, 0]",0.0,"[nan, nan, nan, nan, nan]",0,[],[],0,5.429210990964304e-06,0.8000003050347292,120.58331248550073,0.0,5.429210990964304e-06,525.0,0,0.0,750.0,0.0,0.0
18420,921,[],"[0, 0, 0, 0, 0]",0.0,"[nan, nan, nan, nan, nan]",0,[],[],0,5.371788457675612e-06,0.8000003055450077,120.58331256241455,0.0,5.371788457675612e-06,525.0,0,0.0,750.0,0.0,0.0
18480,921,[],"[0, 0, 0, 0, 0]",0.0,"[nan, nan, nan, nan, nan]",0,[],[],0,5.3277199748277855e-06,0.8000003060498893,120.58331263851488,0.0,5.3277199748277855e-06,525.0,0,0.0,750.0,0.0,0.0
18540,921,[],"[0, 0, 0, 0, 0]",0.0,"[nan, nan, nan, nan, nan]",0,[],[],0,5.303414117410027e-06,0.800000306550629,120.58331271399092,0.0,5.303414117410027e-06,525.0,0,0.0,750.0,0.0,0.0
18600,921,[],"[0, 0, 0, 0, 0]",0.0,"[nan, nan, nan, nan, nan]",0,[],[],0,5.298183899835773e-06,0.8000003070490842,120.58331278912262,0.0,5.298183899835773e-06,525.0,0,0.0,750.0,0.0,0.0
18660,921,[],"[0, 0, 0, 0, 0]",0.0,"[nan, nan, nan, nan, nan]",0,[],[],0,5.283886822125747e-06,0.8000003075470478,120.58331286418021,0.0,5.283886822125747e-06,525.0,0,0.0,750.0,0.0,0.0
18720,921,[],"[0, 0, 0, 0, 0]",0.0,"[nan, nan, nan, nan, nan]",0,[],[],0,5.286261981367731e-06,0.8000003080436677,120.58331293903528,0.0,5.286261981367731e-06,525.0,0,0.0,750.0,0.0,0.0
18780,921,[],"[0, 0, 0, 0, 0]",0.0,"[nan, nan, nan, nan, nan]",0,[],[],0,5.270123028869836e-06,0.800000308540511,120.583313013924,0.0,5.270123028869836e-06,525.0,0,0.0,750.0,0.0,0.0
18840,921,[],"[0, 0, 0, 0, 0]",0.0,"[nan, nan, nan, nan, nan]",0,[],[],0,5.24860387984802e-06,0.8000003090358372,120.58331308858408,0.0,5.24860387984802e-06,525.0,0,0.0,750.0,0.0,0.0
18900,921,[],"[0, 0, 0, 0, 0]",0.0,"[nan, nan, nan, nan, nan]",0,[],[],0,5.260232893525511e-06,0.800000309529141,120.5833131629393,0.0,5.260232893525511e-06,525.0,0,0.0,750.0,0.0,0.0
18960,921,[],"[0, 0, 0, 0, 0]",0.0,"[nan, nan, nan, nan, nan]",0,[],[],0,5.265751138000902e-06,0.8000003100235377,120.58331323745927,0.0,5.265751138000902e-06,525.0,0,0.0,750.0,0.0,0.0
19020,921,[],"[0, 0, 0, 0, 0]",0.0,"[nan, nan, nan, nan, nan]",0,[],[],0,5.221514878721459e-06,0.8000003105184531,120.58331331205741,0.0,5.221514878721459e-06,525.0,0,0.0,750.0,0.0,0.0
19080,921,[],"[0, 0, 0, 0, 0]",0.0,"[nan, nan, nan, nan, nan]",0,[],[],0,5.206807197791143e-06,0.8000003110092109,120.58331338602888,0.0,5.206807197791143e-06,525.0,0,0.0,750.0,0.0,0.0
19140,921,[],"[0, 0, 0, 0, 0]",0.0,"[nan, nan, nan, nan, nan]",0,[],[],0,5.201755938990048e-06,0.8000003114985863,120.58331345979198,0.0,5.201755938990048e-06,525.0,0,0.0,750.0,0.0,0.0
19200,921,[],"[0, 0, 0, 0, 0]",0.0,"[nan, nan, nan, nan, nan]",0,[],[],0,5.157481422582692e-06,0.8000003119874869,120.58331353348352,0.0,5.157481422582692e-06,525.0,0,0.0,750.0,0.0,0.0
19260,921,[],"[0, 0, 0, 0, 0]",0.0,"[nan, nan, nan, nan, nan]",0,[],[],0,5.185360292228862e-06,0.8000003124722261,120.58331360654783,0.0,5.185360292228862e-06,525.0,0,0.0,750.0,0.0,0.0
19320,921,[],"[0, 0, 0, 0, 0]",0.0,"[nan, nan, nan, nan, nan]",0,[],[],0,5.1728534676638256e-06,0.8000003129595858,120.58331368000711,0.0,5.1728534676638256e-06,525.0,0,0.0,750.0,0.0,0.0
19380,921,[],"[0, 0, 0, 0, 0]",0.0,"[nan, nan, nan, nan, nan]",0,[],[],0,5.176578645522944e-06,0.80000031344577,120.5833137532892,0.0,5.176578645522944e-06,525.0,0,0.0,750.0,0.0,0.0
19440,921,[],"[0, 0, 0, 0, 0]",0.0,"[nan, nan, nan, nan, nan]",0,[],[],0,5.15076534777543e-06,0.8000003139323042,120.58331382662406,0.0,5.15076534777543e-06,525.0,0,0.0,750.0,0.0,0.0
19500,921,[],"[0, 0, 0, 0, 0]",0.0,"[nan, nan, nan, nan, nan]",0,[],[],0,5.157858172968458e-06,0.8000003144164124,120.58331389959324,0.0,5.157858172968458e-06,525.0,0,0.0,750.0,0.0,0.0
19560,921,[],"[0, 0, 0, 0, 0]",0.0,"[nan, nan, nan, nan, nan]",0,[],[],0,5.110817156874992e-06,0.8000003149011872,120.58331397266289,0.0,5.110817156874992e-06,525.0,0,0.0,750.0,0.0,0.0
19620,921,[],"[0, 0, 0, 0, 0]",0.0,"[nan, nan, nan, nan, nan]",0,[],[],0,5.07355872882349e-06,0.8000003153815406,120.58331404506613,0.0,5.07355872882349e-06,525.0,0,0.0,750.0,0.0,0.0
19680,921,[],"[0, 0, 0, 0, 0]",0.0,"[nan, nan, nan, nan, nan]",0,[],[],0,5.079800769487862e-06,0.8000003158583923,120.58331411694155,0.0,5.079800769487862e-06,525.0,0,0.0,750.0,0.0,0.0
19740,921,[],"[0, 0, 0, 0, 0]",0.0,"[nan, nan, nan, nan, nan]",0,[],[],0,5.065147160095419e-06,0.8000003163358306,120.58331418890539,0.0,5.065147160095419e-06,525.0,0,0.0,750.0,0.0,0.0
19800,921,[],"[0, 0, 0, 0, 0]",0.0,"[nan, nan, nan, nan, nan]",0,[],[],0,5.02559518845295e-06,0.8000003168118917,120.58331426066164,0.0,5.02559518845295e-06,525.0,0,0.0,750.0,0.0,0.0
19860,921,[],"[0, 0, 0, 0, 0]",0.0,"[nan, nan, nan, nan, nan]",0,[],[],0,5.017519343472006e-06,0.8000003172842354,120.58331433185757,0.0,5.017519343472006e-06,525.0,0,0.0,750.0,0.0,0.0
19920,921,[],"[0, 0, 0, 0, 0]",0.0,"[nan, nan, nan, nan, nan]",0,[],[],0,5.013164868070968e-06,0.80000031775582,120.5833144029391,0.0,5.013164868070968e-06,525.0,0,0.0,750.0,0.0,0.0
19980,921,[],"[0, 0, 0, 0, 0]",0.0,"[nan, nan, nan, nan, nan]",0,[],[],0,5.023860020684761e-06,0.8000003182269955,120.58331447395894,0.0,5.023860020684761e-06,525.0,0,0.0,750.0,0.0,0.0
20040,921,[],"[0, 0, 0, 0, 0]",0.0,"[nan, nan, nan, nan, nan]",0,[],[],0,5.03054691788193e-06,0.8000003186991761,120.58331454513029,0.0,5.03054691788193e-06,525.0,0,0.0,750.0,0.0,0.0
20100,921,[],"[0, 0, 0, 0, 0]",0.0,"[nan, nan, nan, nan, nan]",0,[],[],0,5.006713369026912e-06,0.8000003191719852,120.58331461639638,0.0,5.006713369026912e-06,525.0,0,0.0,750.0,0.0,0.0
20160,921,[],"[0, 0, 0, 0, 0]",0.0,"[nan, nan, nan, nan, nan]",0,[],[],0,4.985584778173267e-06,0.8000003196425542,120.58331468732482,0.0,4.985584778173267e-06,525.0,0,0.0,750.0,0.0,0.0
20220,921,[],"[0, 0, 0, 0, 0]",0.0,"[nan, nan, nan, nan, nan]",0,[],[],0,5.019248588425871e-06,0.8000003201111374,120.58331475795393,0.0,5.019248588425871e-06,525.0,0,0.0,750.0,0.0,0.0
20280,921,[],"[0, 0, 0, 0, 0]",0.0,"[nan, nan, nan, nan, nan]",0,[],[],0,5.0160022633179645e-06,0.8000003205828846,120.58331482905994,0.0,5.0160022633179645e-06,525.0,0,0.0,750.0,0.0,0.0
20340,921,[],"[0, 0, 0, 0, 0]",0.0,"[nan, nan, nan, nan, nan]",0,[],[],0,4.9555414406947735e-06,0.8000003210543266,120.58331490011997,0.0,4.9555414406947735e-06,525.0,0,0.0,750.0,0.0,0.0
20400,921,[],"[0, 0, 0, 0, 0]",0.0,"[nan, nan, nan, nan, nan]",0,[],[],0,4.932763518236071e-06,0.8000003215200862,120.58331497032347,0.0,4.932763518236071e-06,525.0,0,0.0,750.0,0.0,0.0
20460,921,[],"[0, 0, 0, 0, 0]",0.0,"[nan, nan, nan, nan, nan]",0,[],[],0,4.905503020717438e-06,0.8000003219837047,120.58331504020428,0.0,4.905503020717438e-06,525.0,0,0.0,750.0,0.0,0.0
20520,921,[],"[0, 0, 0, 0, 0]",0.0,"[nan, nan, nan, nan, nan]",0,[],[],0,4.9228164100465035e-06,0.8000003224447614,120.58331510969892,0.0,4.9228164100465035e-06,525.0,0,0.0,750.0,0.0,0.0
20580,921,[],"[0, 0, 0, 0, 0]",0.0,"[nan, nan, nan, nan, nan]",0,[],[],0,4.921316892186218e-06,0.800000322907445,120.58331517943881,0.0,4.921316892186218e-06,525.0,0,0.0,750.0,0.0,0.0
20640,921,[],"[0, 0, 0, 0, 0]",0.0,"[nan, nan, nan, nan, nan]",0,[],[],0,4.919361113125172e-06,0.8000003233699878,120.58331524915747,0.0,4.919361113125172e-06,525.0,0,0.0,750.0,0.0,0.0
20700,921,[],"[0, 0, 0, 0, 0]",0.0,"[nan, nan, nan, nan, nan]",0,[],[],0,4.879299906821099e-06,0.800000323832347,120.58331531884842,0.0,4.879299906821099e-06,525.0,0,0.0,750.0,0.0,0.0
20760,921,[],"[0, 0, 0, 0, 0]",0.0,"[nan, nan, nan, nan, nan]",0,[],[],0,4.88391443185962e-06,0.8000003242909407,120.58331538797184,0.0,4.88391443185962e-06,525.0,0,0.0,750.0,0.0,0.0
20820,921,[],"[0, 0, 0, 0, 0]",0.0,"[nan, nan, nan, nan, nan]",0,[],[],0,4.865155587678574e-06,0.8000003247499682,120.58331545716062,0.0,4.865155587678574e-06,525.0,0,0.0,750.0,0.0,0.0
20880,921,[],"[0, 0, 0, 0, 0]",0.0,"[nan, nan, nan, nan, nan]",0,[],[],0,4.857755108061462e-06,0.8000003252072325,120.58331552608367,0.0,4.857755108061462e-06,525.0,0,0.0,750.0,0.0,0.0
20940,921,[],"[0, 0, 0, 0, 0]",0.0,"[nan, nan, nan, nan, nan]",0,[],[],0,4.838351534859919e-06,0.8000003256638013,120.58331559490186,0.0,4.838351534859919e-06,525.0,0,0.0,750.0,0.0,0.0
21000,921,[],"[0, 0, 0, 0, 0]",0.0,"[nan, nan, nan, nan, nan]",0,[],[],0,4.809794982264155e-06,0.8000003261185464,120.58331566344518,0.0,4.809794982264155e-06,525.0,0,0.0,750.0,0.0,0.0
21060,921,[],"[0, 0, 0, 0, 0]",0.0,"[nan, nan, nan, nan, nan]",0,[],[],0,4.827404114512617e-06,0.8000003265706076,120.58331573158394,0.0,4.827404114512617e-06,525.0,0,0.0,750.0,0.0,0.0
21120,921,[],"[0, 0, 0, 0, 0]",0.0,"[nan, nan, nan, nan, nan]",0,[],[],0,4.8130712324171124e-06,0.8000003270243238,120.58331579997217,0.0,4.8130712324171124e-06,525.0,0,0.0,750.0,0.0,0.0
21180,921,[],"[0, 0, 0, 0, 0]",0.0,"[nan, nan, nan, nan, nan]",0,[],[],0,4.791164631098127e-06,0.8000003274766929,120.58331586815734,0.0,4.791164631098127e-06,525.0,0,0.0,750.0,0.0,0.0
21240,921,[],"[0, 0, 0, 0, 0]",0.0,"[nan, nan, nan, nan, nan]",0,[],[],0,4.8083608522590475e-06,0.800000327927003,120.58331593603218,0.0,4.8083608522590475e-06,525.0,0,0.0,750.0,0.0,0.0
21300,921,[],"[0, 0, 0, 0, 0]",0.0,"[nan, nan, nan, nan, nan]",0,[],[],0,4.808868481752737e-06,0.8000003283789293,120.58331600415062,0.0,4.808868481752737e-06,525.0,0,0.0,750.0,0.0,0.0
21360,921,[],"[0, 0, 0, 0, 0]",0.0,"[nan, nan, nan, nan, nan]",0,[],[],0,4.773103704213421e-06,0.8000003288309034,120.58331607227626,0.0,4.773103704213421e-06,525.0,0,0.0,750.0,0.0,0.0
21420,921,[],"[0, 0, 0, 0, 0]",0.0,"[nan, nan, nan, nan, nan]",0,[],[],0,4.724665634963117e-06,0.800000329279516,120.58331613989523,0.0,4.724665634963117e-06,525.0,0,0.0,750.0,0.0,0.0
21480,921,[],"[0, 0, 0, 0, 0]",0.0,"[nan, nan, nan, nan, nan]",0,[],[],0,4.734135549290004e-06,0.800000329723576,120.58331620682799,0.0,4.734135549290004e-06,525.0,0,0.0,750.0,0.0,0.0
21540,921,[],"[0, 0, 0, 0, 0]",0.0,"[nan, nan, nan, nan, nan]",0,[],[],0,4.696033710964842e-06,0.8000003301685262,120.58331627389491,0.0,4.696033710964842e-06,525.0,0,0.0,750.0,0.0,0.0
21600,921,[],"[0, 0, 0, 0, 0]",0.0,"[nan, nan, nan, nan, nan]",0,[],[],0,4.691547227337945e-06,0.8000003306098952,120.58331634042206,0.0,4.691547227337945e-06,525.0,0,0.0,750.0,0.0,0.0
21660,921,[],"[0, 0, 0, 0, 0]",0.0,"[nan, nan, nan, nan, nan]",0,[],[],0,4.692164512835032e-06,0.8000003310508426,120.58331640688564,0.0,4.692164512835032e-06,525.0,0,0.0,750.0,0.0,0.0
21720,921,[],"[0, 0, 0, 0, 0]",0.0,"[nan, nan, nan, nan, nan]",0,[],[],0,4.688931534677285e-06,0.8000003314918478,120.58331647335797,0.0,4.688931534677285e-06,525.0,0,0.0,750.0,0.0,0.0
21780,921,[],"[0, 0, 0, 0, 0]",0.0,"[nan, nan, nan, nan, nan]",0,[],[],0,4.663272261255533e-06,0.8000003319325494,120.5833165397845,0.0,4.663272261255533e-06,525.0,0,0.0,750.0,0.0,0.0
21840,921,[],"[0, 0, 0, 0, 0]",0.0,"[nan, nan, nan, nan, nan]",0,[],[],0,4.648465574976743e-06,0.8000003323708392,120.58331660584753,0.0,4.648465574976743e-06,525.0,0,0.0,750.0,0.0,0.0
21900,921,[],"[0, 0, 0, 0, 0]",0.0,"[nan, nan, nan, nan, nan]",0,[],[],0,4.636828209732662e-06,0.8000003328077373,120.58331667170079,0.0,4.636828209732662e-06,525.0,0,0.0,750.0,0.0,0.0
21960,921,[],"[0, 0, 0, 0, 0]",0.0,"[nan, nan, nan, nan, nan]",0,[],[],0,4.595460564525101e-06,0.8000003332435417,120.58331673738918,0.0,4.595460564525101e-06,525.0,0,0.0,750.0,0.0,0.0
22020,921,[],"[0, 0, 0, 0, 0]",0.0,"[nan, nan, nan, nan, nan]",0,[],[],0,4.638098301932745e-06,0.8000003336754581,120.58331680249154,0.0,4.638098301932745e-06,525.0,0,0.0,750.0,0.0,0.0
22080,921,[],"[0, 0, 0, 0, 0]",0.0,"[nan, nan, nan, nan, nan]",0,[],[],0,4.620661374933892e-06,0.8000003341113818,120.58331686819793,0.0,4.620661374933892e-06,525.0,0,0.0,750.0,0.0,0.0
22140,921,[],"[0, 0, 0, 0, 0]",0.0,"[nan, nan, nan, nan, nan]",0,[],[],0,4.644210982630854e-06,0.8000003345456668,120.5833169336573,0.0,4.644210982630854e-06,525.0,0,0.0,750.0,0.0,0.0
22200,921,[],"[0, 0, 0, 0, 0]",0.0,"[nan, nan, nan, nan, nan]",0,[],[],0,4.616564761448735e-06,0.800000334982165,120.58331699945029,0.0,4.616564761448735e-06,525.0,0,0.0,750.0,0.0,0.0
22260,921,[],"[0, 0, 0, 0, 0]",0.0,"[nan, nan, nan, nan, nan]",0,[],[],0,4.598633854971278e-06,0.800000335416065,120.58331706485163,0.0,4.598633854971278e-06,525.0,0,0.0,750.0,0.0,0.0
22320,921,[],"[0, 0, 0, 0, 0]",0.0,"[nan, nan, nan, nan, nan]",0,[],[],0,4.617837866620414e-06,0.8000003358482797,120.58331712999895,0.0,4.617837866620414e-06,525.0,0,0.0,750.0,0.0,0.0
22380,921,[],"[0, 0, 0, 0, 0]",0.0,"[nan, nan, nan, nan, nan]",0,[],[],0,4.6360038928129055e-06,0.8000003362822993,120.58331719541832,0.0,4.6360038928129055e-06,525.0,0,0.0,750.0,0.0,0.0
22440,921,[],"[0, 0, 0, 0, 0]",0.0,"[nan, nan, nan, nan, nan]",0,[],[],0,4.581049762105247e-06,0.8000003367180262,120.58331726109503,0.0,4.581049762105247e-06,525.0,0,0.0,750.0,0.0,0.0
22500,921,[],"[0, 0, 0, 0, 0]",0.0,"[nan, nan, nan, nan, nan]",0,[],[],0,4.561693750153695e-06,0.8000003371485881,120.58331732599324,0.0,4.561693750153695e-06,525.0,0,0.0,750.0,0.0,0.0
22560,921,[],"[0, 0, 0, 0, 0]",0.0,"[nan, nan, nan, nan, nan]",0,[],[],0,4.5119804805654534e-06,0.8000003375773307,120.58331739061722,0.0,4.5119804805654534e-06,525.0,0,0.0,750.0,0.0,0.0
22620,921,[],"[0, 0, 0, 0, 0]",0.0,"[nan, nan, nan, nan, nan]",0,[],[],0,4.528110105606942e-06,0.800000338001401,120.58331745453695,0.0,4.528110105606942e-06,525.0,0,0.0,750.0,0.0,0.0
22680,921,[],"[0, 0, 0, 0, 0]",0.0,"[nan, nan, nan, nan, nan]",0,[],[],0,4.540377222496325e-06,0.8000003384269873,120.58331751868518,0.0,4.540377222496325e-06,525.0,0,0.0,750.0,0.0,0.0
22740,921,[],"[0, 0, 0, 0, 0]",0.0,"[nan, nan, nan, nan, nan]",0,[],[],0,4.4951842962023405e-06,0.8000003388537265,120.58331758300719,0.0,4.4951842962023405e-06,525.0,0,0.0,750.0,0.0,0.0
22800,921,[],"[0, 0, 0, 0, 0]",0.0,"[nan, nan, nan, nan, nan]",0,[],[],0,4.495659880241169e-06,0.8000003392762182,120.58331764668897,0.0,4.495659880241169e-06,525.0,0,0.0,750.0,0.0,0.0
22860,921,[],"[0, 0, 0, 0, 0]",0.0,"[nan, nan, nan, nan, nan]",0,[],[],0,4.510341112323217e-06,0.8000003396987545,120.58331771037749,0.0,4.510341112323217e-06,525.0,0,0.0,750.0,0.0,0.0
22920,921,[],"[0, 0, 0, 0, 0]",0.0,"[nan, nan, nan, nan, nan]",0,[],[],0,4.507492258947566e-06,0.8000003401226706,120.58331777427398,0.0,4.507492258947566e-06,525.0,0,0.0,750.0,0.0,0.0
22980,921,[],"[0, 0, 0, 0, 0]",0.0,"[nan, nan, nan, nan, nan]",0,[],[],0,4.491018566728916e-06,0.8000003405463191,120.58331783813011,0.0,4.491018566728916e-06,525.0,0,0.0,750.0,0.0,0.0
23040,921,[],"[0, 0, 0, 0, 0]",0.0,"[nan, nan, nan, nan, nan]",0,[],[],0,4.46704813927343e-06,0.8000003409684192,120.58331790175288,0.0,4.46704813927343e-06,525.0,0,0.0,750.0,0.0,0.0
23100,921,[],"[0, 0, 0, 0, 0]",0.0,"[nan, nan, nan, nan, nan]",0,[],[],0,4.466768314276858e-06,0.8000003413882664,120.58331796503606,0.0,4.466768314276858e-06,525.0,0,0.0,750.0,0.0,0.0
23160,921,[],"[0, 0, 0, 0, 0]",0.0,"[nan, nan, nan, nan, nan]",0,[],[],0,4.474624270403148e-06,0.8000003418080872,120.58331802831528,0.0,4.474624270403148e-06,525.0,0,0.0,750.0,0.0,0.0
23220,921,[],"[0, 0, 0, 0, 0]",0.0,"[nan, nan, nan, nan, nan]",0,[],[],0,4.463685645564094e-06,0.8000003422286466,120.58331809170579,0.0,4.463685645564094e-06,525.0,0,0.0,750.0,0.0,0.0
23280,921,[],"[0, 0, 0, 0, 0]",0.0,"[nan, nan, nan, nan, nan]",0,[],[],0,4.433443366935056e-06,0.8000003426481777,120.58331815494134,0.0,4.433443366935056e-06,525.0,0,0.0,750.0,0.0,0.0
23340,921,[],"[0, 0, 0, 0, 0]",0.0,"[nan, nan, nan, nan, nan]",0,[],[],0,4.4362077965516614e-06,0.8000003430648664,120.58331821774846,0.0,4.4362077965516614e-06,525.0,0,0.0,750.0,0.0,0.0
23400,921,[],"[0, 0, 0, 0, 0]",0.0,"[nan, nan, nan, nan, nan]",0,[],[],0,4.40942233942154e-06,0.800000343481815,120.58331828059474,0.0,4.40942233942154e-06,525.0,0,0.0,750.0,0.0,0.0
23460,921,[],"[0, 0, 0, 0, 0]",0.0,"[nan, nan, nan, nan, nan]",0,[],[],0,4.399503222837821e-06,0.8000003438962461,120.58331834306155,0.0,4.399503222837821e-06,525.0,0,0.0,750.0,0.0,0.0
23520,921,[],"[0, 0, 0, 0, 0]",0.0,"[nan, nan, nan, nan, nan]",0,[],[],0,4.377702985101458e-06,0.8000003443097449,120.58331840538784,0.0,4.377702985101458e-06,525.0,0,0.0,750.0,0.0,0.0
23580,921,[],"[0, 0, 0, 0, 0]",0.0,"[nan, nan, nan, nan, nan]",0,[],[],0,4.369932085161969e-06,0.8000003447211947,120.5833184674053,0.0,4.369932085161969e-06,525.0,0,0.0,750.0,0.0,0.0
23640,921,[],"[0, 0, 0, 0, 0]",0.0,"[nan, nan, nan, nan, nan]",0,[],[],0,4.354022401571699e-06,0.8000003451319143,120.58331852931268,0.0,4.354022401571699e-06,525.0,0,0.0,750.0,0.0,0.0
23700,921,[],"[0, 0, 0, 0, 0]",0.0,"[nan, nan, nan, nan, nan]",0,[],[],0,4.347205350949154e-06,0.8000003455411385,120.58331859099466,0.0,4.347205350949154e-06,525.0,0,0.0,750.0,0.0,0.0
23760,921,[],"[0, 0, 0, 0, 0]",0.0,"[nan, nan, nan, nan, nan]",0,[],[],0,4.344050185149742e-06,0.8000003459497219,120.58331865258008,0.0,4.344050185149742e-06,525.0,0,0.0,750.0,0.0,0.0
23820,921,[],"[0, 0, 0, 0, 0]",0.0,"[nan, nan, nan, nan, nan]",0,[],[],0,4.3292087204558954e-06,0.8000003463580089,120.5833187141208,0.0,4.3292087204558954e-06,525.0,0,0.0,750.0,0.0,0.0
23880,921,[],"[0, 0, 0, 0, 0]",0.0,"[nan, nan, nan, nan, nan]",0,[],[],0,4.32729106514061e-06,0.8000003467649008,120.58331877545125,0.0,4.32729106514061e-06,525.0,0,0.0,750.0,0.0,0.0
23940,921,[],"[0, 0, 0, 0, 0]",0.0,"[nan, nan, nan, nan, nan]",0,[],[],0,4.331378793340845e-06,0.8000003471716126,120.58331883675454,0.0,4.331378793340845e-06,525.0,0,0.0,750.0,0.0,0.0
24000,921,[],"[0, 0, 0, 0, 0]",0.0,"[nan, nan, nan, nan, nan]",0,[],[],0,4.309098934207655e-06,0.8000003475787086,120.58331889811575,0.0,4.309098934207655e-06,525.0,0,0.0,750.0,0.0,0.0
24060,921,[],"[0, 0, 0, 0, 0]",0.0,"[nan, nan, nan, nan, nan]",0,[],[],0,4.305784907536829e-06,0.8000003479837106,120.58331895916132,0.0,4.305784907536829e-06,525.0,0,0.0,750.0,0.0,0.0
24120,921,[],"[0, 0, 0, 0, 0]",0.0,"[nan, nan, nan, nan, nan]",0,[],[],0,4.301745076278408e-06,0.800000348388401,120.58331902015993,0.0,4.301745076278408e-06,525.0,0,0.0,750.0,0.0,0.0
24180,921,[],"[0, 0, 0, 0, 0]",0.0,"[nan, nan, nan, nan, nan]",0,[],[],0,4.270048810292552e-06,0.8000003487927118,120.58331908110132,0.0,4.270048810292552e-06,525.0,0,0.0,750.0,0.0,0.0
24240,921,[],"[0, 0, 0, 0, 0]",0.0,"[nan, nan, nan, nan, nan]",0,[],[],0,4.257471774693612e-06,0.8000003491940434,120.58331914159368,0.0,4.257471774693612e-06,525.0,0,0.0,750.0,0.0,0.0
24300,921,[],"[0, 0, 0, 0, 0]",0.0,"[nan, nan, nan, nan, nan]",0,[],[],0,4.267593046069474e-06,0.800000349594193,120.58331920190786,0.0,4.267593046069474e-06,525.0,0,0.0,750.0,0.0,0.0
24360,921,[],"[0, 0, 0, 0, 0]",0.0,"[nan, nan, nan, nan, nan]",0,[],[],0,4.280663469024941e-06,0.8000003499952939,120.58331926236542,0.0,4.280663469024941e-06,525.0,0,0.0,750.0,0.0,0.0
24420,921,[],"[0, 0, 0, 0, 0]",0.0,"[nan, nan, nan, nan, nan]",0,[],[],0,4.273337396013613e-06,0.8000003503976232,120.58331932300815,0.0,4.273337396013613e-06,525.0,0,0.0,750.0,0.0,0.0
24480,921,[],"[0, 0, 0, 0, 0]",0.0,"[nan, nan, nan, nan, nan]",0,[],[],0,4.278119082171799e-06,0.800000350799264,120.5833193835471,0.0,4.278119082171799e-06,525.0,0,0.0,750.0,0.0,0.0
24540,921,[],"[0, 0, 0, 0, 0]",0.0,"[nan, nan, nan, nan, nan]",0,[],[],0,4.263415906582446e-06,0.8000003512013542,120.58331944415379,0.0,4.263415906582446e-06,525.0,0,0.0,750.0,0.0,0.0
24600,921,[],"[0, 0, 0, 0, 0]",0.0,"[nan, nan, nan, nan, nan]",0,[],[],0,4.218612053711688e-06,0.8000003516020624,120.58331950455218,0.0,4.218612053711688e-06,525.0,0,0.0,750.0,0.0,0.0
24660,921,[],"[0, 0, 0, 0, 0]",0.0,"[nan, nan, nan, nan, nan]",0,[],[],0,4.1909285427796646e-06,0.8000003519985597,120.58331956431584,0.0,4.1909285427796646e-06,525.0,0,0.0,750.0,0.0,0.0
24720,921,[],"[0, 0, 0, 0, 0]",0.0,"[nan, nan, nan, nan, nan]",0,[],[],0,4.210156538941563e-06,0.800000352392455,120.58331962368733,0.0,4.210156538941563e-06,525.0,0,0.0,750.0,0.0,0.0
24780,921,[],"[0, 0, 0, 0, 0]",0.0,"[nan, nan, nan, nan, nan]",0,[],[],0,4.210110607570062e-06,0.8000003527881576,120.58331968333121,0.0,4.210110607570062e-06,525.0,0,0.0,750.0,0.0,0.0
24840,921,[],"[0, 0, 0, 0, 0]",0.0,"[nan, nan, nan, nan, nan]",0,[],[],0,4.203084488795581e-06,0.8000003531838558,120.58331974297444,0.0,4.203084488795581e-06,525.0,0,0.0,750.0,0.0,0.0
24900,921,[],"[0, 0, 0, 0, 0]",0.0,"[nan, nan, nan, nan, nan]",0,[],[],0,4.201120061248104e-06,0.8000003535788937,120.58331980251813,0.0,4.201120061248104e-06,525.0,0,0.0,750.0,0.0,0.0
24960,921,[],"[0, 0, 0, 0, 0]",0.0,"[nan, nan, nan, nan, nan]",0,[],[],0,4.206050207988751e-06,0.8000003539737469,120.583319862034,0.0,4.206050207988751e-06,525.0,0,0.0,750.0,0.0,0.0
25020,921,[],"[0, 0, 0, 0, 0]",0.0,"[nan, nan, nan, nan, nan]",0,[],[],0,4.1327177878330125e-06,0.8000003543690636,120.58331992161972,0.0,4.1327177878330125e-06,525.0,0,0.0,750.0,0.0,0.0
25080,921,[],"[0, 0, 0, 0, 0]",0.0,"[nan, nan, nan, nan, nan]",0,[],[],0,4.165920525942401e-06,0.8000003547574878,120.58331998016655,0.0,4.165920525942401e-06,525.0,0,0.0,750.0,0.0,0.0
25140,921,[],"[0, 0, 0, 0, 0]",0.0,"[nan, nan, nan, nan, nan]",0,[],[],0,4.149228211905924e-06,0.8000003551490328,120.58332003918376,0.0,4.149228211905924e-06,525.0,0,0.0,750.0,0.0,0.0
25200,921,[],"[0, 0, 0, 0, 0]",0.0,"[nan, nan, nan, nan, nan]",0,[],[],0,4.131839007071415e-06,0.8000003555390087,120.58332009796449,0.0,4.131839007071415e-06,525.0,0,0.0,750.0,0.0,0.0
25260,921,[],"[0, 0, 0, 0, 0]",0.0,"[nan, nan, nan, nan, nan]",0,[],[],0,4.149025550964801e-06,0.8000003559273504,120.58332015649887,0.0,4.149025550964801e-06,525.0,0,0.0,750.0,0.0,0.0
25320,921,[],"[0, 0, 0, 0, 0]",0.0,"[nan, nan, nan, nan, nan]",0,[],[],0,4.158581211766252e-06,0.8000003563173074,120.58332021527673,0.0,4.158581211766252e-06,525.0,0,0.0,750.0,0.0,0.0
25380,921,[],"[0, 0, 0, 0, 0]",0.0,"[nan, nan, nan, nan, nan]",0,[],[],0,4.132023481729915e-06,0.8000003567081625,120.58332027418996,0.0,4.132023481729915e-06,525.0,0,0.0,750.0,0.0,0.0
25440,921,[],"[0, 0, 0, 0, 0]",0.0,"[nan, nan, nan, nan, nan]",0,[],[],0,4.124975537937488e-06,0.8000003570965215,120.58332033272696,0.0,4.124975537937488e-06,525.0,0,0.0,750.0,0.0,0.0
25500,921,[],"[0, 0, 0, 0, 0]",0.0,"[nan, nan, nan, nan, nan]",0,[],[],0,4.092439982926941e-06,0.800000357484218,120.58332039116411,0.0,4.092439982926941e-06,525.0,0,0.0,750.0,0.0,0.0
25560,921,[],"[0, 0, 0, 0, 0]",0.0,"[nan, nan, nan, nan, nan]",0,[],[],0,4.08693084330445e-06,0.8000003578688568,120.58332044914034,0.0,4.08693084330445e-06,525.0,0,0.0,750.0,0.0,0.0
25620,921,[],"[0, 0, 0, 0, 0]",0.0,"[nan, nan, nan, nan, nan]",0,[],[],0,4.0837968366554465e-06,0.8000003582529777,120.58332050703854,0.0,4.0837968366554465e-06,525.0,0,0.0,750.0,0.0,0.0
25680,921,[],"[0, 0, 0, 0, 0]",0.0,"[nan, nan, nan, nan, nan]",0,[],[],0,4.066812642300536e-06,0.800000358636804,120.58332056489232,0.0,4.066812642300536e-06,525.0,0,0.0,750.0,0.0,0.0
25740,921,[],"[0, 0, 0, 0, 0]",0.0,"[nan, nan, nan, nan, nan]",0,[],[],0,4.033657211654662e-06,0.800000359019034,120.5833206225055,0.0,4.033657211654662e-06,525.0,0,0.0,750.0,0.0,0.0
25800,921,[],"[0, 0, 0, 0, 0]",0.0,"[nan, nan, nan, nan, nan]",0,[],[],0,4.045051090425486e-06,0.8000003593981478,120.58332067964898,0.0,4.045051090425486e-06,525.0,0,0.0,750.0,0.0,0.0
25860,921,[],"[0, 0, 0, 0, 0]",0.0,"[nan, nan, nan, nan, nan]",0,[],[],0,4.028568247073677e-06,0.8000003597783325,120.58332073695387,0.0,4.028568247073677e-06,525.0,0,0.0,750.0,0.0,0.0
25920,921,[],"[0, 0, 0, 0, 0]",0.0,"[nan, nan, nan, nan, nan]",0,[],[],0,4.040374591668743e-06,0.8000003601569681,120.58332079402525,0.0,4.040374591668743e-06,525.0,0,0.0,750.0,0.0,0.0
25980,921,[],"[0, 0, 0, 0, 0]",0.0,"[nan, nan, nan, nan, nan]",0,[],[],0,4.0279136798840756e-06,0.8000003605367132,120.58332085126389,0.0,4.0279136798840756e-06,525.0,0,0.0,750.0,0.0,0.0
26040,921,[],"[0, 0, 0, 0, 0]",0.0,"[nan, nan, nan, nan, nan]",0,[],[],0,4.006327071023635e-06,0.8000003609152871,120.583320908326,0.0,4.006327071023635e-06,525.0,0,0.0,750.0,0.0,0.0
26100,921,[],"[0, 0, 0, 0, 0]",0.0,"[nan, nan, nan, nan, nan]",0,[],[],0,4.0287470418016234e-06,0.8000003612918323,120.58332096508231,0.0,4.0287470418016234e-06,525.0,0,0.0,750.0,0.0,0.0
26160,921,[],"[0, 0, 0, 0, 0]",0.0,"[nan, nan, nan, nan, nan]",0,[],[],0,4.0261612207044375e-06,0.8000003616704846,120.58332102215623,0.0,4.0261612207044375e-06,525.0,0,0.0,750.0,0.0,0.0
26220,921,[],"[0, 0, 0, 0, 0]",0.0,"[nan, nan, nan, nan, nan]",0,[],[],0,4.005679068847062e-06,0.8000003620488939,120.58332107919351,0.0,4.005679068847062e-06,525.0,0,0.0,750.0,0.0,0.0
26280,921,[],"[0, 0, 0, 0, 0]",0.0,"[nan, nan, nan, nan, nan]",0,[],[],0,3.990607065364056e-06,0.8000003624253782,120.58332113594064,0.0,3.990607065364056e-06,525.0,0,0.0,750.0,0.0,0.0
26340,921,[],"[0, 0, 0, 0, 0]",0.0,"[nan, nan, nan, nan, nan]",0,[],[],0,4.009087969214287e-06,0.8000003628004457,120.58332119247423,0.0,4.009087969214287e-06,525.0,0,0.0,750.0,0.0,0.0
26400,921,[],"[0, 0, 0, 0, 0]",0.0,"[nan, nan, nan, nan, nan]",0,[],[],0,3.965324545591596e-06,0.8000003631772504,120.58332124926964,0.0,3.965324545591596e-06,525.0,0,0.0,750.0,0.0,0.0
26460,921,[],"[0, 0, 0, 0, 0]",0.0,"[nan, nan, nan, nan, nan]",0,[],[],0,3.951412962946243e-06,0.8000003635499419,120.58332130544508,0.0,3.951412962946243e-06,525.0,0,0.0,750.0,0.0,0.0
26520,921,[],"[0, 0, 0, 0, 0]",0.0,"[nan, nan, nan, nan, nan]",0,[],[],0,3.9810000090323135e-06,0.8000003639213257,120.58332136142343,0.0,3.9810000090323135e-06,525.0,0,0.0,750.0,0.0,0.0
26580,921,[],"[0, 0, 0, 0, 0]",0.0,"[nan, nan, nan, nan, nan]",0,[],[],0,3.96631771576378e-06,0.8000003642954904,120.58332141782093,0.0,3.96631771576378e-06,525.0,0,0.0,750.0,0.0,0.0
26640,921,[],"[0, 0, 0, 0, 0]",0.0,"[nan, nan, nan, nan, nan]",0,[],[],0,3.95253379363876e-06,0.8000003646682751,120.58332147401043,0.0,3.95253379363876e-06,525.0,0,0.0,750.0,0.0,0.0
26700,921,[],"[0, 0, 0, 0, 0]",0.0,"[nan, nan, nan, nan, nan]",0,[],[],0,3.9283596854609915e-06,0.8000003650397643,120.58332153000467,0.0,3.9283596854609915e-06,525.0,0,0.0,750.0,0.0,0.0
26760,921,[],"[0, 0, 0, 0, 0]",0.0,"[nan, nan, nan, nan, nan]",0,[],[],0,3.9021410482079925e-06,0.8000003654089816,120.58332158565644,0.0,3.9021410482079925e-06,525.0,0,0.0,750.0,0.0,0.0
26820,921,[],"[0, 0, 0, 0, 0]",0.0,"[nan, nan, nan, nan, nan]",0,[],[],0,3.924477316613772e-06,0.8000003657757345,120.58332164093677,0.0,3.924477316613772e-06,525.0,0,0.0,750.0,0.0,0.0
26880,921,[],"[0, 0, 0, 0, 0]",0.0,"[nan, nan, nan, nan, nan]",0,[],[],0,3.938890985667484e-06,0.8000003661445867,120.58332169653353,0.0,3.938890985667484e-06,525.0,0,0.0,750.0,0.0,0.0
26940,921,[],"[0, 0, 0, 0, 0]",0.0,"[nan, nan, nan, nan, nan]",0,[],[],0,3.926323685633156e-06,0.8000003665147937,120.58332175233448,0.0,3.926323685633156e-06,525.0,0,0.0,750.0,0.0,0.0
27000,921,[],"[0, 0, 0, 0, 0]",0.0,"[nan, nan, nan, nan, nan]",0,[],[],0,3.921262982810122e-06,0.8000003668838195,120.5833218079574,0.0,3.921262982810122e-06,525.0,0,0.0,750.0,0.0,0.0
27060,921,[],"[0, 0, 0, 0, 0]",0.0,"[nan, nan, nan, nan, nan]",0,[],[],0,3.874020499360469e-06,0.8000003672523697,120.58332186350863,0.0,3.874020499360469e-06,525.0,0,0.0,750.0,0.0,0.0
27120,921,[],"[0, 0, 0, 0, 0]",0.0,"[nan, nan, nan, nan, nan]",0,[],[],0,3.870971510279231e-06,0.8000003676164795,120.58332191839058,0.0,3.870971510279231e-06,525.0,0,0.0,750.0,0.0,0.0
27180,921,[],"[0, 0, 0, 0, 0]",0.0,"[nan, nan, nan, nan, nan]",0,[],[],0,3.895019824282149e-06,0.8000003679803029,120.58332197322935,0.0,3.895019824282149e-06,525.0,0,0.0,750.0,0.0,0.0
27240,921,[],"[0, 0, 0, 0, 0]",0.0,"[nan, nan, nan, nan, nan]",0,[],[],0,3.89382717226082e-06,0.8000003683463864,120.58332202840879,0.0,3.89382717226082e-06,525.0,0,0.0,750.0,0.0,0.0
27300,921,[],"[0, 0, 0, 0, 0]",0.0,"[nan, nan, nan, nan, nan]",0,[],[],0,3.882502227723153e-06,0.8000003687123579,120.58332208357133,0.0,3.882502227723153e-06,525.0,0,0.0,750.0,0.0,0.0
27360,921,[],"[0, 0, 0, 0, 0]",0.0,"[nan, nan, nan, nan, nan]",0,[],[],0,3.84099528455058e-06,0.8000003690772651,120.58332213857345,0.0,3.84099528455058e-06,525.0,0,0.0,750.0,0.0,0.0
27420,921,[],"[0, 0, 0, 0, 0]",0.0,"[nan, nan, nan, nan, nan]",0,[],[],0,3.8358694852604204e-06,0.8000003694382711,120.58332219298755,0.0,3.8358694852604204e-06,525.0,0,0.0,750.0,0.0,0.0
27480,921,[],"[0, 0, 0, 0, 0]",0.0,"[nan, nan, nan, nan, nan]",0,[],[],0,3.852612408252632e-06,0.8000003697987953,120.58332224732904,0.0,3.852612408252632e-06,525.0,0,0.0,750.0,0.0,0.0
27540,921,[],"[0, 0, 0, 0, 0]",0.0,"[nan, nan, nan, nan, nan]",0,[],[],0,3.829766009347935e-06,0.8000003701608931,120.58332230190771,0.0,3.829766009347935e-06,525.0,0,0.0,750.0,0.0,0.0
27600,921,[],"[0, 0, 0, 0, 0]",0.0,"[nan, nan, nan, nan, nan]",0,[],[],0,3.821821451459623e-06,0.8000003705208437,120.58332235616274,0.0,3.821821451459623e-06,525.0,0,0.0,750.0,0.0,0.0
27660,921,[],"[0, 0, 0, 0, 0]",0.0,"[nan, nan, nan, nan, nan]",0,[],[],0,3.817984837780005e-06,0.8000003708800476,120.58332241030521,0.0,3.817984837780005e-06,525.0,0,0.0,750.0,0.0,0.0
27720,921,[],"[0, 0, 0, 0, 0]",0.0,"[nan, nan, nan, nan, nan]",0,[],[],0,3.8165273888828375e-06,0.8000003712388909,120.58332246439333,0.0,3.8165273888828375e-06,525.0,0,0.0,750.0,0.0,0.0
27780,921,[],"[0, 0, 0, 0, 0]",0.0,"[nan, nan, nan, nan, nan]",0,[],[],0,3.823151778033278e-06,0.8000003715975972,120.5833225184608,0.0,3.823151778033278e-06,525.0,0,0.0,750.0,0.0,0.0
27840,921,[],"[0, 0, 0, 0, 0]",0.0,"[nan, nan, nan, nan, nan]",0,[],[],0,3.838731688528037e-06,0.8000003719569262,120.58332257262212,0.0,3.838731688528037e-06,525.0,0,0.0,750.0,0.0,0.0
27900,921,[],"[0, 0, 0, 0, 0]",0.0,"[nan, nan, nan, nan, nan]",0,[],[],0,3.846123617917381e-06,0.8000003723177194,120.58332262700415,0.0,3.846123617917381e-06,525.0,0,0.0,750.0,0.0,0.0
27960,921,[],"[0, 0, 0, 0, 0]",0.0,"[nan, nan, nan, nan, nan]",0,[],[],0,3.8021602983259874e-06,0.8000003726792073,120.5833226814909,0.0,3.8021602983259874e-06,525.0,0,0.0,750.0,0.0,0.0
28020,921,[],"[0, 0, 0, 0, 0]",0.0,"[nan, nan, nan, nan, nan]",0,[],[],0,3.7787585626350536e-06,0.8000003730365634,120.58332273535484,0.0,3.7787585626350536e-06,525.0,0,0.0,750.0,0.0,0.0
28080,921,[],"[0, 0, 0, 0, 0]",0.0,"[nan, nan, nan, nan, nan]",0,[],[],0,3.7638953380775123e-06,0.8000003733917198,120.58332278888726,0.0,3.7638953380775123e-06,525.0,0,0.0,750.0,0.0,0.0
28140,921,[],"[0, 0, 0, 0, 0]",0.0,"[nan, nan, nan, nan, nan]",0,[],[],0,3.7675700105604533e-06,0.8000003737454794,120.58332284220911,0.0,3.7675700105604533e-06,525.0,0,0.0,750.0,0.0,0.0
28200,921,[],"[0, 0, 0, 0, 0]",0.0,"[nan, nan, nan, nan, nan]",0,[],[],0,3.729992962428539e-06,0.8000003740995844,120.58332289558302,0.0,3.729992962428539e-06,525.0,0,0.0,750.0,0.0,0.0
28260,921,[],"[0, 0, 0, 0, 0]",0.0,"[nan, nan, nan, nan, nan]",0,[],[],0,3.7715898641195503e-06,0.8000003744501575,120.5833229484246,0.0,3.7715898641195503e-06,525.0,0,0.0,750.0,0.0,0.0
28320,921,[],"[0, 0, 0, 0, 0]",0.0,"[nan, nan, nan, nan, nan]",0,[],[],0,3.781531648424227e-06,0.8000003748046401,120.58332300185545,0.0,3.781531648424227e-06,525.0,0,0.0,750.0,0.0,0.0
28380,921,[],"[0, 0, 0, 0, 0]",0.0,"[nan, nan, nan, nan, nan]",0,[],[],0,3.753089137939533e-06,0.8000003751600573,120.58332305542714,0.0,3.753089137939533e-06,525.0,0,0.0,750.0,0.0,0.0
28440,921,[],"[0, 0, 0, 0, 0]",0.0,"[nan, nan, nan, nan, nan]",0,[],[],0,3.731676875312887e-06,0.8000003755128012,120.5833231085959,0.0,3.731676875312887e-06,525.0,0,0.0,750.0,0.0,0.0
28500,921,[],"[0, 0, 0, 0, 0]",0.0,"[nan, nan, nan, nan, nan]",0,[],[],0,3.7221402860839695e-06,0.8000003758635326,120.58332316146132,0.0,3.7221402860839695e-06,525.0,0,0.0,750.0,0.0,0.0
28560,921,[],"[0, 0, 0, 0, 0]",0.0,"[nan, nan, nan, nan, nan]",0,[],[],0,3.70577289776212e-06,0.8000003762133676,120.58332321419164,0.0,3.70577289776212e-06,525.0,0,0.0,750.0,0.0,0.0
28620,921,[],"[0, 0, 0, 0, 0]",0.0,"[nan, nan, nan, nan, nan]",0,[],[],0,3.7010786776041573e-06,0.8000003765616643,120.58332326669009,0.0,3.7010786776041573e-06,525.0,0,0.0,750.0,0.0,0.0
28680,921,[],"[0, 0, 0, 0, 0]",0.0,"[nan, nan, nan, nan, nan]",0,[],[],0,3.6683417752726e-06,0.8000003769095199,120.58332331912203,0.0,3.6683417752726e-06,525.0,0,0.0,750.0,0.0,0.0
28740,921,[],"[0, 0, 0, 0, 0]",0.0,"[nan, nan, nan, nan, nan]",0,[],[],0,3.68995601692865e-06,0.8000003772542985,120.5833233710902,0.0,3.68995601692865e-06,525.0,0,0.0,750.0,0.0,0.0
28800,921,[],"[0, 0, 0, 0, 0]",0.0,"[nan, nan, nan, nan, nan]",0,[],[],0,3.692706988968796e-06,0.8000003776011086,120.58332342336458,0.0,3.692706988968796e-06,525.0,0,0.0,750.0,0.0,0.0
28860,921,[],"[0, 0, 0, 0, 0]",0.0,"[nan, nan, nan, nan, nan]",0,[],[],0,3.662861115423619e-06,0.8000003779481774,120.58332347567793,0.0,3.662861115423619e-06,525.0,0,0.0,750.0,0.0,0.0
28920,921,[],"[0, 0, 0, 0, 0]",0.0,"[nan, nan, nan, nan, nan]",0,[],[],0,3.6371928484749936e-06,0.800000378292441,120.58332352756847,0.0,3.6371928484749936e-06,525.0,0,0.0,750.0,0.0,0.0
28980,921,[],"[0, 0, 0, 0, 0]",0.0,"[nan, nan, nan, nan, nan]",0,[],[],0,3.6954327958783663e-06,0.8000003786342921,120.58332357909536,0.0,3.6954327958783663e-06,525.0,0,0.0,750.0,0.0,0.0
29040,921,[],"[0, 0, 0, 0, 0]",0.0,"[nan, nan, nan, nan, nan]",0,[],[],0,3.6559712488919804e-06,0.8000003789816169,120.58332363144733,0.0,3.6559712488919804e-06,525.0,0,0.0,750.0,0.0,0.0
29100,921,[],"[0, 0, 0, 0, 0]",0.0,"[nan, nan, nan, nan, nan]",0,[],[],0,3.646362505843753e-06,0.8000003793252329,120.58332368324025,0.0,3.646362505843753e-06,525.0,0,0.0,750.0,0.0,0.0
29160,921,[],"[0, 0, 0, 0, 0]",0.0,"[nan, nan, nan, nan, nan]",0,[],[],0,3.6520447976555532e-06,0.8000003796679458,120.58332373489705,0.0,3.6520447976555532e-06,525.0,0,0.0,750.0,0.0,0.0
29220,921,[],"[0, 0, 0, 0, 0]",0.0,"[nan, nan, nan, nan, nan]",0,[],[],0,3.6615863450257893e-06,0.8000003800111928,120.58332378663435,0.0,3.6615863450257893e-06,525.0,0,0.0,750.0,0.0,0.0
29280,921,[],"[0, 0, 0, 0, 0]",0.0,"[nan, nan, nan, nan, nan]",0,[],[],0,3.646654232304393e-06,0.8000003803553366,120.58332383850683,0.0,3.646654232304393e-06,525.0,0,0.0,750.0,0.0,0.0
29340,921,[],"[0, 0, 0, 0, 0]",0.0,"[nan, nan, nan, nan, nan]",0,[],[],0,3.6545180662595724e-06,0.8000003806980769,120.58332389016776,0.0,3.6545180662595724e-06,525.0,0,0.0,750.0,0.0,0.0
29400,921,[],"[0, 0, 0, 0, 0]",0.0,"[nan, nan, nan, nan, nan]",0,[],[],0,3.6337870006878154e-06,0.8000003810415562,120.5833239419401,0.0,3.6337870006878154e-06,525.0,0,0.0,750.0,0.0,0.0
29460,921,[],"[0, 0, 0, 0, 0]",0.0,"[nan, nan, nan, nan, nan]",0,[],[],0,3.61888977588513e-06,0.8000003813830873,120.58332399341874,0.0,3.61888977588513e-06,525.0,0,0.0,750.0,0.0,0.0
29520,921,[],"[0, 0, 0, 0, 0]",0.0,"[nan, nan, nan, nan, nan]",0,[],[],0,3.6113418404653406e-06,0.8000003817232181,120.58332404468635,0.0,3.6113418404653406e-06,525.0,0,0.0,750.0,0.0,0.0
29580,921,[],"[0, 0, 0, 0, 0]",0.0,"[nan, nan, nan, nan, nan]",0,[],[],0,3.57081313639381e-06,0.8000003820626396,120.58332409584703,0.0,3.57081313639381e-06,525.0,0,0.0,750.0,0.0,0.0
29640,921,[],"[0, 0, 0, 0, 0]",0.0,"[nan, nan, nan, nan, nan]",0,[],[],0,3.5847714535604085e-06,0.8000003823982518,120.58332414643355,0.0,3.5847714535604085e-06,525.0,0,0.0,750.0,0.0,0.0
29700,921,[],"[0, 0, 0, 0, 0]",0.0,"[nan, nan, nan, nan, nan]",0,[],[],0,3.611791009640336e-06,0.8000003827351758,120.58332419721782,0.0,3.611791009640336e-06,525.0,0,0.0,750.0,0.0,0.0
29760,921,[],"[0, 0, 0, 0, 0]",0.0,"[nan, nan, nan, nan, nan]",0,[],[],0,3.5800207855522116e-06,0.8000003830746395,120.58332424838486,0.0,3.5800207855522116e-06,525.0,0,0.0,750.0,0.0,0.0
29820,921,[],"[0, 0, 0, 0, 0]",0.0,"[nan, nan, nan, nan, nan]",0,[],[],0,3.578422331343626e-06,0.8000003834111171,120.58332429910182,0.0,3.578422331343626e-06,525.0,0,0.0,750.0,0.0,0.0
29880,921,[],"[0, 0, 0, 0, 0]",0.0,"[nan, nan, nan, nan, nan]",0,[],[],0,3.5494324061799427e-06,0.8000003837474444,120.58332434979613,0.0,3.5494324061799427e-06,525.0,0,0.0,750.0,0.0,0.0
29940,921,[],"[0, 0, 0, 0, 0]",0.0,"[nan, nan, nan, nan, nan]",0,[],[],0,3.563598760401339e-06,0.8000003840810471,120.58332440007976,0.0,3.563598760401339e-06,525.0,0,0.0,750.0,0.0,0.0
30000,921,[],"[0, 0, 0, 0, 0]",0.0,"[nan, nan, nan, nan, nan]",0,[],[],0,3.5689016184011035e-06,0.8000003844159813,120.58332445056408,0.0,3.5689016184011035e-06,525.0,0,0.0,750.0,0.0,0.0
30060,921,[],"[0, 0, 0, 0, 0]",0.0,"[nan, nan, nan, nan, nan]",0,[],[],0,3.5680994749741347e-06,0.8000003847514138,120.58332450112351,0.0,3.5680994749741347e-06,525.0,0,0.0,750.0,0.0,0.0
30120,921,[],"[0, 0, 0, 0, 0]",0.0,"[nan, nan, nan, nan, nan]",0,[],[],0,3.573955200466272e-06,0.800000385086771,120.5833245516716,0.0,3.573955200466272e-06,525.0,0,0.0,750.0,0.0,0.0
30180,921,[],"[0, 0, 0, 0, 0]",0.0,"[nan, nan, nan, nan, nan]",0,[],[],0,3.5216779406211184e-06,0.8000003854226785,120.58332460230262,0.0,3.5216779406211184e-06,525.0,0,0.0,750.0,0.0,0.0
30240,921,[],"[0, 0, 0, 0, 0]",0.0,"[nan, nan, nan, nan, nan]",0,[],[],0,3.5427672687184153e-06,0.8000003857536725,120.58332465219306,0.0,3.5427672687184153e-06,525.0,0,0.0,750.0,0.0,0.0
30300,921,[],"[0, 0, 0, 0, 0]",0.0,"[nan, nan, nan, nan, nan]",0,[],[],0,3.5191392665665073e-06,0.8000003860866488,120.58332470238226,0.0,3.5191392665665073e-06,525.0,0,0.0,750.0,0.0,0.0
30360,921,[],"[0, 0, 0, 0, 0]",0.0,"[nan, nan, nan, nan, nan]",0,[],[],0,3.5268951280166795e-06,0.8000003864174043,120.58332475223673,0.0,3.5268951280166795e-06,525.0,0,0.0,750.0,0.0,0.0
30420,921,[],"[0, 0, 0, 0, 0]",0.0,"[nan, nan, nan, nan, nan]",0,[],[],0,3.5284480663808036e-06,0.8000003867488887,120.58332480220108,0.0,3.5284480663808036e-06,525.0,0,0.0,750.0,0.0,0.0
30480,921,[],"[0, 0, 0, 0, 0]",0.0,"[nan, nan, nan, nan, nan]",0,[],[],0,3.525592662538612e-06,0.8000003870805191,120.58332485218743,0.0,3.525592662538612e-06,525.0,0,0.0,750.0,0.0,0.0
30540,921,[],"[0, 0, 0, 0, 0]",0.0,"[nan, nan, nan, nan, nan]",0,[],[],0,3.5319666189496155e-06,0.8000003874118812,120.58332490213333,0.0,3.5319666189496155e-06,525.0,0,0.0,750.0,0.0,0.0
30600,921,[],"[0, 0, 0, 0, 0]",0.0,"[nan, nan, nan, nan, nan]",0,[],[],0,3.506406144011532e-06,0.8000003877438423,120.58332495216952,0.0,3.506406144011532e-06,525.0,0,0.0,750.0,0.0,0.0
30660,921,[],"[0, 0, 0, 0, 0]",0.0,"[nan, nan, nan, nan, nan]",0,[],[],0,3.5156905199051264e-06,0.800000388073401,120.5833250018436,0.0,3.5156905199051264e-06,525.0,0,0.0,750.0,0.0,0.0
30720,921,['rideHailVehicle-3891702@GlobalRHM'],"[299.9342425529452, 0, 0, 0, 0]",299.9342425529452,"[1.1042830540037243, nan, nan, nan, nan]",1,[],[],0,-298.7940743944665,0.8000003884038325,120.58332505164923,0.0,1.140168158478673,525.0,0,0.0,750.0,0.0,0.0
30780,921,['rideHailVehicle-3891702@GlobalRHM'],"[299.8572105711769, 0, 0, 0, 0]",299.8572105711769,"[1.1174279905438385, nan, nan, nan, nan]",1,[],[],0,-297.2931287359498,0.7611312649459149,114.72461771058126,300.0,2.564081835227114,525.0,0,300.0,750.0,-4.66776262411758,-477.0
30840,921,['rideHailVehicle-3891702@GlobalRHM'],"[299.78062492018586, 0, 0, 0, 0]",299.78062492018586,"[1.1343925884296777, nan, nan, nan, nan]",1,[],[],0,-295.5314680143032,0.7224573944970227,108.89534067654303,300.0,4.249156905882671,525.0,0,300.0,750.0,-4.670142447931299,-417.0
30900,921,['rideHailVehicle-3891702@GlobalRHM'],"[299.70454680071504, 0, 0, 0, 0]",299.70454680071504,"[1.1571024772861018, nan, nan, nan, nan]",1,[],[],0,-293.5349631798095,0.6840126926091854,103.10060600959591,300.0,6.1695836209055415,525.0,0,300.0,750.0,-4.673798699261534,-357.0
30960,921,['rideHailVehicle-3891702@GlobalRHM'],"[299.6290319523087, 0, 0, 0, 0]",299.6290319523087,"[1.1890393098686713, nan, nan, nan, nan]",1,[],[],0,-291.32840285067124,0.6458277093688932,97.3450184962663,300.0,8.300629101637469,525.0,0,300.0,750.0,-4.678722919249616,-297.0
31020,921,['rideHailVehicle-3891702@GlobalRHM'],"[299.5541285291927, 0, 0, 0, 0]",299.5541285291927,"[1.2372104162047832, nan, nan, nan, nan]",1,[],[],0,-288.9384269618125,0.6079297701940646,91.63269687174333,300.0,10.6157015673802,525.0,0,300.0,750.0,-4.684905720044469,-237.0
31080,921,['rideHailVehicle-3891702@GlobalRHM'],"[299.47987869296185, 0, 0, 0, 0]",299.47987869296185,"[1.3181245363542096, nan, nan, nan, nan]",1,[],[],0,-286.3913598337672,0.570342735002435,85.96723751955093,300.0,13.088518859194664,525.0,0,300.0,750.0,-4.69233691122459,-177.0
31140,921,['rideHailVehicle-3891702@GlobalRHM'],"[299.4063167157628, 0, 0, 0, 0]",299.4063167157628,"[1.4821544204795105, nan, nan, nan, nan]",1,[],[],0,-283.71492096669266,0.5330870392687791,80.3517206600653,300.0,15.691395749070125,525.0,0,300.0,750.0,-4.701005599675227,-117.0
31200,921,['rideHailVehicle-3891702@GlobalRHM'],"[299.3334700489967, 0, 0, 0, 0]",299.3334700489967,"[1.9917684886482483, nan, nan, nan, nan]",1,[],[],0,-280.93635599726315,0.49617951253065196,74.78868299405171,300.0,18.397114051733524,525.0,0,300.0,750.0,-4.71090032107918,-57.0
31260,921,['rideHailVehicle-3891702@GlobalRHM'],"[267.5888737181415, 0, 0, 0, 0]",267.5888737181415,"[inf, nan, nan, nan, nan]",1,[],[],0,-246.41217883323938,0.45963344003170775,69.28012699410537,268.32054921575394,21.176694884902105,525.0,0,268.32054921575394,750.0,-4.472009153595899,0.0
31320,921,['rideHailVehicle-3891702@GlobalRHM'],"[3.3074239101029295e-05, 0, 0, 0, 0]",3.3074239101029295e-05,"[inf, nan, nan, nan, nan]",1,[],[],0,23.994026148761606,0.4275785024630361,64.44851564443401,0.7316754976123718,23.994059223000708,525.0,0,0.7316754976123718,750.0,-0.012194591626872864,0.0
31380,921,['rideHailVehicle-3891702@GlobalRHM'],"[0.0009533487015675804, 0, 0, 0, 0]",0.0009533487015675804,"[inf, nan, nan, nan, nan]",1,[],[],0,26.765770815771415,0.42983364369637483,64.7884310148748,0.7316424233731311,26.766724164472983,525.0,0,0.7316424233731311,750.0,-0.012194040389552185,0.0
31440,921,['rideHailVehicle-3891702@GlobalRHM'],"[0.005451355127287904, 0, 0, 0, 0]",0.005451355127287904,"[inf, nan, nan, nan, nan]",1,[],[],0,29.486022531996912,0.43234929459358196,65.16761276809824,0.7306890746716022,29.4914738871242,525.0,0,0.7306890746716022,750.0,-0.012178151244526703,0.0
31500,921,['rideHailVehicle-3891702@GlobalRHM'],"[0.006103469117218659, 0, 0, 0, 0]",0.006103469117218659,"[inf, nan, nan, nan, nan]",1,[],[],0,32.15794590192458,0.4351206154551495,65.58533142063486,0.7252377195445092,32.1640493710418,525.0,0,0.7252377195445092,750.0,-0.01208729532574182,0.0
31560,921,['rideHailVehicle-3891702@GlobalRHM'],"[0.006590800505727422, 0, 0, 0, 0]",0.006590800505727422,"[inf, nan, nan, nan, nan]",1,[],[],0,34.77475888149845,0.4381430640151904,66.04090232091212,0.7191342504270892,34.781349682004176,525.0,0,0.7191342504270892,750.0,-0.011985570840451487,0.0
31620,921,['rideHailVehicle-3891702@GlobalRHM'],"[0.007062683273751585, 0, 0, 0, 0]",0.007062683273751585,"[inf, nan, nan, nan, nan]",1,[],[],0,37.33330841638369,0.4414114605796881,66.53354473840002,0.7125434499214123,37.34037109965744,525.0,0,0.7125434499214123,750.0,-0.011875724165356871,0.0
31680,921,['rideHailVehicle-3891702@GlobalRHM'],"[0.007529715759017713, 0, 0, 0, 0]",0.007529715759017713,"[inf, nan, nan, nan, nan]",1,[],[],0,39.83016305547847,0.4449203291065771,67.0624332742988,0.7054807666477814,39.83769277123749,525.0,0,0.7054807666477814,750.0,-0.011758012777463023,0.0
31740,921,['rideHailVehicle-3891702@GlobalRHM'],"[0.007987460539413205, 0, 0, 0, 0]",0.007987460539413205,"[inf, nan, nan, nan, nan]",1,[],[],0,42.26373210077564,0.448663871039895,67.62669391758475,0.6979510508887188,42.27171956131505,525.0,0,0.6979510508887188,750.0,-0.01163251751481198,0.0
31800,921,['rideHailVehicle-3891702@GlobalRHM'],"[0.008427196206434858, 0, 0, 0, 0]",0.008427196206434858,"[inf, nan, nan, nan, nan]",1,[],[],0,44.630532876438814,0.4526361383177716,68.22543012234573,0.689963590349123,44.63896007264525,525.0,0,0.689963590349123,750.0,-0.011499393172485384,0.0
31860,921,['rideHailVehicle-3891702@GlobalRHM'],"[0.008853805920718496, 0, 0, 0, 0]",0.008853805920718496,"[inf, nan, nan, nan, nan]",1,[],[],0,46.930044483163755,0.4568308555499495,68.85769600476195,0.6815363941427677,46.93889828908447,525.0,0,0.6815363941427677,750.0,-0.011358939902379461,0.0
31920,921,['rideHailVehicle-3891702@GlobalRHM'],"[0.00927071380557078, 0, 0, 0, 0]",0.00927071380557078,"[inf, nan, nan, nan, nan]",1,[],[],0,49.15918345707456,0.46124169838808937,69.52253830160677,0.6726825882222442,49.16845417088013,525.0,0,0.6726825882222442,750.0,-0.011211376470370737,0.0
31980,921,['rideHailVehicle-3891702@GlobalRHM'],"[0.009667546976294898, 0, 0, 0, 0]",0.009667546976294898,"[inf, nan, nan, nan, nan]",1,[],[],0,51.31781689900971,0.46586205267644354,70.21896006724866,0.6634118744166528,51.32748444598601,525.0,0,0.6634118744166528,750.0,-0.01105686457361088,0.0
32040,921,['rideHailVehicle-3891702@GlobalRHM'],"[0.010057280405291361, 0, 0, 0, 0]",0.010057280405291361,"[inf, nan, nan, nan, nan]",1,[],[],0,53.40351002352737,0.4706852917683897,70.94596247331796,0.6537443274403643,53.41356730393266,525.0,0,0.6537443274403643,750.0,-0.010895738790672738,0.0
32100,921,['rideHailVehicle-3891702@GlobalRHM'],"[0.01043662384044935, 0, 0, 0, 0]",0.01043662384044935,"[inf, nan, nan, nan, nan]",1,[],[],0,55.416571810160384,0.4757045601776346,71.70251219865126,0.6436870470349731,55.42700843400083,525.0,0,0.6436870470349731,750.0,-0.010728117450582886,0.0
32160,921,['rideHailVehicle-3891702@GlobalRHM'],"[0.010795357693717204, 0, 0, 0, 0]",0.010795357693717204,"[inf, nan, nan, nan, nan]",1,[],[],0,57.3551090986323,0.48091303145813374,72.4875802992952,0.6332504231946245,57.365904456326014,525.0,0,0.6332504231946245,750.0,-0.010554173719910409,0.0
32220,921,['rideHailVehicle-3891702@GlobalRHM'],"[0.011139935192895174, 0, 0, 0, 0]",0.011139935192895174,"[inf, nan, nan, nan, nan]",1,[],[],0,59.21989833402565,0.48630370123022804,73.30011101152583,0.6224550655009864,59.231038269218544,525.0,0,0.6224550655009864,750.0,-0.010374251091683107,0.0
32280,921,['rideHailVehicle-3891702@GlobalRHM'],"[0.011466221916158505, 0, 0, 0, 0]",0.011466221916158505,"[inf, nan, nan, nan, nan]",1,[],[],0,61.009455823866496,0.49186963809047785,74.13905957125786,0.6113151303080144,61.020922045782655,525.0,0,0.6113151303080144,750.0,-0.010188585505133574,0.0
32340,921,['rideHailVehicle-3891702@GlobalRHM'],"[0.011789881193739844, 0, 0, 0, 0]",0.011789881193739844,"[inf, nan, nan, nan, nan]",1,[],[],0,62.72501007656098,0.4976037711867304,75.00336019542931,0.5998489083917491,62.73679995775472,525.0,0,0.5998489083917491,750.0,-0.009997481806529152,0.0
32400,921,['rideHailVehicle-3891702@GlobalRHM'],"[0.012095012674985818, 0, 0, 0, 0]",0.012095012674985818,"[inf, nan, nan, nan, nan]",1,[],[],0,64.36544120483293,0.5034991451314046,75.89196450484725,0.5880590271979713,64.37753621750792,525.0,0,0.5880590271979713,750.0,-0.009800983786632855,0.0
32460,921,['rideHailVehicle-3891702@GlobalRHM'],"[0.012386407010295416, 0, 0, 0, 0]",0.012386407010295416,"[inf, nan, nan, nan, nan]",1,[],[],0,65.93239858593714,0.5095486992813884,76.80380825524905,0.5759640145231515,65.94478499294743,525.0,0,0.5759640145231515,750.0,-0.009599400242052525,0.0
32520,921,['rideHailVehicle-3891702@GlobalRHM'],"[0.012662791941741807, 0, 0, 0, 0]",0.012662791941741807,"[inf, nan, nan, nan, nan]",1,[],[],0,67.42507161010853,0.5157455280145998,77.73785056854983,0.5635776075126842,67.43773440205027,525.0,0,0.5635776075126842,750.0,-0.009392960125211403,0.0
32580,921,['rideHailVehicle-3891702@GlobalRHM'],"[0.012923264819109985, 0, 0, 0, 0]",0.012923264819109985,"[inf, nan, nan, nan, nan]",1,[],[],0,68.84544828364638,0.5220826495216805,78.69303908302636,0.5509148155708488,68.85837154846548,525.0,0,0.5509148155708488,750.0,-0.00918191359284748,0.0
32640,921,['rideHailVehicle-3891702@GlobalRHM'],"[0.013175805331381582, 0, 0, 0, 0]",0.013175805331381582,"[inf, nan, nan, nan, nan]",1,[],[],0,70.19303229710556,0.5285532688412379,79.66834960037802,0.5379915507518263,70.20620810243695,525.0,0,0.5379915507518263,750.0,-0.008966525845863771,0.0
32700,921,['rideHailVehicle-3891702@GlobalRHM'],"[0.013409162845868128, 0, 0, 0, 0]",0.013409162845868128,"[inf, nan, nan, nan, nan]",1,[],[],0,71.4700620983046,0.5351505443649395,80.66275089125368,0.5248157454205682,71.48347126115047,525.0,0,0.5248157454205682,750.0,-0.008746929090342803,0.0
32760,921,['rideHailVehicle-3891702@GlobalRHM'],"[0.013635908829315126, 0, 0, 0, 0]",0.013635908829315126,"[inf, nan, nan, nan, nan]",1,[],[],0,72.67638027856033,0.5418678448708192,81.67524343764633,0.511406582574665,72.69001618738965,525.0,0,0.511406582574665,750.0,-0.008523443042911083,0.0
32820,921,['rideHailVehicle-3891702@GlobalRHM'],"[0.013852838791974308, 0, 0, 0, 0]",0.013852838791974308,"[inf, nan, nan, nan, nan]",1,[],[],0,73.83954318675542,0.5486985243424446,82.7048254915926,0.49777067374549233,73.8533960255474,525.0,0,0.49777067374549233,750.0,-0.008296177895758206,0.0
32880,921,['rideHailVehicle-3891702@GlobalRHM'],"[0.014059336204774512, 0, 0, 0, 0]",0.014059336204774512,"[inf, nan, nan, nan, nan]",1,[],[],0,74.96891193396799,0.5556385267188254,83.7508856867383,0.4839178349534734,74.98297127017277,525.0,0,0.4839178349534734,750.0,-0.008065297249224557,0.0
32940,921,['rideHailVehicle-3891702@GlobalRHM'],"[0.014264893034142485, 0, 0, 0, 0]",0.014264893034142485,"[inf, nan, nan, nan, nan]",1,[],[],0,76.06398727176467,0.5626846757674527,84.81294527246952,0.46985849874857877,76.07825216479881,525.0,0,0.46985849874857877,750.0,-0.00783097497914298,0.0
33000,921,['rideHailVehicle-3891702@GlobalRHM'],"[0.01446184734429047, 0, 0, 0, 0]",0.01446184734429047,"[inf, nan, nan, nan, nan]",1,[],[],0,77.12430277657306,0.5698337483326489,85.89051842548619,0.45559360571431284,77.13876462391735,525.0,0,0.45559360571431284,750.0,-0.007593226761905214,0.0
33060,921,['rideHailVehicle-3891702@GlobalRHM'],"[0.01465372130565147, 0, 0, 0, 0]",0.01465372130565147,"[inf, nan, nan, nan, nan]",1,[],[],0,78.14939671697306,0.5770824774206985,86.98311271482098,0.4411317583701191,78.16405043827871,525.0,0,0.4411317583701191,750.0,-0.007352195972835318,0.0
33120,921,['rideHailVehicle-3891702@GlobalRHM'],"[0.01483593201862477, 0, 0, 0, 0]",0.01483593201862477,"[inf, nan, nan, nan, nan]",1,[],[],0,79.13883153846315,0.5844275526408524,88.09022916831142,0.42647803706429954,79.15366747048178,525.0,0,0.42647803706429954,750.0,-0.007107967284404992,0.0
33180,921,['rideHailVehicle-3891702@GlobalRHM'],"[0.015014461161483805, 0, 0, 0, 0]",0.015014461161483805,"[inf, nan, nan, nan, nan]",1,[],[],0,80.0921753836637,0.5918656224776585,89.21136261510632,0.4116421050456154,80.10718984482519,525.0,0,0.4116421050456154,750.0,-0.006860701750760256,0.0
33240,921,['rideHailVehicle-3891702@GlobalRHM'],"[0.015184108505278392, 0, 0, 0, 0]",0.015184108505278392,"[inf, nan, nan, nan, nan]",1,[],[],0,81.00902402776941,0.5993932948264202,90.3460017663749,0.3966276438841021,81.0242081362747,525.0,0,0.3966276438841021,750.0,-0.006610460731401702,0.0
33300,921,['rideHailVehicle-3891702@GlobalRHM'],"[0.015347605891245775, 0, 0, 0, 0]",0.015347605891245775,"[inf, nan, nan, nan, nan]",1,[],[],0,81.8889819329981,0.607007139590317,91.4936296067683,0.381443535378736,81.90432953888936,525.0,0,0.381443535378736,750.0,-0.0063573922563122665,0.0
33360,921,['rideHailVehicle-3891702@GlobalRHM'],"[0.015503662701348132, 0, 0, 0, 0]",0.015503662701348132,"[inf, nan, nan, nan, nan]",1,[],[],0,82.73167437150539,0.6147036894968766,92.65372351748577,0.3660959294874999,82.74717803420674,525.0,0,0.3660959294874999,750.0,-0.006101598824791665,0.0
33420,921,['rideHailVehicle-3891702@GlobalRHM'],"[0.015653599460259675, 0, 0, 0, 0]",0.015653599460259675,"[inf, nan, nan, nan, nan]",1,[],[],0,83.53674095309968,0.6224794420538506,93.8257555710821,0.35059226678612276,83.55239455255995,525.0,0,0.35059226678612276,750.0,-0.005843204446435379,0.0
33480,921,['rideHailVehicle-3891702@GlobalRHM'],"[0.015795382144121236, 0, 0, 0, 0]",0.015795382144121236,"[inf, nan, nan, nan, nan]",1,[],[],0,84.3038417477586,0.6303308608967778,95.00919273458435,0.33493866732584365,84.31963712990272,525.0,0,0.33493866732584365,750.0,-0.005582311122097394,0.0
33540,921,['rideHailVehicle-3891702@GlobalRHM'],"[0.015930980685209192, 0, 0, 0, 0]",0.015930980685209192,"[inf, nan, nan, nan, nan]",1,[],[],0,85.03265006314814,0.6382543777119851,96.20349715934427,0.31914328518183765,85.04858104383335,525.0,0,0.31914328518183765,750.0,-0.005319054753030628,0.0
33600,921,['rideHailVehicle-3891702@GlobalRHM'],"[0.016058285152951008, 0, 0, 0, 0]",0.016058285152951008,"[inf, nan, nan, nan, nan]",1,[],[],0,85.72286067288682,0.6462463934807672,97.4081263685722,0.3032123044965829,85.73891895803978,525.0,0,0.3032123044965829,750.0,-0.005053538408276381,0.0
33660,921,[],"[0, 0, 0, 0, 0]",0.0,"[nan, nan, nan, nan, nan]",0,[],[],0,86.39033022341172,0.6543032804969195,98.62253356143809,0.2871540193437738,86.39033022341172,525.0,0,0.2871540193437738,750.0,-0.00478590032239623,0.0
33720,921,[],"[0, 0, 0, 0, 0]",0.0,"[nan, nan, nan, nan, nan]",0,[],[],0,87.0025675086917,0.66242290138258,99.84639657293643,0.0,87.0025675086917,525.0,0,0.0,750.0,0.0,0.0
33780,921,[],"[0, 0, 0, 0, 0]",0.0,"[nan, nan, nan, nan, nan]",0,[],[],0,87.57537634710651,0.6706000649890019,101.07893294597622,0.0,87.57537634710651,525.0,0,0.0,750.0,0.0,0.0
33840,921,[],"[0, 0, 0, 0, 0]",0.0,"[nan, nan, nan, nan, nan]",0,[],[],0,88.1085201301197,0.6788310655305976,102.31958411089356,0.0,88.1085201301197,525.0,0,0.0,750.0,0.0,0.0
33900,921,[],"[0, 0, 0, 0, 0]",0.0,"[nan, nan, nan, nan, nan]",0,[],[],0,88.6017802017588,0.6871121749835081,103.56778814607026,0.0,88.6017802017588,525.0,0,0.0,750.0,0.0,0.0
33960,921,[],"[0, 0, 0, 0, 0]",0.0,"[nan, nan, nan, nan, nan]",0,[],[],0,89.05495594785712,0.6954396447729213,104.82298003226184,0.0,89.05495594785712,525.0,0,0.0,750.0,0.0,0.0
34020,921,[],"[0, 0, 0, 0, 0]",0.0,"[nan, nan, nan, nan, nan]",0,[],[],0,89.46786487680026,0.7038097074687789,106.08459190818982,0.0,89.46786487680026,525.0,0,0.0,750.0,0.0,0.0
34080,921,[],"[0, 0, 0, 0, 0]",0.0,"[nan, nan, nan, nan, nan]",0,[],[],0,89.84034269033462,0.712218578489071,107.35205332727783,0.0,89.84034269033462,525.0,0,0.0,750.0,0.0,0.0
34140,921,[],"[0, 0, 0, 0, 0]",0.0,"[nan, nan, nan, nan, nan]",0,[],[],0,90.17224335613521,0.7206624578097874,108.6247915153909,0.0,90.17224335613521,525.0,0,0.0,750.0,0.0,0.0
34200,921,[],"[0, 0, 0, 0, 0]",0.0,"[nan, nan, nan, nan, nan]",0,[],[],0,90.46343915162079,0.7291375316816883,109.90223162960281,0.0,90.46343915162079,525.0,0,0.0,750.0,0.0,0.0
34260,921,[],"[0, 0, 0, 0, 0]",0.0,"[nan, nan, nan, nan, nan]",0,[],[],0,90.71382071633333,0.7376399743511933,111.1837970175841,0.0,90.71382071633333,525.0,0,0.0,750.0,0.0,0.0
34320,921,[],"[0, 0, 0, 0, 0]",0.0,"[nan, nan, nan, nan, nan]",0,[],[],0,90.92329709632983,0.7461659497861939,112.46890947773215,0.0,90.92329709632983,525.0,0,0.0,750.0,0.0,0.0
34380,921,[],"[0, 0, 0, 0, 0]",0.0,"[nan, nan, nan, nan, nan]",0,[],[],0,91.09179576596624,0.7547116134060373,113.75698951993016,0.0,91.09179576596624,525.0,0,0.0,750.0,0.0,0.0
34440,921,[],"[0, 0, 0, 0, 0]",0.0,"[nan, nan, nan, nan, nan]",0,[],[],0,91.21926266090497,0.7632731138135587,115.04745662661468,0.0,91.21926266090497,525.0,0,0.0,750.0,0.0,0.0
34500,921,[],"[0, 0, 0, 0, 0]",0.0,"[nan, nan, nan, nan, nan]",0,[],[],0,91.30566218684437,0.7718465945302154,116.33972951431083,0.0,91.30566218684437,525.0,0,0.0,750.0,0.0,0.0
34560,921,[],"[0, 0, 0, 0, 0]",0.0,"[nan, nan, nan, nan, nan]",0,[],[],0,91.35097722520192,0.7804281957320413,117.63322639529113,0.0,91.35097722520192,525.0,0,0.0,750.0,0.0,0.0
34620,921,[],"[0, 0, 0, 0, 0]",0.0,"[nan, nan, nan, nan, nan]",0,[],[],0,91.35520913301278,0.7890140559861352,118.92736523931482,0.0,91.35520913301278,525.0,0,0.0,750.0,0.0,0.0
34680,921,[],"[0, 0, 0, 0, 0]",0.0,"[nan, nan, nan, nan, nan]",0,[],[],0,91.20119494396182,0.7976003139871408,120.22156403536584,0.0,91.20119494396182,525.0,0,0.0,750.0,0.0,0.0
34740,921,[],"[0, 0, 0, 0, 0]",0.0,"[nan, nan, nan, nan, nan]",0,[],[],0,90.87610979259114,0.8061720965622177,121.51358096373863,0.0,90.87610979259114,525.0,0,0.0,750.0,0.0,0.0
34800,921,[],"[0, 0, 0, 0, 0]",0.0,"[nan, nan, nan, nan, nan]",0,[],[],0,90.38094291307047,0.8147133251600397,122.80099251913367,0.0,90.38094291307047,525.0,0,0.0,750.0,0.0,0.0
34860,921,[],"[0, 0, 0, 0, 0]",0.0,"[nan, nan, nan, nan, nan]",0,[],[],0,89.71700109704888,0.8232080142050385,124.08138921040216,0.0,89.71700109704888,525.0,0,0.0,750.0,0.0,0.0
34920,921,[],"[0, 0, 0, 0, 0]",0.0,"[nan, nan, nan, nan, nan]",0,[],[],0,88.88590537878883,0.8316403009438731,125.35238005927702,0.0,88.88590537878883,525.0,0,0.0,750.0,0.0,0.0
34980,921,[],"[0, 0, 0, 0, 0]",0.0,"[nan, nan, nan, nan, nan]",0,[],[],0,87.88958740074366,0.8399944749803425,126.6115970521432,0.0,87.88958740074366,525.0,0,0.0,750.0,0.0,0.0
35040,921,[],"[0, 0, 0, 0, 0]",0.0,"[nan, nan, nan, nan, nan]",0,[],[],0,86.73028505447814,0.8482550074687085,127.85669954032039,0.0,86.73028505447814,525.0,0,0.0,750.0,0.0,0.0
35100,921,[],"[0, 0, 0, 0, 0]",0.0,"[nan, nan, nan, nan, nan]",0,[],[],0,85.41053761877956,0.8564065798973178,129.08537857859216,0.0,85.41053761877956,525.0,0,0.0,750.0,0.0,0.0
35160,921,[],"[0, 0, 0, 0, 0]",0.0,"[nan, nan, nan, nan, nan]",0,[],[],0,83.93318031576554,0.8644341124152684,130.2953611948582,0.0,83.93318031576554,525.0,0,0.0,750.0,0.0,0.0
35220,921,[],"[0, 0, 0, 0, 0]",0.0,"[nan, nan, nan, nan, nan]",0,[],[],0,82.30133832038511,0.8723227916474158,131.48441458266487,0.0,82.30133832038511,525.0,0,0.0,750.0,0.0,0.0
35280,921,[],"[0, 0, 0, 0, 0]",0.0,"[nan, nan, nan, nan, nan]",0,[],[],0,80.51842025184139,0.8800580979463482,132.65035020887032,0.0,80.51842025184139,525.0,0,0.0,750.0,0.0,0.0
35340,921,[],"[0, 0, 0, 0, 0]",0.0,"[nan, nan, nan, nan, nan]",0,[],[],0,78.58811113891599,0.8876258320326343,133.79102782910473,0.0,78.58811113891599,525.0,0,0.0,750.0,0.0,0.0
35400,921,[],"[0, 0, 0, 0, 0]",0.0,"[nan, nan, nan, nan, nan]",0,[],[],0,76.51436487082273,0.8950121409739007,134.9043594035727,0.0,76.51436487082273,525.0,0,0.0,750.0,0.0,0.0
35460,921,[],"[0, 0, 0, 0, 0]",0.0,"[nan, nan, nan, nan, nan]",0,[],[],0,74.3013962069531,0.9022035434543813,135.98831290590937,0.0,74.3013962069531,525.0,0,0.0,750.0,0.0,0.0
35520,921,[],"[0, 0, 0, 0, 0]",0.0,"[nan, nan, nan, nan, nan]",0,[],[],0,71.95367223139144,0.9091869542934825,137.04091601884122,0.0,71.95367223139144,525.0,0,0.0,750.0,0.0,0.0
35580,921,[],"[0, 0, 0, 0, 0]",0.0,"[nan, nan, nan, nan, nan]",0,[],[],0,69.47590340540657,0.9159497081611793,138.06025970878594,0.0,69.47590340540657,525.0,0,0.0,750.0,0.0,0.0
35640,921,[],"[0, 0, 0, 0, 0]",0.0,"[nan, nan, nan, nan, nan]",0,[],[],0,66.87303441979705,0.9224795824524549,139.04450167369586,0.0,66.87303441979705,525.0,0,0.0,701.0748876704241,0.0,0.0
35700,921,[],"[0, 0, 0, 0, 0]",0.0,"[nan, nan, nan, nan, nan]",0,[],[],0,64.1502335672079,0.9287648193019759,139.99186966130966,0.0,64.1502335672079,525.0,0,0.0,644.232808413596,0.0,0.0
35760,921,[],"[0, 0, 0, 0, 0]",0.0,"[nan, nan, nan, nan, nan]",0,[],[],0,61.31288368637451,0.9347941465998953,140.9006646368451,0.0,61.31288368637451,525.0,0,0.0,589.7051098814694,0.0,0.0
35820,921,[],"[0, 0, 0, 0, 0]",0.0,"[nan, nan, nan, nan, nan]",0,[],[],0,58.36657083351479,0.940556798156528,141.76926382240208,0.0,58.36657083351479,525.0,0,0.0,537.589158748051,0.0,0.0
35880,921,[],"[0, 0, 0, 0, 0]",0.0,"[nan, nan, nan, nan, nan]",0,[],[],0,55.317073535726244,0.9460425328022761,142.59612357587687,0.0,55.317073535726244,525.0,0,0.0,487.9775735395634,0.0,0.0
35940,921,[],"[0, 0, 0, 0, 0]",0.0,"[nan, nan, nan, nan, nan]",0,[],[],0,52.17035142125331,0.9512416524775077,143.379782117633,0.0,52.17035142125331,525.0,0,0.0,440.9580610341959,0.0,0.0
36000,921,[],"[0, 0, 0, 0, 0]",0.0,"[nan, nan, nan, nan, nan]",0,[],[],0,48.93253369099927,0.9561450192538214,144.11886209610074,0.0,48.93253369099927,525.0,0,0.0,396.61326232613135,0.0,0.0
36060,921,[],"[0, 0, 0, 0, 0]",0.0,"[nan, nan, nan, nan, nan]",0,[],[],0,45.6099072027895,0.9607440712717759,144.81207299005658,0.0,45.6099072027895,525.0,0,0.0,355.0206086887812,0.0,0.0
36120,921,[],"[0, 0, 0, 0, 0]",0.0,"[nan, nan, nan, nan, nan]",0,[],[],0,42.208904421193566,0.9650308375586865,145.4582133420961,0.0,42.208904421193566,525.0,0,0.0,316.2521875664106,0.0,0.0
36180,921,[],"[0, 0, 0, 0, 0]",0.0,"[nan, nan, nan, nan, nan]",0,[],[],0,38.73609059158304,0.9689979517138572,146.05617282139633,0.0,38.73609059158304,525.0,0,0.0,280.374618808396,0.0,0.0
36240,921,[],"[0, 0, 0, 0, 0]",0.0,"[nan, nan, nan, nan, nan]",0,[],[],0,35.19815174208297,0.9726386643883299,146.6049341047771,0.0,35.19815174208297,525.0,0,0.0,247.4489418055498,0.0,0.0
36300,921,[],"[0, 0, 0, 0, 0]",0.0,"[nan, nan, nan, nan, nan]",0,[],[],0,31.601881332151642,0.9759468546369674,147.10357458778995,0.0,31.601881332151642,525.0,0,0.0,217.53051282477884,0.0,0.0
36360,921,[],"[0, 0, 0, 0, 0]",0.0,"[nan, nan, nan, nan, nan]",0,[],[],0,27.954167509783243,0.9789170400156681,147.5512679066621,0.0,27.954167509783243,525.0,0,0.0,190.66891369244956,0.0,0.0
36420,921,[],"[0, 0, 0, 0, 0]",0.0,"[nan, nan, nan, nan, nan]",0,[],[],0,24.261979885019155,0.9815443854809153,147.94728527971736,0.0,24.261979885019155,525.0,0,0.0,166.90787130913407,0.0,0.0
36480,921,[],"[0, 0, 0, 0, 0]",0.0,"[nan, nan, nan, nan, nan]",0,[],[],0,20.532356218158387,0.9838247110462005,148.29099666142181,0.0,20.532356218158387,525.0,0,0.0,146.28518840686695,0.0,0.0
36540,921,[],"[0, 0, 0, 0, 0]",0.0,"[nan, nan, nan, nan, nan]",0,[],[],0,16.772397405251958,0.9857544981873034,148.58187170784572,0.0,16.772397405251958,525.0,0,0.0,128.83268562143257,0.0,0.0
36600,921,[],"[0, 0, 0, 0, 0]",0.0,"[nan, nan, nan, nan, nan]",0,[],[],0,12.98922055576924,0.9873308957762708,148.81948067108678,0.0,12.98922055576924,525.0,0,0.0,114.57614782696908,0.0,0.0
36660,921,[],"[0, 0, 0, 0, 0]",0.0,"[nan, nan, nan, nan, nan]",0,[],[],0,9.189995853813116,0.9885517216052764,149.00349462896017,0.0,9.189995853813116,525.0,0,0.0,103.5353103545657,0.0,0.0
36720,921,[],"[0, 0, 0, 0, 0]",0.0,"[nan, nan, nan, nan, nan]",0,[],[],0,5.3818993697958275,0.9894154673749798,149.1336862368892,0.0,5.3818993697958275,525.0,0,0.0,95.72381387882444,0.0,0.0
36780,921,[],"[0, 0, 0, 0, 0]",0.0,"[nan, nan, nan, nan, nan]",0,[],[],0,1.5721079856193985,0.989921299247766,149.20992981129464,0.0,1.5721079856193985,525.0,0,0.0,91.14919941449728,0.0,0.0
36840,921,[],"[0, 0, 0, 0, 0]",0.0,"[nan, nan, nan, nan, nan]",0,[],[],0,4.286283293756811e-08,0.9900690579240153,149.23220134109093,0.0,4.286283293756811e-08,525.0,0,0.0,89.81290762672018,0.0,0.0
36900,921,[],"[0, 0, 0, 0, 0]",0.0,"[nan, nan, nan, nan, nan]",0,[],[],0,2.4945285809206634e-08,0.9900690579280439,149.23220134169816,0.0,2.4945285809206634e-08,525.0,0,0.0,89.81290759028639,0.0,0.0
36960,921,[],"[0, 0, 0, 0, 0]",0.0,"[nan, nan, nan, nan, nan]",0,[],[],0,2.494530691908558e-08,0.9900690579303885,149.23220134205155,0.0,2.494530691908558e-08,525.0,0,0.0,89.81290756908265,0.0,0.0
37020,921,[],"[0, 0, 0, 0, 0]",0.0,"[nan, nan, nan, nan, nan]",0,[],[],0,2.4945275984800776e-08,0.990069057932733,149.23220134240495,0.0,2.4945275984800776e-08,525.0,0,0.0,89.81290754787892,0.0,0.0
37080,921,[],"[0, 0, 0, 0, 0]",0.0,"[nan, nan, nan, nan, nan]",0,[],[],0,2.494530611144634e-08,0.9900690579350777,149.23220134275834,0.0,2.494530611144634e-08,525.0,0,0.0,89.81290752667519,0.0,0.0
37140,921,[],"[0, 0, 0, 0, 0]",0.0,"[nan, nan, nan, nan, nan]",0,[],[],0,2.4945340533684883e-08,0.9900690579374223,149.23220134311174,0.0,2.4945340533684883e-08,525.0,0,0.0,89.81290750547146,0.0,0.0
37200,921,[],"[0, 0, 0, 0, 0]",0.0,"[nan, nan, nan, nan, nan]",0,[],[],0,2.4945342250699084e-08,0.9900690579397669,149.23220134346514,0.0,2.4945342250699084e-08,525.0,0,0.0,89.81290748426773,0.0,0.0
37260,921,[],"[0, 0, 0, 0, 0]",0.0,"[nan, nan, nan, nan, nan]",0,[],[],0,2.4945286356679785e-08,0.9900690579421114,149.23220134381853,0.0,2.4945286356679785e-08,525.0,0,0.0,89.812907463064,0.0,0.0
37320,921,[],"[0, 0, 0, 0, 0]",0.0,"[nan, nan, nan, nan, nan]",0,[],[],0,2.494530555150631e-08,0.990069057944456,149.23220134417193,0.0,2.494530555150631e-08,525.0,0,0.0,89.81290744186026,0.0,0.0
37380,921,[],"[0, 0, 0, 0, 0]",0.0,"[nan, nan, nan, nan, nan]",0,[],[],0,2.4945301535844262e-08,0.9900690579468006,149.23220134452532,0.0,2.4945301535844262e-08,525.0,0,0.0,89.81290742065653,0.0,0.0
37440,921,[],"[0, 0, 0, 0, 0]",0.0,"[nan, nan, nan, nan, nan]",0,[],[],0,2.4945283463852117e-08,0.9900690579491451,149.23220134487872,0.0,2.4945283463852117e-08,525.0,0,0.0,89.8129073994528,0.0,0.0
37500,921,[],"[0, 0, 0, 0, 0]",0.0,"[nan, nan, nan, nan, nan]",0,[],[],0,2.4945329616743848e-08,0.9900690579514897,149.2322013452321,0.0,2.4945329616743848e-08,525.0,0,0.0,89.81290737824907,0.0,0.0
37560,921,[],"[0, 0, 0, 0, 0]",0.0,"[nan, nan, nan, nan, nan]",0,[],[],0,2.4945292416506366e-08,0.9900690579538343,149.2322013455855,0.0,2.4945292416506366e-08,525.0,0,0.0,89.81290735704533,0.0,0.0
37620,921,[],"[0, 0, 0, 0, 0]",0.0,"[nan, nan, nan, nan, nan]",0,[],[],0,2.4945342407262228e-08,0.9900690579561788,149.2322013459389,0.0,2.4945342407262228e-08,525.0,0,0.0,89.8129073358416,0.0,0.0
37680,921,[],"[0, 0, 0, 0, 0]",0.0,"[nan, nan, nan, nan, nan]",0,[],[],0,2.4945301983490126e-08,0.9900690579585234,149.2322013462923,0.0,2.4945301983490126e-08,525.0,0,0.0,89.81290731463787,0.0,0.0
37740,921,[],"[0, 0, 0, 0, 0]",0.0,"[nan, nan, nan, nan, nan]",0,[],[],0,2.4945310933692553e-08,0.990069057960868,149.2322013466457,0.0,2.4945310933692553e-08,525.0,0,0.0,89.81290729343414,0.0,0.0
37800,921,[],"[0, 0, 0, 0, 0]",0.0,"[nan, nan, nan, nan, nan]",0,[],[],0,2.4945290707131562e-08,0.9900690579632125,149.2322013469991,0.0,2.4945290707131562e-08,525.0,0,0.0,89.8129072722304,0.0,0.0
37860,921,[],"[0, 0, 0, 0, 0]",0.0,"[nan, nan, nan, nan, nan]",0,[],[],0,2.4945295057758582e-08,0.9900690579655571,149.2322013473525,0.0,2.4945295057758582e-08,525.0,0,0.0,89.81290725102667,0.0,0.0
37920,921,[],"[0, 0, 0, 0, 0]",0.0,"[nan, nan, nan, nan, nan]",0,[],[],0,2.4945314474144073e-08,0.9900690579679017,149.23220134770588,0.0,2.4945314474144073e-08,525.0,0,0.0,89.81290722982294,0.0,0.0
37980,921,[],"[0, 0, 0, 0, 0]",0.0,"[nan, nan, nan, nan, nan]",0,[],[],0,2.494532162877086e-08,0.9900690579702462,149.23220134805928,0.0,2.494532162877086e-08,525.0,0,0.0,89.81290720861921,0.0,0.0
38040,921,[],"[0, 0, 0, 0, 0]",0.0,"[nan, nan, nan, nan, nan]",0,[],[],0,2.494533087709706e-08,0.9900690579725908,149.23220134841267,0.0,2.494533087709706e-08,525.0,0,0.0,89.81290718741548,0.0,0.0
38100,921,[],"[0, 0, 0, 0, 0]",0.0,"[nan, nan, nan, nan, nan]",0,[],[],0,2.4945291227683653e-08,0.9900690579749354,149.23220134876607,0.0,2.4945291227683653e-08,525.0,0,0.0,89.81290716621174,0.0,0.0
38160,921,[],"[0, 0, 0, 0, 0]",0.0,"[nan, nan, nan, nan, nan]",0,[],[],0,2.494532103422293e-08,0.99006905797728,149.23220134911946,0.0,2.494532103422293e-08,525.0,0,0.0,89.81290714500801,0.0,0.0
38220,921,[],"[0, 0, 0, 0, 0]",0.0,"[nan, nan, nan, nan, nan]",0,[],[],0,2.4945291845744487e-08,0.9900690579796245,149.23220134947286,0.0,2.4945291845744487e-08,525.0,0,0.0,89.81290712380428,0.0,0.0
38280,921,[],"[0, 0, 0, 0, 0]",0.0,"[nan, nan, nan, nan, nan]",0,[],[],0,2.4945277642791375e-08,0.9900690579819691,149.23220134982625,0.0,2.4945277642791375e-08,525.0,0,0.0,89.81290710260055,0.0,0.0
38340,921,[],"[0, 0, 0, 0, 0]",0.0,"[nan, nan, nan, nan, nan]",0,[],[],0,2.4945313461595233e-08,0.9900690579843138,149.23220135017965,0.0,2.4945313461595233e-08,525.0,0,0.0,89.81290708139682,0.0,0.0
38400,921,[],"[0, 0, 0, 0, 0]",0.0,"[nan, nan, nan, nan, nan]",0,[],[],0,2.494531502922189e-08,0.9900690579866583,149.23220135053305,0.0,2.494531502922189e-08,525.0,0,0.0,89.81290706019308,0.0,0.0
38460,921,[],"[0, 0, 0, 0, 0]",0.0,"[nan, nan, nan, nan, nan]",0,[],[],0,2.4945240670260327e-08,0.9900690579890029,149.23220135088644,0.0,2.4945240670260327e-08,525.0,0,0.0,89.81290703898935,0.0,0.0
38520,921,[],"[0, 0, 0, 0, 0]",0.0,"[nan, nan, nan, nan, nan]",0,[],[],0,2.4945313068977863e-08,0.9900690579913475,149.23220135123984,0.0,2.4945313068977863e-08,525.0,0,0.0,89.81290701778562,0.0,0.0
38580,921,[],"[0, 0, 0, 0, 0]",0.0,"[nan, nan, nan, nan, nan]",0,[],[],0,2.494529030265462e-08,0.990069057993692,149.23220135159323,0.0,2.494529030265462e-08,525.0,0,0.0,89.81290699658189,0.0,0.0
38640,921,[],"[0, 0, 0, 0, 0]",0.0,"[nan, nan, nan, nan, nan]",0,[],[],0,2.4945285492585616e-08,0.9900690579960366,149.23220135194663,0.0,2.4945285492585616e-08,525.0,0,0.0,89.81290697537816,0.0,0.0
38700,921,[],"[0, 0, 0, 0, 0]",0.0,"[nan, nan, nan, nan, nan]",0,[],[],0,2.494532299818254e-08,0.9900690579983812,149.23220135230002,0.0,2.494532299818254e-08,525.0,0,0.0,89.81290695417442,0.0,0.0
38760,921,[],"[0, 0, 0, 0, 0]",0.0,"[nan, nan, nan, nan, nan]",0,[],[],0,2.49453075756218e-08,0.9900690580007258,149.23220135265342,0.0,2.49453075756218e-08,525.0,0,0.0,89.81290693297069,0.0,0.0
38820,921,[],"[0, 0, 0, 0, 0]",0.0,"[nan, nan, nan, nan, nan]",0,[],[],0,2.4945277653569234e-08,0.9900690580030703,149.23220135300681,0.0,2.4945277653569234e-08,525.0,0,0.0,89.81290691176696,0.0,0.0
38880,921,[],"[0, 0, 0, 0, 0]",0.0,"[nan, nan, nan, nan, nan]",0,[],[],0,2.4945301673818507e-08,0.9900690580054149,149.2322013533602,0.0,2.4945301673818507e-08,525.0,0,0.0,89.81290689056323,0.0,0.0
38940,921,[],"[0, 0, 0, 0, 0]",0.0,"[nan, nan, nan, nan, nan]",0,[],[],0,2.4945336507421586e-08,0.9900690580077595,149.2322013537136,0.0,2.4945336507421586e-08,525.0,0,0.0,89.8129068693595,0.0,0.0
39000,921,[],"[0, 0, 0, 0, 0]",0.0,"[nan, nan, nan, nan, nan]",0,[],[],0,2.4945321963581186e-08,0.990069058010104,149.232201354067,0.0,2.4945321963581186e-08,525.0,0,0.0,89.81290684815576,0.0,0.0
39060,921,[],"[0, 0, 0, 0, 0]",0.0,"[nan, nan, nan, nan, nan]",0,[],[],0,2.494530862117881e-08,0.9900690580124486,149.2322013544204,0.0,2.494530862117881e-08,525.0,0,0.0,89.81290682695203,0.0,0.0
39120,921,[],"[0, 0, 0, 0, 0]",0.0,"[nan, nan, nan, nan, nan]",0,[],[],0,2.4945302144781234e-08,0.9900690580147932,149.2322013547738,0.0,2.4945302144781234e-08,525.0,0,0.0,89.8129068057483,0.0,0.0
39180,921,[],"[0, 0, 0, 0, 0]",0.0,"[nan, nan, nan, nan, nan]",0,[],[],0,2.4945311844098044e-08,0.9900690580171377,149.2322013551272,0.0,2.4945311844098044e-08,525.0,0,0.0,89.81290678454457,0.0,0.0
39240,921,[],"[0, 0, 0, 0, 0]",0.0,"[nan, nan, nan, nan, nan]",0,[],[],0,2.4945334385290982e-08,0.9900690580194823,149.23220135548058,0.0,2.4945334385290982e-08,525.0,0,0.0,89.81290676334083,0.0,0.0
39300,921,[],"[0, 0, 0, 0, 0]",0.0,"[nan, nan, nan, nan, nan]",0,[],[],0,2.494531866181459e-08,0.9900690580218269,149.23220135583398,0.0,2.494531866181459e-08,525.0,0,0.0,89.8129067421371,0.0,0.0
39360,921,[],"[0, 0, 0, 0, 0]",0.0,"[nan, nan, nan, nan, nan]",0,[],[],0,2.4945298753724544e-08,0.9900690580241714,149.23220135618737,0.0,2.4945298753724544e-08,525.0,0,0.0,89.81290672093337,0.0,0.0
39420,921,[],"[0, 0, 0, 0, 0]",0.0,"[nan, nan, nan, nan, nan]",0,[],[],0,2.4945332184372427e-08,0.990069058026516,149.23220135654077,0.0,2.4945332184372427e-08,525.0,0,0.0,89.81290669972964,0.0,0.0
39480,921,[],"[0, 0, 0, 0, 0]",0.0,"[nan, nan, nan, nan, nan]",0,[],[],0,2.4945292971183946e-08,0.9900690580288606,149.23220135689417,0.0,2.4945292971183946e-08,525.0,0,0.0,89.8129066785259,0.0,0.0
39540,921,[],"[0, 0, 0, 0, 0]",0.0,"[nan, nan, nan, nan, nan]",0,[],[],0,2.494533016818132e-08,0.9900690580312052,149.23220135724756,0.0,2.494533016818132e-08,525.0,0,0.0,89.81290665732217,0.0,0.0
39600,921,[],"[0, 0, 0, 0, 0]",0.0,"[nan, nan, nan, nan, nan]",0,[],[],0,2.4945316799049217e-08,0.9900690580335498,149.23220135760096,0.0,2.4945316799049217e-08,525.0,0,0.0,89.81290663611844,0.0,0.0
39660,921,[],"[0, 0, 0, 0, 0]",0.0,"[nan, nan, nan, nan, nan]",0,[],[],0,2.494528646923932e-08,0.9900690580358944,149.23220135795435,0.0,2.494528646923932e-08,525.0,0,0.0,89.81290661491471,0.0,0.0
39720,921,[],"[0, 0, 0, 0, 0]",0.0,"[nan, nan, nan, nan, nan]",0,[],[],0,2.494526401271792e-08,0.990069058038239,149.23220135830775,0.0,2.494526401271792e-08,525.0,0,0.0,89.81290659371098,0.0,0.0
39780,921,[],"[0, 0, 0, 0, 0]",0.0,"[nan, nan, nan, nan, nan]",0,[],[],0,2.4945287088584262e-08,0.9900690580405835,149.23220135866114,0.0,2.4945287088584262e-08,525.0,0,0.0,89.81290657250725,0.0,0.0
39840,921,[],"[0, 0, 0, 0, 0]",0.0,"[nan, nan, nan, nan, nan]",0,[],[],0,2.4945315628565965e-08,0.9900690580429281,149.23220135901454,0.0,2.4945315628565965e-08,525.0,0,0.0,89.81290655130351,0.0,0.0
39900,921,[],"[0, 0, 0, 0, 0]",0.0,"[nan, nan, nan, nan, nan]",0,[],[],0,2.4945296776415795e-08,0.9900690580452727,149.23220135936793,0.0,2.4945296776415795e-08,525.0,0,0.0,89.81290653009978,0.0,0.0
39960,921,[],"[0, 0, 0, 0, 0]",0.0,"[nan, nan, nan, nan, nan]",0,[],[],0,2.494526934321197e-08,0.9900690580476172,149.23220135972133,0.0,2.494526934321197e-08,525.0,0,0.0,89.81290650889605,0.0,0.0
40020,921,[],"[0, 0, 0, 0, 0]",0.0,"[nan, nan, nan, nan, nan]",0,[],[],0,2.494531512789418e-08,0.9900690580499618,149.23220136007473,0.0,2.494531512789418e-08,525.0,0,0.0,89.81290648769232,0.0,0.0
40080,921,[],"[0, 0, 0, 0, 0]",0.0,"[nan, nan, nan, nan, nan]",0,[],[],0,2.4945318811014252e-08,0.9900690580523064,149.23220136042812,0.0,2.4945318811014252e-08,525.0,0,0.0,89.81290646648858,0.0,0.0
40140,921,[],"[0, 0, 0, 0, 0]",0.0,"[nan, nan, nan, nan, nan]",0,[],[],0,2.4945311960936114e-08,0.990069058054651,149.23220136078152,0.0,2.4945311960936114e-08,525.0,0,0.0,89.81290644528485,0.0,0.0
40200,921,[],"[0, 0, 0, 0, 0]",0.0,"[nan, nan, nan, nan, nan]",0,[],[],0,2.494531157662385e-08,0.9900690580569955,149.2322013611349,0.0,2.494531157662385e-08,525.0,0,0.0,89.81290642408112,0.0,0.0
40260,921,[],"[0, 0, 0, 0, 0]",0.0,"[nan, nan, nan, nan, nan]",0,[],[],0,2.494527793408648e-08,0.9900690580593401,149.2322013614883,0.0,2.494527793408648e-08,525.0,0,0.0,89.81290640287739,0.0,0.0
40320,921,[],"[0, 0, 0, 0, 0]",0.0,"[nan, nan, nan, nan, nan]",0,[],[],0,2.494533720648492e-08,0.9900690580616847,149.2322013618417,0.0,2.494533720648492e-08,525.0,0,0.0,89.81290638167366,0.0,0.0
40380,921,[],"[0, 0, 0, 0, 0]",0.0,"[nan, nan, nan, nan, nan]",0,[],[],0,2.4945310933563857e-08,0.9900690580640292,149.2322013621951,0.0,2.4945310933563857e-08,525.0,0,0.0,89.81290636046992,0.0,0.0
40440,921,[],"[0, 0, 0, 0, 0]",0.0,"[nan, nan, nan, nan, nan]",0,[],[],0,2.494530309906973e-08,0.9900690580663738,149.2322013625485,0.0,2.494530309906973e-08,525.0,0,0.0,89.81290633926619,0.0,0.0
40500,921,[],"[0, 0, 0, 0, 0]",0.0,"[nan, nan, nan, nan, nan]",0,[],[],0,2.4945269923748545e-08,0.9900690580687184,149.2322013629019,0.0,2.4945269923748545e-08,525.0,0,0.0,89.81290631806246,0.0,0.0
40560,921,[],"[0, 0, 0, 0, 0]",0.0,"[nan, nan, nan, nan, nan]",0,[],[],0,2.4945345319259278e-08,0.9900690580710629,149.23220136325529,0.0,2.4945345319259278e-08,525.0,0,0.0,89.81290629685873,0.0,0.0
40620,921,[],"[0, 0, 0, 0, 0]",0.0,"[nan, nan, nan, nan, nan]",0,[],[],0,2.4945274302213356e-08,0.9900690580734075,149.23220136360868,0.0,2.4945274302213356e-08,525.0,0,0.0,89.812906275655,0.0,0.0
40680,921,[],"[0, 0, 0, 0, 0]",0.0,"[nan, nan, nan, nan, nan]",0,[],[],0,2.494531584442881e-08,0.9900690580757521,149.23220136396208,0.0,2.494531584442881e-08,525.0,0,0.0,89.81290625445126,0.0,0.0
40740,921,[],"[0, 0, 0, 0, 0]",0.0,"[nan, nan, nan, nan, nan]",0,[],[],0,2.494537615714019e-08,0.9900690580780966,149.23220136431547,0.0,2.494537615714019e-08,525.0,0,0.0,89.81290623324753,0.0,0.0
40800,921,[],"[0, 0, 0, 0, 0]",0.0,"[nan, nan, nan, nan, nan]",0,[],[],0,2.4945305365476827e-08,0.9900690580804412,149.23220136466887,0.0,2.4945305365476827e-08,525.0,0,0.0,89.8129062120438,0.0,0.0
40860,921,[],"[0, 0, 0, 0, 0]",0.0,"[nan, nan, nan, nan, nan]",0,[],[],0,2.4945292085025882e-08,0.9900690580827859,149.23220136502226,0.0,2.4945292085025882e-08,525.0,0,0.0,89.81290619084007,0.0,0.0
40920,921,[],"[0, 0, 0, 0, 0]",0.0,"[nan, nan, nan, nan, nan]",0,[],[],0,2.4945290010256433e-08,0.9900690580851305,149.23220136537566,0.0,2.4945290010256433e-08,525.0,0,0.0,89.81290616963634,0.0,0.0
40980,921,[],"[0, 0, 0, 0, 0]",0.0,"[nan, nan, nan, nan, nan]",0,[],[],0,2.4945297621038318e-08,0.990069058087475,149.23220136572905,0.0,2.4945297621038318e-08,525.0,0,0.0,89.8129061484326,0.0,0.0
41040,921,[],"[0, 0, 0, 0, 0]",0.0,"[nan, nan, nan, nan, nan]",0,[],[],0,2.494532403081355e-08,0.9900690580898196,149.23220136608245,0.0,2.494532403081355e-08,525.0,0,0.0,89.81290612722887,0.0,0.0
41100,921,[],"[0, 0, 0, 0, 0]",0.0,"[nan, nan, nan, nan, nan]",0,[],[],0,2.4945286798970674e-08,0.9900690580921642,149.23220136643585,0.0,2.4945286798970674e-08,525.0,0,0.0,89.81290610602514,0.0,0.0
41160,921,[],"[0, 0, 0, 0, 0]",0.0,"[nan, nan, nan, nan, nan]",0,[],[],0,2.494527695256887e-08,0.9900690580945087,149.23220136678924,0.0,2.494527695256887e-08,525.0,0,0.0,89.8129060848214,0.0,0.0
41220,921,[],"[0, 0, 0, 0, 0]",0.0,"[nan, nan, nan, nan, nan]",0,[],[],0,2.4945293817309992e-08,0.9900690580968533,149.23220136714264,0.0,2.4945293817309992e-08,525.0,0,0.0,89.81290606361767,0.0,0.0
41280,921,[],"[0, 0, 0, 0, 0]",0.0,"[nan, nan, nan, nan, nan]",0,[],[],0,2.4945276532368765e-08,0.9900690580991979,149.23220136749603,0.0,2.4945276532368765e-08,525.0,0,0.0,89.81290604241394,0.0,0.0
41340,921,[],"[0, 0, 0, 0, 0]",0.0,"[nan, nan, nan, nan, nan]",0,[],[],0,2.4945298114449095e-08,0.9900690581015424,149.23220136784943,0.0,2.4945298114449095e-08,525.0,0,0.0,89.81290602121021,0.0,0.0
41400,921,[],"[0, 0, 0, 0, 0]",0.0,"[nan, nan, nan, nan, nan]",0,[],[],0,2.494533557507846e-08,0.990069058103887,149.23220136820282,0.0,2.494533557507846e-08,525.0,0,0.0,89.81290600000648,0.0,0.0
41460,921,[],"[0, 0, 0, 0, 0]",0.0,"[nan, nan, nan, nan, nan]",0,[],[],0,2.4945303977893195e-08,0.9900690581062316,149.23220136855622,0.0,2.4945303977893195e-08,525.0,0,0.0,89.81290597880275,0.0,0.0
41520,921,[],"[0, 0, 0, 0, 0]",0.0,"[nan, nan, nan, nan, nan]",0,[],[],0,2.4945288180399984e-08,0.9900690581085761,149.2322013689096,0.0,2.4945288180399984e-08,525.0,0,0.0,89.81290595759901,0.0,0.0
41580,921,[],"[0, 0, 0, 0, 0]",0.0,"[nan, nan, nan, nan, nan]",0,[],[],0,2.4945288922660825e-08,0.9900690581109207,149.232201369263,0.0,2.4945288922660825e-08,525.0,0,0.0,89.81290593639528,0.0,0.0
41640,921,[],"[0, 0, 0, 0, 0]",0.0,"[nan, nan, nan, nan, nan]",0,[],[],0,2.4945290401550936e-08,0.9900690581132653,149.2322013696164,0.0,2.4945290401550936e-08,525.0,0,0.0,89.81290591519155,0.0,0.0
41700,921,[],"[0, 0, 0, 0, 0]",0.0,"[nan, nan, nan, nan, nan]",0,[],[],0,2.494530151835738e-08,0.9900690581156099,149.2322013699698,0.0,2.494530151835738e-08,525.0,0,0.0,89.81290589398782,0.0,0.0
41760,921,[],"[0, 0, 0, 0, 0]",0.0,"[nan, nan, nan, nan, nan]",0,[],[],0,2.4945322306887047e-08,0.9900690581179544,149.2322013703232,0.0,2.4945322306887047e-08,525.0,0,0.0,89.81290587278409,0.0,0.0
41820,921,[],"[0, 0, 0, 0, 0]",0.0,"[nan, nan, nan, nan, nan]",0,[],[],0,2.4945307763613005e-08,0.990069058120299,149.2322013706766,0.0,2.4945307763613005e-08,525.0,0,0.0,89.81290585158035,0.0,0.0
41880,921,[],"[0, 0, 0, 0, 0]",0.0,"[nan, nan, nan, nan, nan]",0,[],[],0,2.4945308515715208e-08,0.9900690581226436,149.23220137103,0.0,2.4945308515715208e-08,525.0,0,0.0,89.81290583037662,0.0,0.0
41940,921,[],"[0, 0, 0, 0, 0]",0.0,"[nan, nan, nan, nan, nan]",0,[],[],0,2.4945306742627882e-08,0.9900690581249881,149.23220137138338,0.0,2.4945306742627882e-08,525.0,0,0.0,89.81290580917289,0.0,0.0
42000,921,[],"[0, 0, 0, 0, 0]",0.0,"[nan, nan, nan, nan, nan]",0,[],[],0,2.4945308278893236e-08,0.9900690581273327,149.23220137173678,0.0,2.4945308278893236e-08,525.0,0,0.0,89.81290578796916,0.0,0.0
42060,921,[],"[0, 0, 0, 0, 0]",0.0,"[nan, nan, nan, nan, nan]",0,[],[],0,2.494532381905706e-08,0.9900690581296773,149.23220137209017,0.0,2.494532381905706e-08,525.0,0,0.0,89.81290576676543,0.0,0.0
42120,921,[],"[0, 0, 0, 0, 0]",0.0,"[nan, nan, nan, nan, nan]",0,[],[],0,2.494529908250945e-08,0.990069058132022,149.23220137244357,0.0,2.494529908250945e-08,525.0,0,0.0,89.8129057455617,0.0,0.0
42180,921,[],"[0, 0, 0, 0, 0]",0.0,"[nan, nan, nan, nan, nan]",0,[],[],0,2.494530950469995e-08,0.9900690581343665,149.23220137279696,0.0,2.494530950469995e-08,525.0,0,0.0,89.81290572435796,0.0,0.0
42240,921,[],"[0, 0, 0, 0, 0]",0.0,"[nan, nan, nan, nan, nan]",0,[],[],0,2.494530896188962e-08,0.9900690581367111,149.23220137315036,0.0,2.494530896188962e-08,525.0,0,0.0,89.81290570315423,0.0,0.0
42300,921,[],"[0, 0, 0, 0, 0]",0.0,"[nan, nan, nan, nan, nan]",0,[],[],0,2.4945317184400573e-08,0.9900690581390557,149.23220137350376,0.0,2.4945317184400573e-08,525.0,0,0.0,89.8129056819505,0.0,0.0
42360,921,[],"[0, 0, 0, 0, 0]",0.0,"[nan, nan, nan, nan, nan]",0,[],[],0,2.4945302775444038e-08,0.9900690581414002,149.23220137385715,0.0,2.4945302775444038e-08,525.0,0,0.0,89.81290566074676,0.0,0.0
42420,921,[],"[0, 0, 0, 0, 0]",0.0,"[nan, nan, nan, nan, nan]",0,[],[],0,2.494529081278918e-08,0.9900690581437448,149.23220137421055,0.0,2.494529081278918e-08,525.0,0,0.0,89.81290563954303,0.0,0.0
42480,921,[],"[0, 0, 0, 0, 0]",0.0,"[nan, nan, nan, nan, nan]",0,[],[],0,2.494533764539448e-08,0.9900690581460894,149.23220137456394,0.0,2.494533764539448e-08,525.0,0,0.0,89.8129056183393,0.0,0.0
42540,921,[],"[0, 0, 0, 0, 0]",0.0,"[nan, nan, nan, nan, nan]",0,[],[],0,2.494531044257347e-08,0.9900690581484339,149.23220137491734,0.0,2.494531044257347e-08,525.0,0,0.0,89.81290559713557,0.0,0.0
42600,921,[],"[0, 0, 0, 0, 0]",0.0,"[nan, nan, nan, nan, nan]",0,[],[],0,2.494527413191152e-08,0.9900690581507785,149.23220137527073,0.0,2.494527413191152e-08,525.0,0,0.0,89.81290557593184,0.0,0.0
42660,921,[],"[0, 0, 0, 0, 0]",0.0,"[nan, nan, nan, nan, nan]",0,[],[],0,2.494528938196023e-08,0.9900690581531231,149.23220137562413,0.0,2.494528938196023e-08,525.0,0,0.0,89.8129055547281,0.0,0.0
42720,921,[],"[0, 0, 0, 0, 0]",0.0,"[nan, nan, nan, nan, nan]",0,[],[],0,2.4945294148153494e-08,0.9900690581554676,149.23220137597752,0.0,2.4945294148153494e-08,525.0,0,0.0,89.81290553352437,0.0,0.0
42780,921,[],"[0, 0, 0, 0, 0]",0.0,"[nan, nan, nan, nan, nan]",0,[],[],0,2.494526712060924e-08,0.9900690581578122,149.23220137633092,0.0,2.494526712060924e-08,525.0,0,0.0,89.81290551232064,0.0,0.0
42840,921,[],"[0, 0, 0, 0, 0]",0.0,"[nan, nan, nan, nan, nan]",0,[],[],0,2.4945305843056598e-08,0.9900690581601568,149.23220137668432,0.0,2.4945305843056598e-08,525.0,0,0.0,89.81290549111691,0.0,0.0
42900,921,[],"[0, 0, 0, 0, 0]",0.0,"[nan, nan, nan, nan, nan]",0,[],[],0,2.4945308999932722e-08,0.9900690581625013,149.2322013770377,0.0,2.4945308999932722e-08,525.0,0,0.0,89.81290546991318,0.0,0.0
42960,921,[],"[0, 0, 0, 0, 0]",0.0,"[nan, nan, nan, nan, nan]",0,[],[],0,2.4945307002131457e-08,0.9900690581648459,149.2322013773911,0.0,2.4945307002131457e-08,525.0,0,0.0,89.81290544870944,0.0,0.0
43020,921,[],"[0, 0, 0, 0, 0]",0.0,"[nan, nan, nan, nan, nan]",0,[],[],0,2.4945307619387785e-08,0.9900690581671905,149.2322013777445,0.0,2.4945307619387785e-08,525.0,0,0.0,89.81290542750571,0.0,0.0
43080,921,[],"[0, 0, 0, 0, 0]",0.0,"[nan, nan, nan, nan, nan]",0,[],[],0,2.4945302005326232e-08,0.990069058169535,149.2322013780979,0.0,2.4945302005326232e-08,525.0,0,0.0,89.81290540630198,0.0,0.0
43140,921,[],"[0, 0, 0, 0, 0]",0.0,"[nan, nan, nan, nan, nan]",0,[],[],0,2.4945342387767348e-08,0.9900690581718796,149.2322013784513,0.0,2.4945342387767348e-08,525.0,0,0.0,89.81290538509825,0.0,0.0
43200,921,[],"[0, 0, 0, 0, 0]",0.0,"[nan, nan, nan, nan, nan]",0,[],[],0,2.4945294427575823e-08,0.9900690581742242,149.2322013788047,0.0,2.4945294427575823e-08,525.0,0,0.0,89.81290536389452,0.0,0.0
43260,921,[],"[0, 0, 0, 0, 0]",0.0,"[nan, nan, nan, nan, nan]",0,[],[],0,2.4945310097750536e-08,0.9900690581765688,149.23220137915808,0.0,2.4945310097750536e-08,525.0,0,0.0,89.81290534269078,0.0,0.0
43320,921,[],"[0, 0, 0, 0, 0]",0.0,"[nan, nan, nan, nan, nan]",0,[],[],0,2.4945332798016877e-08,0.9900690581789134,149.23220137951148,0.0,2.4945332798016877e-08,525.0,0,0.0,89.81290532148705,0.0,0.0
43380,921,[],"[0, 0, 0, 0, 0]",0.0,"[nan, nan, nan, nan, nan]",0,[],[],0,2.49453184676503e-08,0.990069058181258,149.23220137986488,0.0,2.49453184676503e-08,525.0,0,0.0,89.81290530028332,0.0,0.0
43440,921,[],"[0, 0, 0, 0, 0]",0.0,"[nan, nan, nan, nan, nan]",0,[],[],0,2.4945300213850427e-08,0.9900690581836026,149.23220138021827,0.0,2.4945300213850427e-08,525.0,0,0.0,89.81290527907959,0.0,0.0
43500,921,[],"[0, 0, 0, 0, 0]",0.0,"[nan, nan, nan, nan, nan]",0,[],[],0,2.4945305443882362e-08,0.9900690581859471,149.23220138057167,0.0,2.4945305443882362e-08,525.0,0,0.0,89.81290525787585,0.0,0.0
43560,921,[],"[0, 0, 0, 0, 0]",0.0,"[nan, nan, nan, nan, nan]",0,[],[],0,2.494528607151537e-08,0.9900690581882917,149.23220138092506,0.0,2.494528607151537e-08,525.0,0,0.0,89.81290523667212,0.0,0.0
43620,921,[],"[0, 0, 0, 0, 0]",0.0,"[nan, nan, nan, nan, nan]",0,[],[],0,2.4945330017022605e-08,0.9900690581906363,149.23220138127846,0.0,2.4945330017022605e-08,525.0,0,0.0,89.81290521546839,0.0,0.0
43680,921,[],"[0, 0, 0, 0, 0]",0.0,"[nan, nan, nan, nan, nan]",0,[],[],0,2.494525539340244e-08,0.9900690581929809,149.23220138163185,0.0,2.494525539340244e-08,525.0,0,0.0,89.81290519426466,0.0,0.0
43740,921,[],"[0, 0, 0, 0, 0]",0.0,"[nan, nan, nan, nan, nan]",0,[],[],0,2.4945321655027584e-08,0.9900690581953254,149.23220138198525,0.0,2.4945321655027584e-08,525.0,0,0.0,89.81290517306093,0.0,0.0
43800,921,[],"[0, 0, 0, 0, 0]",0.0,"[nan, nan, nan, nan, nan]",0,[],[],0,2.4945294880034387e-08,0.99006905819767,149.23220138233864,0.0,2.4945294880034387e-08,525.0,0,0.0,89.8129051518572,0.0,0.0
43860,921,[],"[0, 0, 0, 0, 0]",0.0,"[nan, nan, nan, nan, nan]",0,[],[],0,2.494533320018333e-08,0.9900690582000146,149.23220138269204,0.0,2.494533320018333e-08,525.0,0,0.0,89.81290513065346,0.0,0.0
43920,921,[],"[0, 0, 0, 0, 0]",0.0,"[nan, nan, nan, nan, nan]",0,[],[],0,2.4945295173118646e-08,0.9900690582023591,149.23220138304544,0.0,2.4945295173118646e-08,525.0,0,0.0,89.81290510944973,0.0,0.0
43980,921,[],"[0, 0, 0, 0, 0]",0.0,"[nan, nan, nan, nan, nan]",0,[],[],0,2.494530078575139e-08,0.9900690582047037,149.23220138339883,0.0,2.494530078575139e-08,525.0,0,0.0,89.812905088246,0.0,0.0
44040,921,[],"[0, 0, 0, 0, 0]",0.0,"[nan, nan, nan, nan, nan]",0,[],[],0,2.4945313736902286e-08,0.9900690582070483,149.23220138375223,0.0,2.4945313736902286e-08,525.0,0,0.0,89.81290506704227,0.0,0.0
44100,921,[],"[0, 0, 0, 0, 0]",0.0,"[nan, nan, nan, nan, nan]",0,[],[],0,2.494533263544445e-08,0.9900690582093928,149.23220138410562,0.0,2.494533263544445e-08,525.0,0,0.0,89.81290504583853,0.0,0.0
44160,921,[],"[0, 0, 0, 0, 0]",0.0,"[nan, nan, nan, nan, nan]",0,[],[],0,2.494531573952097e-08,0.9900690582117374,149.23220138445902,0.0,2.494531573952097e-08,525.0,0,0.0,89.8129050246348,0.0,0.0
44220,921,[],"[0, 0, 0, 0, 0]",0.0,"[nan, nan, nan, nan, nan]",0,[],[],0,2.4945316143800913e-08,0.990069058214082,149.2322013848124,0.0,2.4945316143800913e-08,525.0,0,0.0,89.81290500343107,0.0,0.0
44280,921,[],"[0, 0, 0, 0, 0]",0.0,"[nan, nan, nan, nan, nan]",0,[],[],0,2.4945332146088794e-08,0.9900690582164265,149.2322013851658,0.0,2.4945332146088794e-08,525.0,0,0.0,89.81290498222734,0.0,0.0
44340,921,[],"[0, 0, 0, 0, 0]",0.0,"[nan, nan, nan, nan, nan]",0,[],[],0,2.4945320483741805e-08,0.9900690582187711,149.2322013855192,0.0,2.4945320483741805e-08,525.0,0,0.0,89.8129049610236,0.0,0.0
44400,921,[],"[0, 0, 0, 0, 0]",0.0,"[nan, nan, nan, nan, nan]",0,[],[],0,2.4945323689288913e-08,0.9900690582211157,149.2322013858726,0.0,2.4945323689288913e-08,525.0,0,0.0,89.81290493981987,0.0,0.0
44460,921,[],"[0, 0, 0, 0, 0]",0.0,"[nan, nan, nan, nan, nan]",0,[],[],0,2.494529079587344e-08,0.9900690582234603,149.232201386226,0.0,2.494529079587344e-08,525.0,0,0.0,89.81290491861614,0.0,0.0
44520,921,[],"[0, 0, 0, 0, 0]",0.0,"[nan, nan, nan, nan, nan]",0,[],[],0,2.4945333810618216e-08,0.9900690582258048,149.2322013865794,0.0,2.4945333810618216e-08,525.0,0,0.0,89.81290489741241,0.0,0.0
44580,921,[],"[0, 0, 0, 0, 0]",0.0,"[nan, nan, nan, nan, nan]",0,[],[],0,2.4945302714945028e-08,0.9900690582281495,149.2322013869328,0.0,2.4945302714945028e-08,525.0,0,0.0,89.81290487620868,0.0,0.0
44640,921,[],"[0, 0, 0, 0, 0]",0.0,"[nan, nan, nan, nan, nan]",0,[],[],0,2.4945312895169498e-08,0.9900690582304941,149.23220138728618,0.0,2.4945312895169498e-08,525.0,0,0.0,89.81290485500494,0.0,0.0
44700,921,[],"[0, 0, 0, 0, 0]",0.0,"[nan, nan, nan, nan, nan]",0,[],[],0,2.4945318198766874e-08,0.9900690582328386,149.23220138763958,0.0,2.4945318198766874e-08,525.0,0,0.0,89.81290483380121,0.0,0.0
44760,921,[],"[0, 0, 0, 0, 0]",0.0,"[nan, nan, nan, nan, nan]",0,[],[],0,2.4945328475847017e-08,0.9900690582351832,149.23220138799297,0.0,2.4945328475847017e-08,525.0,0,0.0,89.81290481259748,0.0,0.0
44820,921,[],"[0, 0, 0, 0, 0]",0.0,"[nan, nan, nan, nan, nan]",0,[],[],0,2.4945266462746148e-08,0.9900690582375278,149.23220138834637,0.0,2.4945266462746148e-08,525.0,0,0.0,89.81290479139375,0.0,0.0
44880,921,[],"[0, 0, 0, 0, 0]",0.0,"[nan, nan, nan, nan, nan]",0,[],[],0,2.4945346724950006e-08,0.9900690582398723,149.23220138869976,0.0,2.4945346724950006e-08,525.0,0,0.0,89.81290477019002,0.0,0.0
44940,921,[],"[0, 0, 0, 0, 0]",0.0,"[nan, nan, nan, nan, nan]",0,[],[],0,2.4945323261003802e-08,0.9900690582422169,149.23220138905316,0.0,2.4945323261003802e-08,525.0,0,0.0,89.81290474898628,0.0,0.0
45000,921,[],"[0, 0, 0, 0, 0]",0.0,"[nan, nan, nan, nan, nan]",0,[],[],0,2.4945262376565888e-08,0.9900690582445615,149.23220138940655,0.0,2.4945262376565888e-08,525.0,0,0.0,89.81290472778255,0.0,0.0
45060,921,[],"[0, 0, 0, 0, 0]",0.0,"[nan, nan, nan, nan, nan]",0,[],[],0,2.4945299078747755e-08,0.990069058246906,149.23220138975995,0.0,2.4945299078747755e-08,525.0,0,0.0,89.81290470657882,0.0,0.0
45120,921,[],"[0, 0, 0, 0, 0]",0.0,"[nan, nan, nan, nan, nan]",0,[],[],0,2.4945277805918916e-08,0.9900690582492506,149.23220139011335,0.0,2.4945277805918916e-08,525.0,0,0.0,89.81290468537509,0.0,0.0
45180,921,[],"[0, 0, 0, 0, 0]",0.0,"[nan, nan, nan, nan, nan]",0,[],[],0,2.4945307300325704e-08,0.9900690582515952,149.23220139046674,0.0,2.4945307300325704e-08,525.0,0,0.0,89.81290466417136,0.0,0.0
45240,921,[],"[0, 0, 0, 0, 0]",0.0,"[nan, nan, nan, nan, nan]",0,[],[],0,2.4945309489911434e-08,0.9900690582539398,149.23220139082014,0.0,2.4945309489911434e-08,525.0,0,0.0,89.81290464296762,0.0,0.0
45300,921,[],"[0, 0, 0, 0, 0]",0.0,"[nan, nan, nan, nan, nan]",0,[],[],0,2.4945315811518332e-08,0.9900690582562843,149.23220139117353,0.0,2.4945315811518332e-08,525.0,0,0.0,89.81290462176389,0.0,0.0
45360,921,[],"[0, 0, 0, 0, 0]",0.0,"[nan, nan, nan, nan, nan]",0,[],[],0,2.4945254274784778e-08,0.9900690582586289,149.23220139152693,0.0,2.4945254274784778e-08,525.0,0,0.0,89.81290460056016,0.0,0.0
45420,921,[],"[0, 0, 0, 0, 0]",0.0,"[nan, nan, nan, nan, nan]",0,[],[],0,2.4945261009099215e-08,0.9900690582609735,149.23220139188032,0.0,2.4945261009099215e-08,525.0,0,0.0,89.81290457935643,0.0,0.0
45480,921,[],"[0, 0, 0, 0, 0]",0.0,"[nan, nan, nan, nan, nan]",0,[],[],0,2.494532027565496e-08,0.990069058263318,149.23220139223372,0.0,2.494532027565496e-08,525.0,0,0.0,89.8129045581527,0.0,0.0
45540,921,[],"[0, 0, 0, 0, 0]",0.0,"[nan, nan, nan, nan, nan]",0,[],[],0,2.494530254469787e-08,0.9900690582656626,149.23220139258711,0.0,2.494530254469787e-08,525.0,0,0.0,89.81290453694896,0.0,0.0
45600,921,[],"[0, 0, 0, 0, 0]",0.0,"[nan, nan, nan, nan, nan]",0,[],[],0,2.494529677707665e-08,0.9900690582680072,149.2322013929405,0.0,2.494529677707665e-08,525.0,0,0.0,89.81290451574523,0.0,0.0
45660,921,[],"[0, 0, 0, 0, 0]",0.0,"[nan, nan, nan, nan, nan]",0,[],[],0,2.4945313287923453e-08,0.9900690582703517,149.2322013932939,0.0,2.4945313287923453e-08,525.0,0,0.0,89.8129044945415,0.0,0.0
45720,921,[],"[0, 0, 0, 0, 0]",0.0,"[nan, nan, nan, nan, nan]",0,[],[],0,2.4945338972905337e-08,0.9900690582726963,149.2322013936473,0.0,2.4945338972905337e-08,525.0,0,0.0,89.81290447333777,0.0,0.0
45780,921,[],"[0, 0, 0, 0, 0]",0.0,"[nan, nan, nan, nan, nan]",0,[],[],0,2.4945307913307797e-08,0.9900690582750409,149.2322013940007,0.0,2.4945307913307797e-08,525.0,0,0.0,89.81290445213403,0.0,0.0
45840,921,[],"[0, 0, 0, 0, 0]",0.0,"[nan, nan, nan, nan, nan]",0,[],[],0,2.4945341799258203e-08,0.9900690582773856,149.2322013943541,0.0,2.4945341799258203e-08,525.0,0,0.0,89.8129044309303,0.0,0.0
45900,921,[],"[0, 0, 0, 0, 0]",0.0,"[nan, nan, nan, nan, nan]",0,[],[],0,2.4945301455849944e-08,0.9900690582797301,149.2322013947075,0.0,2.4945301455849944e-08,525.0,0,0.0,89.81290440972657,0.0,0.0
45960,921,[],"[0, 0, 0, 0, 0]",0.0,"[nan, nan, nan, nan, nan]",0,[],[],0,2.4945309601134712e-08,0.9900690582820747,149.23220139506088,0.0,2.4945309601134712e-08,525.0,0,0.0,89.81290438852284,0.0,0.0
46020,921,[],"[0, 0, 0, 0, 0]",0.0,"[nan, nan, nan, nan, nan]",0,[],[],0,2.4945280713325835e-08,0.9900690582844193,149.23220139541428,0.0,2.4945280713325835e-08,525.0,0,0.0,89.8129043673191,0.0,0.0
46080,921,[],"[0, 0, 0, 0, 0]",0.0,"[nan, nan, nan, nan, nan]",0,[],[],0,2.494532567086802e-08,0.9900690582867638,149.23220139576767,0.0,2.494532567086802e-08,525.0,0,0.0,89.81290434611537,0.0,0.0
46140,921,[],"[0, 0, 0, 0, 0]",0.0,"[nan, nan, nan, nan, nan]",0,[],[],0,2.494531277082241e-08,0.9900690582891084,149.23220139612107,0.0,2.494531277082241e-08,525.0,0,0.0,89.81290432491164,0.0,0.0
46200,921,[],"[0, 0, 0, 0, 0]",0.0,"[nan, nan, nan, nan, nan]",0,[],[],0,2.4945316647412674e-08,0.990069058291453,149.23220139647447,0.0,2.4945316647412674e-08,525.0,0,0.0,89.81290430370791,0.0,0.0
46260,921,[],"[0, 0, 0, 0, 0]",0.0,"[nan, nan, nan, nan, nan]",0,[],[],0,2.494530470237952e-08,0.9900690582937975,149.23220139682786,0.0,2.494530470237952e-08,525.0,0,0.0,89.81290428250418,0.0,0.0
46320,921,[],"[0, 0, 0, 0, 0]",0.0,"[nan, nan, nan, nan, nan]",0,[],[],0,2.4945290511209675e-08,0.9900690582961421,149.23220139718126,0.0,2.4945290511209675e-08,525.0,0,0.0,89.81290426130045,0.0,0.0
46380,921,[],"[0, 0, 0, 0, 0]",0.0,"[nan, nan, nan, nan, nan]",0,[],[],0,2.49453231841967e-08,0.9900690582984867,149.23220139753465,0.0,2.49453231841967e-08,525.0,0,0.0,89.81290424009671,0.0,0.0
46440,921,[],"[0, 0, 0, 0, 0]",0.0,"[nan, nan, nan, nan, nan]",0,[],[],0,2.4945326322800224e-08,0.9900690583008313,149.23220139788805,0.0,2.4945326322800224e-08,525.0,0,0.0,89.81290421889298,0.0,0.0
46500,921,[],"[0, 0, 0, 0, 0]",0.0,"[nan, nan, nan, nan, nan]",0,[],[],0,2.494529017369616e-08,0.9900690583031758,149.23220139824144,0.0,2.494529017369616e-08,525.0,0,0.0,89.81290419768925,0.0,0.0
46560,921,[],"[0, 0, 0, 0, 0]",0.0,"[nan, nan, nan, nan, nan]",0,[],[],0,2.4945294657246037e-08,0.9900690583055204,149.23220139859484,0.0,2.4945294657246037e-08,525.0,0,0.0,89.81290417648552,0.0,0.0
46620,921,[],"[0, 0, 0, 0, 0]",0.0,"[nan, nan, nan, nan, nan]",0,[],[],0,2.4945295884808358e-08,0.990069058307865,149.23220139894823,0.0,2.4945295884808358e-08,525.0,0,0.0,89.81290415528179,0.0,0.0
46680,921,[],"[0, 0, 0, 0, 0]",0.0,"[nan, nan, nan, nan, nan]",0,[],[],0,2.4945336396083016e-08,0.9900690583102095,149.23220139930163,0.0,2.4945336396083016e-08,525.0,0,0.0,89.81290413407805,0.0,0.0
46740,921,[],"[0, 0, 0, 0, 0]",0.0,"[nan, nan, nan, nan, nan]",0,[],[],0,2.494527540148302e-08,0.9900690583125541,149.23220139965503,0.0,2.494527540148302e-08,525.0,0,0.0,89.81290411287432,0.0,0.0
46800,921,[],"[0, 0, 0, 0, 0]",0.0,"[nan, nan, nan, nan, nan]",0,[],[],0,2.4945299669216484e-08,0.9900690583148987,149.23220140000842,0.0,2.4945299669216484e-08,525.0,0,0.0,89.81290409167059,0.0,0.0
46860,921,[],"[0, 0, 0, 0, 0]",0.0,"[nan, nan, nan, nan, nan]",0,[],[],0,2.494533352995679e-08,0.9900690583172432,149.23220140036182,0.0,2.494533352995679e-08,525.0,0,0.0,89.81290407046686,0.0,0.0
46920,921,[],"[0, 0, 0, 0, 0]",0.0,"[nan, nan, nan, nan, nan]",0,[],[],0,2.4945318950396025e-08,0.9900690583195878,149.2322014007152,0.0,2.4945318950396025e-08,525.0,0,0.0,89.81290404926312,0.0,0.0
46980,921,[],"[0, 0, 0, 0, 0]",0.0,"[nan, nan, nan, nan, nan]",0,[],[],0,2.494529380578659e-08,0.9900690583219324,149.2322014010686,0.0,2.494529380578659e-08,525.0,0,0.0,89.81290402805939,0.0,0.0
47040,921,[],"[0, 0, 0, 0, 0]",0.0,"[nan, nan, nan, nan, nan]",0,[],[],0,2.4945272886295892e-08,0.9900690583242769,149.232201401422,0.0,2.4945272886295892e-08,525.0,0,0.0,89.81290400685566,0.0,0.0
47100,921,[],"[0, 0, 0, 0, 0]",0.0,"[nan, nan, nan, nan, nan]",0,[],[],0,2.4945312531844304e-08,0.9900690583266216,149.2322014017754,0.0,2.4945312531844304e-08,525.0,0,0.0,89.81290398565193,0.0,0.0
47160,921,[],"[0, 0, 0, 0, 0]",0.0,"[nan, nan, nan, nan, nan]",0,[],[],0,2.494528489464833e-08,0.9900690583289662,149.2322014021288,0.0,2.494528489464833e-08,525.0,0,0.0,89.8129039644482,0.0,0.0
47220,921,[],"[0, 0, 0, 0, 0]",0.0,"[nan, nan, nan, nan, nan]",0,[],[],0,2.4945315550553453e-08,0.9900690583313108,149.2322014024822,0.0,2.4945315550553453e-08,525.0,0,0.0,89.81290394324446,0.0,0.0
47280,921,[],"[0, 0, 0, 0, 0]",0.0,"[nan, nan, nan, nan, nan]",0,[],[],0,2.4945279689452707e-08,0.9900690583336553,149.23220140283559,0.0,2.4945279689452707e-08,525.0,0,0.0,89.81290392204073,0.0,0.0
47340,921,[],"[0, 0, 0, 0, 0]",0.0,"[nan, nan, nan, nan, nan]",0,[],[],0,2.4945303784848788e-08,0.9900690583359999,149.23220140318898,0.0,2.4945303784848788e-08,525.0,0,0.0,89.812903900837,0.0,0.0
47400,921,[],"[0, 0, 0, 0, 0]",0.0,"[nan, nan, nan, nan, nan]",0,[],[],0,2.4945310345285843e-08,0.9900690583383445,149.23220140354238,0.0,2.4945310345285843e-08,525.0,0,0.0,89.81290387963327,0.0,0.0
47460,921,[],"[0, 0, 0, 0, 0]",0.0,"[nan, nan, nan, nan, nan]",0,[],[],0,2.4945267657660208e-08,0.990069058340689,149.23220140389577,0.0,2.4945267657660208e-08,525.0,0,0.0,89.81290385842954,0.0,0.0
47520,921,[],"[0, 0, 0, 0, 0]",0.0,"[nan, nan, nan, nan, nan]",0,[],[],0,2.4945307082600795e-08,0.9900690583430336,149.23220140424917,0.0,2.4945307082600795e-08,525.0,0,0.0,89.8129038372258,0.0,0.0
47580,921,[],"[0, 0, 0, 0, 0]",0.0,"[nan, nan, nan, nan, nan]",0,[],[],0,2.4945293860246483e-08,0.9900690583453782,149.23220140460256,0.0,2.4945293860246483e-08,525.0,0,0.0,89.81290381602207,0.0,0.0
47640,921,[],"[0, 0, 0, 0, 0]",0.0,"[nan, nan, nan, nan, nan]",0,[],[],0,2.4945326367466627e-08,0.9900690583477227,149.23220140495596,0.0,2.4945326367466627e-08,525.0,0,0.0,89.81290379481834,0.0,0.0
47700,921,[],"[0, 0, 0, 0, 0]",0.0,"[nan, nan, nan, nan, nan]",0,[],[],0,2.4945310367081725e-08,0.9900690583500673,149.23220140530935,0.0,2.4945310367081725e-08,525.0,0,0.0,89.81290377361461,0.0,0.0
47760,921,[],"[0, 0, 0, 0, 0]",0.0,"[nan, nan, nan, nan, nan]",0,[],[],0,2.4945336269697478e-08,0.9900690583524119,149.23220140566275,0.0,2.4945336269697478e-08,525.0,0,0.0,89.81290375241088,0.0,0.0
47820,921,[],"[0, 0, 0, 0, 0]",0.0,"[nan, nan, nan, nan, nan]",0,[],[],0,2.4945319151235147e-08,0.9900690583547564,149.23220140601615,0.0,2.4945319151235147e-08,525.0,0,0.0,89.81290373120714,0.0,0.0
47880,921,[],"[0, 0, 0, 0, 0]",0.0,"[nan, nan, nan, nan, nan]",0,[],[],0,2.4945302427154156e-08,0.990069058357101,149.23220140636954,0.0,2.4945302427154156e-08,525.0,0,0.0,89.81290371000341,0.0,0.0
47940,921,[],"[0, 0, 0, 0, 0]",0.0,"[nan, nan, nan, nan, nan]",0,[],[],0,2.4945293843584213e-08,0.9900690583594456,149.23220140672294,0.0,2.4945293843584213e-08,525.0,0,0.0,89.81290368879968,0.0,0.0
48000,921,[],"[0, 0, 0, 0, 0]",0.0,"[nan, nan, nan, nan, nan]",0,[],[],0,2.4945333555529046e-08,0.9900690583617902,149.23220140707633,0.0,2.4945333555529046e-08,525.0,0,0.0,89.81290366759595,0.0,0.0
48060,921,[],"[0, 0, 0, 0, 0]",0.0,"[nan, nan, nan, nan, nan]",0,[],[],0,2.4945287322733587e-08,0.9900690583641347,149.23220140742973,0.0,2.4945287322733587e-08,525.0,0,0.0,89.81290364639221,0.0,0.0
48120,921,[],"[0, 0, 0, 0, 0]",0.0,"[nan, nan, nan, nan, nan]",0,[],[],0,2.4945330636292423e-08,0.9900690583664793,149.23220140778312,0.0,2.4945330636292423e-08,525.0,0,0.0,89.81290362518848,0.0,0.0
48180,921,[],"[0, 0, 0, 0, 0]",0.0,"[nan, nan, nan, nan, nan]",0,[],[],0,2.4945320240931228e-08,0.9900690583688239,149.23220140813652,0.0,2.4945320240931228e-08,525.0,0,0.0,89.81290360398475,0.0,0.0
48240,921,[],"[0, 0, 0, 0, 0]",0.0,"[nan, nan, nan, nan, nan]",0,[],[],0,2.4945350556778352e-08,0.9900690583711684,149.2322014084899,0.0,2.4945350556778352e-08,525.0,0,0.0,89.81290358278102,0.0,0.0
48300,921,[],"[0, 0, 0, 0, 0]",0.0,"[nan, nan, nan, nan, nan]",0,[],[],0,2.4945290375796125e-08,0.990069058373513,149.2322014088433,0.0,2.4945290375796125e-08,525.0,0,0.0,89.81290356157729,0.0,0.0
48360,921,[],"[0, 0, 0, 0, 0]",0.0,"[nan, nan, nan, nan, nan]",0,[],[],0,2.494529802715074e-08,0.9900690583758577,149.2322014091967,0.0,2.494529802715074e-08,525.0,0,0.0,89.81290354037355,0.0,0.0
48420,921,[],"[0, 0, 0, 0, 0]",0.0,"[nan, nan, nan, nan, nan]",0,[],[],0,2.4945294139693832e-08,0.9900690583782022,149.2322014095501,0.0,2.4945294139693832e-08,525.0,0,0.0,89.81290351916982,0.0,0.0
48480,921,[],"[0, 0, 0, 0, 0]",0.0,"[nan, nan, nan, nan, nan]",0,[],[],0,2.4945291471222927e-08,0.9900690583805468,149.2322014099035,0.0,2.4945291471222927e-08,525.0,0,0.0,89.81290349796609,0.0,0.0
48540,921,[],"[0, 0, 0, 0, 0]",0.0,"[nan, nan, nan, nan, nan]",0,[],[],0,2.494530797319093e-08,0.9900690583828914,149.2322014102569,0.0,2.494530797319093e-08,525.0,0,0.0,89.81290347676236,0.0,0.0
48600,921,[],"[0, 0, 0, 0, 0]",0.0,"[nan, nan, nan, nan, nan]",0,[],[],0,2.4945325945083195e-08,0.990069058385236,149.2322014106103,0.0,2.4945325945083195e-08,525.0,0,0.0,89.81290345555863,0.0,0.0
48660,921,[],"[0, 0, 0, 0, 0]",0.0,"[nan, nan, nan, nan, nan]",0,[],[],0,2.4945296888288744e-08,0.9900690583875805,149.23220141096368,0.0,2.4945296888288744e-08,525.0,0,0.0,89.8129034343549,0.0,0.0
48720,921,[],"[0, 0, 0, 0, 0]",0.0,"[nan, nan, nan, nan, nan]",0,[],[],0,2.4945285461345194e-08,0.9900690583899251,149.23220141131708,0.0,2.4945285461345194e-08,525.0,0,0.0,89.81290341315116,0.0,0.0
48780,921,[],"[0, 0, 0, 0, 0]",0.0,"[nan, nan, nan, nan, nan]",0,[],[],0,2.4945328628134416e-08,0.9900690583922697,149.23220141167047,0.0,2.4945328628134416e-08,525.0,0,0.0,89.81290339194743,0.0,0.0
48840,921,[],"[0, 0, 0, 0, 0]",0.0,"[nan, nan, nan, nan, nan]",0,[],[],0,2.4945291969726834e-08,0.9900690583946142,149.23220141202387,0.0,2.4945291969726834e-08,525.0,0,0.0,89.8129033707437,0.0,0.0
48900,921,[],"[0, 0, 0, 0, 0]",0.0,"[nan, nan, nan, nan, nan]",0,[],[],0,2.4945337618141342e-08,0.9900690583969588,149.23220141237726,0.0,2.4945337618141342e-08,525.0,0,0.0,89.81290334953997,0.0,0.0
48960,921,[],"[0, 0, 0, 0, 0]",0.0,"[nan, nan, nan, nan, nan]",0,[],[],0,2.4945314999050185e-08,0.9900690583993034,149.23220141273066,0.0,2.4945314999050185e-08,525.0,0,0.0,89.81290332833623,0.0,0.0
49020,921,[],"[0, 0, 0, 0, 0]",0.0,"[nan, nan, nan, nan, nan]",0,[],[],0,2.494534982894934e-08,0.9900690584016479,149.23220141308406,0.0,2.494534982894934e-08,525.0,0,0.0,89.8129033071325,0.0,0.0
49080,921,[],"[0, 0, 0, 0, 0]",0.0,"[nan, nan, nan, nan, nan]",0,[],[],0,2.4945336079128244e-08,0.9900690584039925,149.23220141343745,0.0,2.4945336079128244e-08,525.0,0,0.0,89.81290328592877,0.0,0.0
49140,921,[],"[0, 0, 0, 0, 0]",0.0,"[nan, nan, nan, nan, nan]",0,[],[],0,2.494531588064272e-08,0.9900690584063371,149.23220141379085,0.0,2.494531588064272e-08,525.0,0,0.0,89.81290326472504,0.0,0.0
49200,921,[],"[0, 0, 0, 0, 0]",0.0,"[nan, nan, nan, nan, nan]",0,[],[],0,2.4945298822181356e-08,0.9900690584086816,149.23220141414424,0.0,2.4945298822181356e-08,525.0,0,0.0,89.8129032435213,0.0,0.0
49260,921,[],"[0, 0, 0, 0, 0]",0.0,"[nan, nan, nan, nan, nan]",0,[],[],0,2.494529306638997e-08,0.9900690584110262,149.23220141449764,0.0,2.494529306638997e-08,525.0,0,0.0,89.81290322231757,0.0,0.0
49320,921,[],"[0, 0, 0, 0, 0]",0.0,"[nan, nan, nan, nan, nan]",0,[],[],0,2.4945285488356986e-08,0.9900690584133708,149.23220141485103,0.0,2.4945285488356986e-08,525.0,0,0.0,89.81290320111384,0.0,0.0
49380,921,[],"[0, 0, 0, 0, 0]",0.0,"[nan, nan, nan, nan, nan]",0,[],[],0,2.4945299947035608e-08,0.9900690584157154,149.23220141520443,0.0,2.4945299947035608e-08,525.0,0,0.0,89.81290317991011,0.0,0.0
49440,921,[],"[0, 0, 0, 0, 0]",0.0,"[nan, nan, nan, nan, nan]",0,[],[],0,2.4945347774143844e-08,0.9900690584180599,149.23220141555782,0.0,2.4945347774143844e-08,525.0,0,0.0,89.81290315870638,0.0,0.0
49500,921,[],"[0, 0, 0, 0, 0]",0.0,"[nan, nan, nan, nan, nan]",0,[],[],0,2.4945307421565947e-08,0.9900690584204045,149.23220141591122,0.0,2.4945307421565947e-08,525.0,0,0.0,89.81290313750264,0.0,0.0
49560,921,[],"[0, 0, 0, 0, 0]",0.0,"[nan, nan, nan, nan, nan]",0,[],[],0,2.4945290506010193e-08,0.9900690584227491,149.23220141626462,0.0,2.4945290506010193e-08,525.0,0,0.0,89.81290311629891,0.0,0.0
49620,921,[],"[0, 0, 0, 0, 0]",0.0,"[nan, nan, nan, nan, nan]",0,[],[],0,2.4945297729217392e-08,0.9900690584250937,149.232201416618,0.0,2.4945297729217392e-08,525.0,0,0.0,89.81290309509518,0.0,0.0
49680,921,[],"[0, 0, 0, 0, 0]",0.0,"[nan, nan, nan, nan, nan]",0,[],[],0,2.494530843712179e-08,0.9900690584274383,149.2322014169714,0.0,2.494530843712179e-08,525.0,0,0.0,89.81290307389145,0.0,0.0
49740,921,['rideHailVehicle-2730121@GlobalRHM'],"[299.9999999310113, 0, 0, 0, 0]",299.9999999310113,"[1.016638935108153, nan, nan, nan, nan]",1,[],[],0,-299.9999998929962,0.9900690584297829,149.2322014173248,0.0,3.8015116388123715e-08,525.0,0,0.0,89.81290305268772,0.0,0.0
49800,921,['rideHailVehicle-2730121@GlobalRHM'],"[299.9999999725679, 0, 0, 0, 0]",299.9999999725679,"[1.0184842883804024, nan, nan, nan, nan]",1,[],[],0,-299.99999988380097,0.9510430601503737,143.34984847824646,300.0,8.876691026671324e-08,525.0,0,300.0,442.7540793973884,-0.8333333344831448,-541.0
49860,921,['rideHailVehicle-2730121@GlobalRHM'],"[299.99999995323265, 0, 0, 0, 0]",299.99999995323265,"[1.0207900208301124, nan, nan, nan, nan]",1,[],[],0,-299.863204034317,0.9120170618721605,137.4674955393484,300.0,0.13679591891565224,525.0,0,300.0,750.0,-0.8333333349403453,-481.0
49920,921,['rideHailVehicle-2730121@GlobalRHM'],"[299.9999999508497, 0, 0, 0, 0]",299.9999999508497,"[1.023752969189163, nan, nan, nan, nan]",1,[],[],0,-299.5812368119346,0.8730088589092424,131.58782487200884,300.0,0.41876313891509653,525.0,0,300.0,750.0,-0.8333333357198018,-421.0
49980,921,['rideHailVehicle-2730121@GlobalRHM'],"[299.99999693592315, 0, 0, 0, 0]",299.99999693592315,"[1.0277008311314895, nan, nan, nan, nan]",1,[],[],0,-299.16913953208064,0.8340373361207892,125.71368297373562,300.0,0.8308574038425149,525.0,0,300.0,750.0,-0.8333333365389741,-361.0
50040,921,['rideHailVehicle-2730121@GlobalRHM'],"[54.97848966396197, 0, 0, 0, 0]",54.97848966396197,"[1.0332225935258572, nan, nan, nan, nan]",1,[],[],0,-53.615855463880784,0.7951194216914702,119.84762141428305,300.0,1.3626342000811889,525.0,0,300.0,750.0,-0.8333333876069204,-301.0
50100,921,['rideHailVehicle-2730121@GlobalRHM'],"[299.91083999690125, 0, 0, 0, 0]",299.91083999690125,"[1.2448311316119944, nan, nan, nan, nan]",1,[],[],0,-297.91304921675066,0.7881447140787076,118.79633013067755,300.0,1.9977907801505808,525.0,0,300.0,750.0,-4.917025226540886,-241.0
50160,921,['rideHailVehicle-2730121@GlobalRHM'],"[299.8338864638129, 0, 0, 0, 0]",299.8338864638129,"[1.3260891420945324, nan, nan, nan, nan]",1,[],[],0,-297.0920578207121,0.7493902002443964,112.9548977930942,300.0,2.7418286431008028,525.0,0,300.0,750.0,-4.918511226592528,-181.0
50220,921,['rideHailVehicle-2730121@GlobalRHM'],"[299.75716552629285, 0, 0, 0, 0]",299.75716552629285,"[1.488060805176428, nan, nan, nan, nan]",1,[],[],0,-296.181308853034,0.7107424864394873,107.12956332602141,300.0,3.5758566732588406,525.0,0,300.0,750.0,-4.921279785528981,-121.0
50280,921,['rideHailVehicle-2730121@GlobalRHM'],"[299.68069549778653, 0, 0, 0, 0]",299.68069549778653,"[1.9689167921490032, nan, nan, nan, nan]",1,[],[],0,-295.2012413396077,0.6722132489267724,101.32208668184427,300.0,4.479454158178839,525.0,0,300.0,750.0,-4.925327026757429,-61.0
50340,921,['rideHailVehicle-2730121@GlobalRHM'],"[299.6044894961628, 0, 0, 0, 0]",299.6044894961628,"[60.16778522153183, nan, nan, nan, nan]",1,[],[],0,-294.17382201148985,0.633811505124412,95.53382704773432,300.0,5.430667484672938,525.0,0,300.0,750.0,-4.930648768460983,-1.0
50400,921,['rideHailVehicle-2730121@GlobalRHM'],"[0.8287259829059954, 0, 0, 0, 0]",0.8287259829059954,"[inf, nan, nan, nan, nan]",1,[],[],0,5.577290543048603,0.5955434148718703,89.76571289064628,1.2344366114962213,6.406016525954598,525.0,0,1.2344366114962213,750.0,-0.02057394352493702,0.0
50460,921,['rideHailVehicle-2730121@GlobalRHM'],"[0.0014795640023397855, 0, 0, 0, 0]",0.0014795640023397855,"[inf, nan, nan, nan, nan]",1,[],[],0,7.376425877585292,0.5960676110945451,89.8447245066728,0.4057106285900147,7.3779054415876315,525.0,0,0.4057106285900147,750.0,-0.006761843809833579,0.0
50520,921,['rideHailVehicle-2730121@GlobalRHM'],"[0.0015809305151414349, 0, 0, 0, 0]",0.0015809305151414349,"[inf, nan, nan, nan, nan]",1,[],[],0,8.344383982632463,0.5967609037519789,89.94922387327193,0.4042310645876057,8.345964913147604,525.0,0,0.4042310645876057,750.0,-0.006737184409793429,0.0
50580,921,['rideHailVehicle-2730121@GlobalRHM'],"[0.0017694161955563719, 0, 0, 0, 0]",0.0017694161955563719,"[inf, nan, nan, nan, nan]",1,[],[],0,9.307992512049932,0.5975451724807607,90.06743597969256,0.40265013407235983,9.309761928245488,525.0,0,0.40265013407235983,750.0,-0.006710835567872664,0.0
50640,921,"['rideHailVehicle-2730121@GlobalRHM', 'rideHailVehicle-4413374@GlobalRHM']","[0.40088071787693025, 142.07032294100247, 0, 0, 0]",142.4712036588794,"[inf, 1.0, nan, nan, nan]",2,[],[],0,-129.35052444785413,0.5984200084746614,90.1992992069466,0.40088071787693025,13.120679211025276,525.0,0,0.40088071787693025,750.0,-0.0066813452979488375,0.0
50700,921,['rideHailVehicle-4413374@GlobalRHM'],"[0, 149.53616630417977, 0, 0, 0]",149.53616630417977,"[nan, 1.0027896841016701, nan, nan, nan]",1,[],[],0,-132.37490415363072,0.5815932306535175,87.66301441385143,150.0,17.16126215054905,525.0,0,150.0,750.0,-0.13216128431662533,-1137.0
50760,921,['rideHailVehicle-4413374@GlobalRHM'],"[0, 149.5028352021454, 0, 0, 0]",149.5028352021454,"[nan, 1.003117367039858, nan, nan, nan]",1,[],[],0,-128.09100061475286,0.5643730213749202,85.06742805789789,150.0,21.411834587392548,525.0,0,150.0,750.0,-0.13989184591362935,-1077.0
50820,921,['rideHailVehicle-4413374@GlobalRHM'],"[0, 149.47065429938607, 0, 0, 0]",149.47065429938607,"[nan, 1.0034968242095073, nan, nan, nan]",1,[],[],0,-123.62119688220331,0.5477100908036463,82.55583981054978,150.0,25.849457417182762,525.0,0,150.0,750.0,-0.1481779258778726,-1017.0
50880,921,['rideHailVehicle-4413374@GlobalRHM'],"[0, 149.43966630833378, 0, 0, 0]",149.43966630833378,"[nan, 1.0039373129585314, nan, nan, nan]",1,[],[],0,-118.98890106596043,0.5316286220751658,80.13189477364384,150.0,30.45076524237335,525.0,0,150.0,750.0,-0.157000354221438,-957.0
50940,921,['rideHailVehicle-4413374@GlobalRHM'],"[0, 149.40990793265962, 0, 0, 0]",149.40990793265962,"[nan, 1.0044505484704358, nan, nan, nan]",1,[],[],0,-114.21788013608777,0.5161497532420816,77.79877906646814,150.0,35.19202779657185,525.0,0,150.0,750.0,-0.16633924908254194,-897.0
51000,921,['rideHailVehicle-4413374@GlobalRHM'],"[0, 149.38141062691176, 0, 0, 0]",149.38141062691176,"[nan, 1.0050515875805461, nan, nan, nan]",1,[],[],0,-109.33219847169836,0.5012915305912194,75.55921278928994,150.0,40.0492121552134,525.0,0,150.0,750.0,-0.1761741168715485,-837.0
51060,921,['rideHailVehicle-4413374@GlobalRHM'],"[0, 149.35419802574756, 0, 0, 0]",149.35419802574756,"[nan, 1.0057601216913161, nan, nan, nan]",1,[],[],0,-104.35615244124921,0.4870688699546781,73.41544419180566,150.0,44.99804558449836,525.0,0,150.0,750.0,-0.18648393975635358,-777.0
51120,921,['rideHailVehicle-4413374@GlobalRHM'],"[0, 149.32828819768585, 0, 0, 0]",149.32828819768585,"[nan, 1.0066024202843145, nan, nan, nan]",1,[],[],0,-99.31420935887263,0.47349352653110954,71.36924512433019,150.0,50.01407883881322,525.0,0,150.0,750.0,-0.19724730599389417,-717.0
51180,921,['rideHailVehicle-4413374@GlobalRHM'],"[0, 149.30369327556744, 0, 0, 0]",149.30369327556744,"[nan, 1.0076143379981417, nan, nan, nan]",1,[],[],0,-94.23094349982762,0.4605740726479673,69.42190768592093,150.0,55.07274977573982,525.0,0,150.0,750.0,-0.20844250269912834,-657.0
51240,921,['rideHailVehicle-4413374@GlobalRHM'],"[0, 149.2804178965994, 0, 0, 0]",149.2804178965994,"[nan, 1.0088461352672564, nan, nan, nan]",1,[],[],0,-89.13097079586342,0.4483158838472904,67.57424212710077,150.0,60.14944710073598,525.0,0,150.0,750.0,-0.22004761477300505,-597.0
51300,921,['rideHailVehicle-4413374@GlobalRHM'],"[0, 149.25846139674317, 0, 0, 0]",149.25846139674317,"[nan, 1.0103705318359635, nan, nan, nan]",1,[],[],0,-84.03888730901089,0.43672113346675,65.82657603306424,150.0,65.21957408773228,525.0,0,150.0,750.0,-0.2320406498296812,-537.0
51360,921,['rideHailVehicle-4413374@GlobalRHM'],"[0, 149.2378158537765, 0, 0, 0]",149.2378158537765,"[nan, 1.0122968365560063, nan, nan, nan]",1,[],[],0,-78.97920373759453,0.42578879522443425,64.17875471327972,150.0,70.25861211618198,525.0,0,150.0,750.0,-0.24439962655062786,-477.0
51420,921,['rideHailVehicle-4413374@GlobalRHM'],"[0, 149.21846793765064, 0, 0, 0]",149.21846793765064,"[nan, 1.0147972774477325, nan, nan, nan]",1,[],[],0,-73.97628408061604,0.4155146543235281,62.63014287528767,150.0,75.2421838570346,525.0,0,150.0,750.0,-0.2571026956543534,-417.0
51480,921,"['rideHailVehicle-2712972@GlobalRHM', 'rideHailVehicle-4413374@GlobalRHM']","[300.0, 149.13556399797477, 0, 0, 0]",449.13556399797477,"[1.078095238095238, 1.018159881010208, nan, nan, nan]",2,[],[],0,-363.64570960939136,0.40589132653593823,61.17962750115794,150.0,85.48985438858341,525.0,0,150.0,750.0,-0.2701282300268417,-357.0
51540,921,"['rideHailVehicle-2712972@GlobalRHM', 'rideHailVehicle-4413374@GlobalRHM']","[300.0, 149.04372539048467, 0, 0, 0]",449.04372539048467,"[1.0881720430107527, 1.0229927674123036, nan, nan, nan]",2,[],[],0,-353.12561049215003,0.3585858703939631,54.049319469601244,450.0,95.91811489833464,525.0,0,450.0,750.0,-3.7012021633939245,-762.0
51600,921,"['rideHailVehicle-2712972@GlobalRHM', 'rideHailVehicle-4413374@GlobalRHM']","[300.0, 148.9546366513287, 0, 0, 0]",448.9546366513287,"[1.1012345679012345, 1.0304276867732507, nan, nan, nan]",2,[],[],0,-342.4894279074987,0.31264893881930506,47.125287891323794,450.0,106.46520874383003,525.0,0,450.0,750.0,-3.7171400735525157,-642.0
51660,921,"['rideHailVehicle-2712972@GlobalRHM', 'rideHailVehicle-4413374@GlobalRHM']","[300.0, 148.86831400783956, 0, 0, 0]",448.86831400783956,"[1.1188405797101448, 1.0431045599137225, nan, nan, nan]",2,[],[],0,-331.7990845580952,0.26809563272263415,40.40980891274539,450.0,117.06922944974434,525.0,0,450.0,750.0,-3.7345627960303673,-522.0
51720,921,"['rideHailVehicle-2712972@GlobalRHM', 'rideHailVehicle-4413374@GlobalRHM']","[300.0, 148.78475728426758, 0, 0, 0]",448.7847572842676,"[1.143859649122807, 1.06907847437259, nan, nan, nan]",2,[],[],0,-321.1164760716199,0.22493299769699296,33.903944509645484,450.0,127.66828121264768,525.0,0,450.0,750.0,-3.7534242292330404,-402.0
51780,921,"['rideHailVehicle-2712972@GlobalRHM', 'rideHailVehicle-4413374@GlobalRHM']","[300.0, 148.70395170115285, 0, 0, 0]",448.70395170115285,"[1.182222222222222, 1.1503206769804557, nan, nan, nan]",2,[],[],0,-310.5033126787737,0.18316002753989005,27.607543018045092,450.0,138.20063902237916,525.0,0,450.0,750.0,-3.7736782744952464,-282.0
51840,921,"['rideHailVehicle-2712972@GlobalRHM', 'rideHailVehicle-4413374@GlobalRHM']","[298.6555203886858, 15.216744768562052, 0, 0, 0]",313.87226515724785,"[1.2484848484848483, inf, nan, nan, nan]",2,[],[],0,-165.26735760552867,0.14276768837097392,21.519242769441686,315.2167447685621,148.60490755171918,525.0,0,315.2167447685621,750.0,-3.670279079476032,-165.0
51900,921,['rideHailVehicle-2712972@GlobalRHM'],"[298.6163957865666, 0, 0, 0, 0]",298.6163957865666,"[1.3930371040215506, nan, nan, nan, nan]",1,[],[],0,-148.61631156149772,0.12126860965145274,18.27870634580387,300.0,150.0000842250689,525.0,0,300.0,750.0,-3.4390746601885667,-105.0
51960,921,['rideHailVehicle-2712972@GlobalRHM'],"[298.57792539709874, 0, 0, 0, 0]",298.57792539709874,"[1.923235928109989, nan, nan, nan, nan]",1,[],[],0,-148.57784116491214,0.10193560991358651,15.364661021068619,300.0,150.0000842321866,525.0,0,300.0,750.0,-3.4621347304124583,-45.0
52020,921,['rideHailVehicle-2712972@GlobalRHM'],"[132.7260664659126, 0, 0, 0, 0]",132.7260664659126,"[inf, nan, nan, nan, nan]",1,[],[],0,17.274017705824903,0.0826076146611586,12.451370017835046,134.15015842764873,150.0000841717375,525.0,0,134.15015842764873,750.0,-2.2358359737941456,0.0
52080,921,['rideHailVehicle-2712972@GlobalRHM'],"[0.03248308840046427, 0, 0, 0, 0]",0.03248308840046427,"[inf, nan, nan, nan, nan]",1,[],[],0,149.96760114696676,0.08423115834458665,12.696085268667566,1.424091961736309,150.0000842353672,525.0,0,1.424091961736309,750.0,-0.023734866028938484,0.0
52140,921,['rideHailVehicle-2712972@GlobalRHM'],"[0.028056146432688497, 0, 0, 0, 0]",0.028056146432688497,"[inf, nan, nan, nan, nan]",1,[],[],0,149.97202808874383,0.0983262551372056,14.820626284916262,1.3916088733358833,150.0000842351765,525.0,0,1.3916088733358833,750.0,-0.023193481222264722,0.0
52200,921,['rideHailVehicle-2712972@GlobalRHM'],"[0.028062227093456484, 0, 0, 0, 0]",0.028062227093456484,"[inf, nan, nan, nan, nan]",1,[],[],0,149.97202193983964,0.11242176800751309,16.945230016173465,1.3635527269032366,150.00008416693308,525.0,0,1.3635527269032366,750.0,-0.02272587878172061,0.0
52260,921,['rideHailVehicle-2712972@GlobalRHM'],"[0.028052783043227544, 0, 0, 0, 0]",0.028052783043227544,"[inf, nan, nan, nan, nan]",1,[],[],0,149.97203139836918,0.12651728029989978,19.069833660321194,1.3354904998097084,150.0000841814124,525.0,0,1.3354904998097084,750.0,-0.022258174996828473,0.0
52320,921,['rideHailVehicle-2712972@GlobalRHM'],"[0.028052803584680406, 0, 0, 0, 0]",0.028052803584680406,"[inf, nan, nan, nan, nan]",1,[],[],0,149.9720313899902,0.14061279348127106,21.194437438464757,1.3074377167666285,150.00008419357488,525.0,0,1.3074377167666285,750.0,-0.02179062861277714,0.0
52380,921,['rideHailVehicle-2712972@GlobalRHM'],"[0.028053059348953906, 0, 0, 0, 0]",0.028053059348953906,"[inf, nan, nan, nan, nan]",1,[],[],0,149.97203115214427,0.15470830666185484,23.319041216489616,1.2793849131819002,150.00008421149323,525.0,0,1.2793849131819002,750.0,-0.021323081886365003,0.0
52440,921,['rideHailVehicle-2712972@GlobalRHM'],"[0.0280529661748542, 0, 0, 0, 0]",0.0280529661748542,"[inf, nan, nan, nan, nan]",1,[],[],0,149.97203126051411,0.16880381982008402,25.443644991144993,1.2513318538329088,150.00008422668895,525.0,0,1.2513318538329088,750.0,-0.020855530897215147,0.0
52500,921,['rideHailVehicle-2712972@GlobalRHM'],"[0.02805449729754797, 0, 0, 0, 0]",0.02805449729754797,"[inf, nan, nan, nan, nan]",1,[],[],0,149.9720297306358,0.18289933298849864,27.56824876733561,1.223278887658239,150.00008422793334,525.0,0,1.223278887658239,750.0,-0.02038798146097065,0.0
52560,921,['rideHailVehicle-2712972@GlobalRHM'],"[0.028054895354629687, 0, 0, 0, 0]",0.028054895354629687,"[inf, nan, nan, nan, nan]",1,[],[],0,149.9720293293437,0.19699484601312367,29.692852521852952,1.1952243903606075,150.00008422469836,525.0,0,1.1952243903606075,750.0,-0.019920406506010124,0.0
52620,921,['rideHailVehicle-2712972@GlobalRHM'],"[0.028053973594752285, 0, 0, 0, 0]",0.028053973594752285,"[inf, nan, nan, nan, nan]",1,[],[],0,149.97203025770878,0.21109035900003217,31.81745627068532,1.167169495006135,150.00008423130353,525.0,0,1.167169495006135,750.0,-0.019452824916768918,0.0
52680,921,['rideHailVehicle-2712972@GlobalRHM'],"[0.028054386612026968, 0, 0, 0, 0]",0.028054386612026968,"[inf, nan, nan, nan, nan]",1,[],[],0,149.97202984667558,0.22518587207419555,33.94206003266953,1.1391155214111848,150.00008423328762,525.0,0,1.1391155214111848,750.0,-0.018985258690186413,0.0
52740,921,['rideHailVehicle-2712972@GlobalRHM'],"[0.02805564773758358, 0, 0, 0, 0]",0.02805564773758358,"[inf, nan, nan, nan, nan]",1,[],[],0,149.97202857390496,0.23928138510972685,36.066663788830766,1.1110611347992005,150.00008422164254,525.0,0,1.1110611347992005,750.0,-0.018517685579986676,0.0
52800,921,['rideHailVehicle-2712972@GlobalRHM'],"[0.028053554434220633, 0, 0, 0, 0]",0.028053554434220633,"[inf, nan, nan, nan, nan]",1,[],[],0,149.97203067969315,0.25337689802563346,38.191267526961084,1.0830054870618255,150.00008423412737,525.0,0,1.0830054870618255,750.0,-0.018050091451030426,0.0
52860,921,['rideHailVehicle-2712972@GlobalRHM'],"[0.028056561582730163, 0, 0, 0, 0]",0.028056561582730163,"[inf, nan, nan, nan, nan]",1,[],[],0,149.9720276334759,0.26747241113945813,40.315871294923404,1.054951932627688,150.00008419505863,525.0,0,1.054951932627688,750.0,-0.017582532210461466,0.0
52920,921,['rideHailVehicle-2712972@GlobalRHM'],"[0.028054804321896137, 0, 0, 0, 0]",0.028054804321896137,"[inf, nan, nan, nan, nan]",1,[],[],0,149.97202939830456,0.2815679239669761,42.44047501973098,1.0268953710451,150.00008420262645,525.0,0,1.0268953710451,750.0,-0.017114922850751668,0.0
52980,921,['rideHailVehicle-2712972@GlobalRHM'],"[0.028053449789039998, 0, 0, 0, 0]",0.028053449789039998,"[inf, nan, nan, nan, nan]",1,[],[],0,149.9720307712702,0.2956634369603661,44.5650787695403,0.9988405667230893,150.00008422105924,525.0,0,0.9988405667230893,750.0,-0.016647342778718155,0.0
53040,921,['rideHailVehicle-2712972@GlobalRHM'],"[0.028054754132323917, 0, 0, 0, 0]",0.028054754132323917,"[inf, nan, nan, nan, nan]",1,[],[],0,149.97202946449463,0.30975895008279786,46.68968253879996,0.970787116933991,150.00008421862694,525.0,0,0.970787116933991,750.0,-0.016179785282233183,0.0
53100,921,['rideHailVehicle-2712972@GlobalRHM'],"[0.028053519722342136, 0, 0, 0, 0]",0.028053519722342136,"[inf, nan, nan, nan, nan]",1,[],[],0,149.97203071742177,0.3238544630824089,48.81428628954696,0.9427323628015927,150.0000842371441,525.0,0,0.9427323628015927,750.0,-0.01571220604669321,0.0
53160,921,['rideHailVehicle-2712972@GlobalRHM'],"[0.02805491793469732, 0, 0, 0, 0]",0.02805491793469732,"[inf, nan, nan, nan, nan]",1,[],[],0,149.97202931320538,0.33794997619977957,50.938890058043775,0.9146788430793151,150.00008423114008,525.0,0,0.9146788430793151,750.0,-0.015244647384655252,0.0
53220,921,['rideHailVehicle-2712972@GlobalRHM'],"[0.028054458486224405, 0, 0, 0, 0]",0.028054458486224405,"[inf, nan, nan, nan, nan]",1,[],[],0,149.9720297758793,0.35204548918517126,53.063493806647514,0.8866239251445052,150.00008423436552,525.0,0,0.8866239251445052,750.0,-0.014777065419075086,0.0
53280,921,['rideHailVehicle-2712972@GlobalRHM'],"[0.0280546771767366, 0, 0, 0, 0]",0.0280546771767366,"[inf, nan, nan, nan, nan]",1,[],[],0,149.97202955567803,0.3661410022140486,55.188097561805805,0.858569466658281,150.00008423285476,525.0,0,0.858569466658281,750.0,-0.01430949111097135,0.0
53340,921,['rideHailVehicle-2712972@GlobalRHM'],"[0.02805479908649654, 0, 0, 0, 0]",0.02805479908649654,"[inf, nan, nan, nan, nan]",1,[],[],0,149.97202942854284,0.38023651522222973,57.31270131384458,0.8305147894814979,150.00008422762934,525.0,0,0.8305147894814979,750.0,-0.013841913158024965,0.0
53400,921,['rideHailVehicle-2712972@GlobalRHM'],"[0.028054474620663284, 0, 0, 0, 0]",0.028054474620663284,"[inf, nan, nan, nan, nan]",1,[],[],0,149.97202975689527,0.39433202821846175,59.43730506408227,0.8024599903951923,150.00008423151593,525.0,0,0.8024599903951923,750.0,-0.013374333173253206,0.0
53460,921,['rideHailVehicle-2712972@GlobalRHM'],"[0.028054753890316513, 0, 0, 0, 0]",0.028054753890316513,"[inf, nan, nan, nan, nan]",1,[],[],0,149.97202947412515,0.40842754124555486,61.56190881897162,0.7744055157746743,150.00008422801548,525.0,0,0.7744055157746743,750.0,-0.012906758596244572,0.0
53520,921,['rideHailVehicle-2712972@GlobalRHM'],"[0.028054487570641915, 0, 0, 0, 0]",0.028054487570641915,"[inf, nan, nan, nan, nan]",1,[],[],0,149.9720297440011,0.422523054246071,63.686512569855054,0.746350761884429,150.00008423157175,525.0,0,0.746350761884429,750.0,-0.012439179364740482,0.0
53580,921,['rideHailVehicle-2712972@GlobalRHM'],"[0.02805521290028724, 0, 0, 0, 0]",0.02805521290028724,"[inf, nan, nan, nan, nan]",1,[],[],0,149.9720289966801,0.4366185672719522,65.81111632456174,0.7182962743138432,150.0000842095804,525.0,0,0.7182962743138432,750.0,-0.011971604571897387,0.0
53640,921,['rideHailVehicle-2712972@GlobalRHM'],"[0.02805439824395197, 0, 0, 0, 0]",0.02805439824395197,"[inf, nan, nan, nan, nan]",1,[],[],0,149.97202981808158,0.4507140802275945,67.93572006868138,0.6902410614137011,150.00008421632552,525.0,0,0.6902410614137011,750.0,-0.011504017690228352,0.0
53700,921,['rideHailVehicle-2712972@GlobalRHM'],"[0.02805468374167038, 0, 0, 0, 0]",0.02805468374167038,"[inf, nan, nan, nan, nan]",1,[],[],0,149.9720295320882,0.4648095932604383,70.06032382443753,0.6621866631698481,150.00008421582984,525.0,0,0.6621866631698481,750.0,-0.011036444386164135,0.0
53760,921,['rideHailVehicle-2712972@GlobalRHM'],"[0.028054548320281255, 0, 0, 0, 0]",0.028054548320281255,"[inf, nan, nan, nan, nan]",1,[],[],0,149.97202966453924,0.4789051062664023,72.18492757614212,0.6341319794280764,150.00008421285952,525.0,0,0.6341319794280764,750.0,-0.010568866323801274,0.0
53820,921,['rideHailVehicle-2712972@GlobalRHM'],"[0.028054620297321874, 0, 0, 0, 0]",0.028054620297321874,"[inf, nan, nan, nan, nan]",1,[],[],0,149.97202959248574,0.4930006192848151,74.30953132972309,0.6060774311077921,150.00008421278307,525.0,0,0.6060774311077921,750.0,-0.010101290518463202,0.0
53880,921,['rideHailVehicle-2712972@GlobalRHM'],"[0.028054316713145747, 0, 0, 0, 0]",0.028054316713145747,"[inf, nan, nan, nan, nan]",1,[],[],0,149.97202991719988,0.5070961322964557,76.4341350822833,0.5780228108105234,150.00008423391301,525.0,0,0.5780228108105234,750.0,-0.009633713513508724,0.0
53940,921,['rideHailVehicle-2712972@GlobalRHM'],"[0.028054782383095656, 0, 0, 0, 0]",0.028054782383095656,"[inf, nan, nan, nan, nan]",1,[],[],0,149.97202943804623,0.5211916453386154,78.55873883944363,0.5499684940971861,150.00008422042933,525.0,0,0.5499684940971861,750.0,-0.009166141568286434,0.0
54000,921,['rideHailVehicle-2712972@GlobalRHM'],"[0.028054731014507776, 0, 0, 0, 0]",0.028054731014507776,"[inf, nan, nan, nan, nan]",1,[],[],0,149.9720294806331,0.5352871583357406,80.68334258981595,0.5219137117138928,150.00008421164762,525.0,0,0.5219137117138928,750.0,-0.008698561861898213,0.0
54060,921,['rideHailVehicle-2712972@GlobalRHM'],"[0.028054443633002954, 0, 0, 0, 0]",0.028054443633002954,"[inf, nan, nan, nan, nan]",1,[],[],0,149.97202977156067,0.5493826713368685,82.80794634079159,0.4938589806994287,150.00008421519368,525.0,0,0.4938589806994287,750.0,-0.008230983011657145,0.0
54120,921,['rideHailVehicle-2712972@GlobalRHM'],"[0.02805447633102653, 0, 0, 0, 0]",0.02805447633102653,"[inf, nan, nan, nan, nan]",1,[],[],0,149.972029745217,0.5634781843653399,84.9325500958887,0.4658045370663899,150.000084221548,525.0,0,0.4658045370663899,750.0,-0.0077634089511064985,0.0
54180,921,['rideHailVehicle-2712972@GlobalRHM'],"[0.028054511455995985, 0, 0, 0, 0]",0.028054511455995985,"[inf, nan, nan, nan, nan]",1,[],[],0,149.97202971192786,0.5775736973913354,87.05715385061261,0.4377500607354534,150.00008422338385,525.0,0,0.4377500607354534,750.0,-0.00729583434559089,0.0
54240,921,['rideHailVehicle-2712972@GlobalRHM'],"[0.028054548758050354, 0, 0, 0, 0]",0.028054548758050354,"[inf, nan, nan, nan, nan]",1,[],[],0,149.97202967731997,0.5916692104142021,89.18175760486491,0.4096955492795473,150.00008422607803,525.0,0,0.4096955492795473,750.0,-0.006828259154659122,0.0
54300,921,['rideHailVehicle-2712972@GlobalRHM'],"[0.02805466121365569, 0, 0, 0, 0]",0.02805466121365569,"[inf, nan, nan, nan, nan]",1,[],[],0,149.97202957059196,0.605764723433816,91.30636135862694,0.3816410005214266,150.0000842318056,525.0,0,0.3816410005214266,750.0,-0.006360683342023776,0.0
54360,921,['rideHailVehicle-2712972@GlobalRHM'],"[0.02805470026759349, 0, 0, 0, 0]",0.02805470026759349,"[inf, nan, nan, nan, nan]",1,[],[],0,149.97202953590056,0.6198602364433989,93.430965110877,0.3535863393079808,150.00008423616816,525.0,0,0.3535863393079808,750.0,-0.005893105655133013,0.0
54420,921,['rideHailVehicle-2712972@GlobalRHM'],"[0.028054678969132888, 0, 0, 0, 0]",0.028054678969132888,"[inf, nan, nan, nan, nan]",1,[],[],0,149.97202955932127,0.6339557494497211,95.55556886263558,0.32553163904054827,150.0000842382904,525.0,0,0.32553163904054827,750.0,-0.005425527317342471,0.0
54480,921,['rideHailVehicle-2712972@GlobalRHM'],"[0.028054668786137188, 0, 0, 0, 0]",0.028054668786137188,"[inf, nan, nan, nan, nan]",1,[],[],0,149.9720295707525,0.6480512624582447,97.68017261472596,0.29747696007149216,150.00008423953864,525.0,0,0.29747696007149216,750.0,-0.004957949334524869,0.0
54540,921,[],"[0, 0, 0, 0, 0]",0.0,"[nan, nan, nan, nan, nan]",0,[],[],0,150.0000842265687,0.6621467754678426,99.80477636697829,0.269422291285224,150.0000842265687,525.0,0,0.269422291285224,750.0,-0.0044903715214204,0.0
54600,921,[],"[0, 0, 0, 0, 0]",0.0,"[nan, nan, nan, nan, nan]",0,[],[],0,150.0000842399401,0.6762449252675619,101.92977756018801,0.0,150.0000842399401,525.0,0,0.0,750.0,0.0,0.0
54660,921,[],"[0, 0, 0, 0, 0]",0.0,"[nan, nan, nan, nan, nan]",0,[],[],0,150.00008423772,0.6903430750685379,104.05477875358717,0.0,150.00008423772,525.0,0,0.0,750.0,0.0,0.0
54720,921,[],"[0, 0, 0, 0, 0]",0.0,"[nan, nan, nan, nan, nan]",0,[],[],0,150.00008423538685,0.7044412248693052,106.17977994695487,0.0,150.00008423538685,525.0,0,0.0,750.0,0.0,0.0
54780,921,[],"[0, 0, 0, 0, 0]",0.0,"[nan, nan, nan, nan, nan]",0,[],[],0,150.00008424082165,0.7185393746698532,108.30478114028952,0.0,150.00008424082165,525.0,0,0.0,750.0,0.0,0.0
54840,921,[],"[0, 0, 0, 0, 0]",0.0,"[nan, nan, nan, nan, nan]",0,[],[],0,150.00008423861692,0.732637524470912,110.42978233370116,0.0,150.00008423861692,525.0,0,0.0,750.0,0.0,0.0
54900,921,[],"[0, 0, 0, 0, 0]",0.0,"[nan, nan, nan, nan, nan]",0,[],[],0,150.00008424059402,0.7467356742717636,112.55478352708155,0.0,150.00008424059402,525.0,0,0.0,750.0,0.0,0.0
54960,921,[],"[0, 0, 0, 0, 0]",0.0,"[nan, nan, nan, nan, nan]",0,[],[],0,150.00008424349406,0.760833824072801,114.67978472048996,0.0,150.00008424349406,525.0,0,0.0,750.0,0.0,0.0
55020,921,[],"[0, 0, 0, 0, 0]",0.0,"[nan, nan, nan, nan, nan]",0,[],[],0,150.0000842431945,0.774931973874111,116.80478591393947,0.0,150.0000842431945,525.0,0,0.0,750.0,0.0,0.0
55080,921,[],"[0, 0, 0, 0, 0]",0.0,"[nan, nan, nan, nan, nan]",0,[],[],0,149.88777641428965,0.7890301236753928,118.92978710738473,0.0,149.88777641428965,525.0,0,0.0,750.0,0.0,0.0
55140,921,[],"[0, 0, 0, 0, 0]",0.0,"[nan, nan, nan, nan, nan]",0,[],[],0,149.49400470471707,0.8031177179319645,121.05319727325383,0.0,149.49400470471707,525.0,0,0.0,750.0,0.0,0.0
55200,921,[],"[0, 0, 0, 0, 0]",0.0,"[nan, nan, nan, nan, nan]",0,[],[],0,148.8201315649403,0.8171683025256612,123.17102900657065,0.0,148.8201315649403,525.0,0,0.0,750.0,0.0,0.0
55260,921,[],"[0, 0, 0, 0, 0]",0.0,"[nan, nan, nan, nan, nan]",0,[],[],0,147.8680428842269,0.8311555513917843,125.27931420374064,0.0,147.8680428842269,525.0,0,0.0,750.0,0.0,0.0
55320,921,[],"[0, 0, 0, 0, 0]",0.0,"[nan, nan, nan, nan, nan]",0,[],[],0,146.64014327962192,0.8450533157158652,127.37411147793385,0.0,146.64014327962192,525.0,0,0.0,750.0,0.0,0.0
55380,921,[],"[0, 0, 0, 0, 0]",0.0,"[nan, nan, nan, nan, nan]",0,[],[],0,145.13935040848116,0.8588356726876503,129.4515135077285,0.0,145.13935040848116,525.0,0,0.0,750.0,0.0,0.0
55440,921,[],"[0, 0, 0, 0, 0]",0.0,"[nan, nan, nan, nan, nan]",0,[],[],0,143.36908846473187,0.8724769737205351,131.50765430518197,0.0,143.36908846473187,525.0,0,0.0,750.0,0.0,0.0
55500,921,[],"[0, 0, 0, 0, 0]",0.0,"[nan, nan, nan, nan, nan]",0,[],[],0,141.33328043350693,0.8859518920597274,133.53871639176566,0.0,141.33328043350693,525.0,0,0.0,750.0,0.0,0.0
55560,921,[],"[0, 0, 0, 0, 0]",0.0,"[nan, nan, nan, nan, nan]",0,[],[],0,139.03633976034354,0.8992354696624416,135.54093786457366,0.0,139.03633976034354,525.0,0,0.0,750.0,0.0,0.0
55620,921,[],"[0, 0, 0, 0, 0]",0.0,"[nan, nan, nan, nan, nan]",0,[],[],0,136.48316092790506,0.9123031632951015,137.51061934451187,0.0,136.48316092790506,525.0,0,0.0,750.0,0.0,0.0
55680,921,['rideHailVehicle-7374152@GlobalRHM'],"[299.9999999679815, 0, 0, 0, 0]",299.9999999679815,"[1.0428816466552315, nan, nan, nan, nan]",1,[],[],0,-163.4531949643489,0.9251308897448709,139.44413079099053,0.0,136.5468050036326,525.0,0,0.0,677.0971406327442,0.0,0.0
55740,921,['rideHailVehicle-7374152@GlobalRHM'],"[299.9999999277419, 0, 0, 0, 0]",299.9999999277419,"[1.0478011472397775, nan, nan, nan, nan]",1,[],[],0,-163.29228176985433,0.9038678093858115,136.23916618384644,300.0,136.70771815788757,525.0,0,300.0,750.0,-2.0833333338669737,-523.0
55800,921,['rideHailVehicle-7374152@GlobalRHM'],"[299.99999991312154, 0, 0, 0, 0]",299.99999991312154,"[1.0539956803906159, nan, nan, nan, nan]",1,[],[],0,-163.04543197563873,0.8826256616869309,133.0373567373787,300.0,136.9545679374828,525.0,0,300.0,750.0,-2.0833333350712735,-463.0
55860,921,['rideHailVehicle-7374152@GlobalRHM'],"[299.99999991970515, 0, 0, 0, 0]",299.99999991970515,"[1.0620347395489602, nan, nan, nan, nan]",1,[],[],0,-162.72534276225335,0.861415625853543,129.8403874829544,300.0,137.2746571574518,525.0,0,300.0,750.0,-2.0833333365192477,-403.0
55920,921,['rideHailVehicle-7374152@GlobalRHM'],"[299.9999998646258, 0, 0, 0, 0]",299.9999998646258,"[1.0728862975343731, nan, nan, nan, nan]",1,[],[],0,-162.3461096998052,0.8402472293571395,126.64969448761612,300.0,137.6538901648206,525.0,0,300.0,750.0,-2.0833333378574963,-343.0
55980,921,['rideHailVehicle-7374152@GlobalRHM'],"[299.99999453184563, 0, 0, 0, 0]",299.99999453184563,"[1.0883392229023492, nan, nan, nan, nan]",1,[],[],0,-161.9232525718894,0.8191281660235622,123.46643743467877,300.0,138.07674195995622,525.0,0,300.0,750.0,-2.0833333401137324,-283.0
56040,921,['rideHailVehicle-7374152@GlobalRHM'],"[299.9606185159986, 0, 0, 0, 0]",299.9606185159986,"[1.1121076285874245, nan, nan, nan, nan]",1,[],[],0,-161.43438698172653,0.798064110761826,120.29147169797506,300.0,138.52623153427206,525.0,0,300.0,750.0,-2.0833334312496348,-223.0
56100,921,"['rideHailVehicle-7374152@GlobalRHM', 'rideHailVehicle-4261455@GlobalRHM']","[300.0, 209.87326543721792, 0, 0, 0]",509.8732654372179,"[1.1534225611766622, 1.043010752688172, nan, nan, nan]",2,[],[],0,-368.43249647609895,0.7770636503923811,117.12609156107845,300.0,141.44076896111898,525.0,0,300.0,750.0,-2.083989789316327,-163.0
56160,921,"['rideHailVehicle-7374152@GlobalRHM', 'rideHailVehicle-4261455@GlobalRHM']","[300.0, 299.7587491245574, 0, 0, 0]",599.7587491245574,"[1.2427949269106402, 1.0843882468123622, nan, nan, nan]",2,[],[],0,-455.32358537048196,0.7291354971301037,109.90192496350788,600.0,144.43516375407546,525.0,0,600.0,750.0,-5.586102032029361,-601.0
56220,921,"['rideHailVehicle-7374152@GlobalRHM', 'rideHailVehicle-4261455@GlobalRHM']","[300.0, 299.6415581876936, 0, 0, 0]",599.6415581876936,"[1.5815785458557197, 1.096058440839372, nan, nan, nan]",2,[],[],0,-452.15017595335803,0.6699039722448341,100.97401152487097,600.0,147.49138223433556,525.0,0,600.0,750.0,-5.590122879953405,-481.0
56280,921,"['rideHailVehicle-7374152@GlobalRHM', 'rideHailVehicle-4261455@GlobalRHM']","[40.03938735897975, 299.58226645217894, 0, 0, 0]",339.6216538111587,"[inf, 1.1114954641537202, nan, nan, nan]",2,[],[],0,-189.62156961406046,0.6110852655945536,92.10832180029533,340.03938735897975,150.00008419709823,525.0,0,340.03938735897975,750.0,-4.179430243491847,-378.0
56340,921,['rideHailVehicle-4261455@GlobalRHM'],"[0, 299.5419909345766, 0, 0, 0]",299.5419909345766,"[nan, 1.1327950696844982, nan, nan, nan]",1,[],[],0,-149.54190671521073,0.5864180287540979,88.39025180786277,300.0,150.00008421936585,525.0,0,300.0,750.0,-3.5190693466392027,-318.0
56400,921,['rideHailVehicle-4261455@GlobalRHM'],"[0, 299.5032812318159, 0, 0, 0]",299.5032812318159,"[nan, 1.1640326898168802, nan, nan, nan]",1,[],[],0,-149.50319699261192,0.5669646214332679,85.45805755854491,300.0,150.00008423920397,525.0,0,300.0,750.0,-3.526702831062927,-258.0
56460,921,['rideHailVehicle-4261455@GlobalRHM'],"[0, 299.4645811347151, 0, 0, 0]",299.4645811347151,"[nan, 1.2142413016484443, nan, nan, nan]",1,[],[],0,-149.46449689756884,0.5475162497309982,82.52662232339566,300.0,150.00008423714627,525.0,0,300.0,750.0,-3.534981477199331,-198.0
56520,921,['rideHailVehicle-4261455@GlobalRHM'],"[0, 299.4258910469585, 0, 0, 0]",299.4258910469585,"[nan, 1.3081656630394851, nan, nan, nan]",1,[],[],0,-149.42580681264204,0.5280729123948723,79.59594591363941,300.0,150.00008423431646,525.0,0,300.0,750.0,-3.5439051249540796,-138.0
56580,921,['rideHailVehicle-4261455@GlobalRHM'],"[0, 299.38721098412026, 0, 0, 0]",299.38721098412026,"[nan, 1.5466882473084262, nan, nan, nan]",1,[],[],0,-149.38712675314312,0.5086346081227073,76.66602813299937,300.0,150.00008423097714,525.0,0,300.0,750.0,-3.5534736075047704,-78.0
56640,921,['rideHailVehicle-4261455@GlobalRHM'],"[0, 299.3485409120178, 0, 0, 0]",299.3485409120178,"[nan, 3.375791171846288, nan, nan, nan]",1,[],[],0,-149.34845668365298,0.4892013356103291,73.73686878489853,300.0,150.00008422836484,525.0,0,300.0,750.0,-3.563686757769432,-18.0
56700,921,['rideHailVehicle-4261455@GlobalRHM'],"[0, 3.8475692350265454, 0, 0, 0]",3.8475692350265454,"[nan, inf, nan, nan, nan]",1,[],[],0,146.152515004028,0.46977309355817054,70.80846767345436,4.4726645541479115,150.00008423905456,525.0,0,4.4726645541479115,750.0,-0.07454440923579853,0.0
56760,921,['rideHailVehicle-4261455@GlobalRHM'],"[0, 0.028181955104873292, 0, 0, 0]",0.028181955104873292,"[nan, inf, nan, nan, nan]",1,[],[],0,149.97190227962545,0.48350961951251753,72.87896163601143,0.6250953191214137,150.00008423473034,525.0,0,0.6250953191214137,750.0,-0.010418255318690228,0.0
56820,921,['rideHailVehicle-4261455@GlobalRHM'],"[0, 0.028054633827341715, 0, 0, 0]",0.028054633827341715,"[nan, inf, nan, nan, nan]",1,[],[],0,149.97202960268572,0.49760512055832634,75.00356358497278,0.5969133640167001,150.00008423651306,525.0,0,0.5969133640167001,750.0,-0.009948556066945002,0.0
56880,921,['rideHailVehicle-4261455@GlobalRHM'],"[0, 0.028054767307531803, 0, 0, 0]",0.028054767307531803,"[nan, inf, nan, nan, nan]",1,[],[],0,149.97202946074665,0.5117006335709257,77.1281673376775,0.5688587301895609,150.0000842280542,525.0,0,0.5688587301895609,750.0,-0.009480978836492682,0.0
56940,921,['rideHailVehicle-4261455@GlobalRHM'],"[0, 0.028054719077955453, 0, 0, 0]",0.028054719077955453,"[nan, inf, nan, nan, nan]",1,[],[],0,149.97202949917423,0.5257961465701844,79.2527710883714,0.540803962881995,150.00008421825217,525.0,0,0.540803962881995,750.0,-0.009013399381366582,0.0
57000,921,['rideHailVehicle-4261455@GlobalRHM'],"[0, 0.028054625414777816, 0, 0, 0]",0.028054625414777816,"[nan, inf, nan, nan, nan]",1,[],[],0,149.97202958877264,0.5398916595730548,81.3773748396097,0.5127492438042225,150.0000842141874,525.0,0,0.5127492438042225,750.0,-0.008545820730070375,0.0
57060,921,['rideHailVehicle-4261455@GlobalRHM'],"[0, 0.028054466442921297, 0, 0, 0]",0.028054466442921297,"[nan, inf, nan, nan, nan]",1,[],[],0,149.97202975385323,0.5539871725843465,83.50197859211731,0.4846946183893408,150.00008422029615,525.0,0,0.4846946183893408,750.0,-0.008078243639822347,0.0
57120,921,['rideHailVehicle-4261455@GlobalRHM'],"[0, 0.028054496388697864, 0, 0, 0]",0.028054496388697864,"[nan, inf, nan, nan, nan]",1,[],[],0,149.97202972565444,0.5680826856111536,85.62658234696356,0.45664015194660124,150.00008422204314,525.0,0,0.45664015194660124,750.0,-0.007610669199110021,0.0
57180,921,['rideHailVehicle-4261455@GlobalRHM'],"[0, 0.028054521438810872, 0, 0, 0]",0.028054521438810872,"[nan, inf, nan, nan, nan]",1,[],[],0,149.97202970273187,0.5821781986353104,87.75118610141033,0.42858565555789596,150.00008422417068,525.0,0,0.42858565555789596,750.0,-0.007143094259298266,0.0
57240,921,['rideHailVehicle-4261455@GlobalRHM'],"[0, 0.028054568611547984, 0, 0, 0]",0.028054568611547984,"[nan, inf, nan, nan, nan]",1,[],[],0,149.9720296586982,0.5962737116573128,89.87578985553236,0.40053113411914865,150.00008422730974,525.0,0,0.40053113411914865,750.0,-0.006675518901985811,0.0
57300,921,['rideHailVehicle-4261455@GlobalRHM'],"[0, 0.02805469121631435, 0, 0, 0]",0.02805469121631435,"[nan, inf, nan, nan, nan]",1,[],[],0,149.97202954208956,0.6103692246751765,92.00039360903058,0.3724765655074691,150.00008423330587,525.0,0,0.3724765655074691,750.0,-0.006207942758457818,0.0
57360,921,['rideHailVehicle-4261455@GlobalRHM'],"[0, 0.02805469396533493, 0, 0, 0]",0.02805469396533493,"[nan, inf, nan, nan, nan]",1,[],[],0,149.9720295428736,0.6244647376820806,94.12499736087685,0.3444218742913563,150.00008423683894,525.0,0,0.3444218742913563,750.0,-0.005740364571522605,0.0
57420,921,['rideHailVehicle-4261455@GlobalRHM'],"[0, 0.028054487240255, 0, 0, 0]",0.028054487240255,"[nan, inf, nan, nan, nan]",1,[],[],0,149.972029746684,0.6385602506890582,96.24960111273423,0.3163671803258694,150.00008423392427,525.0,0,0.3163671803258694,750.0,-0.00527278633876449,0.0
57480,921,[],"[0, 0, 0, 0, 0]",0.0,"[nan, nan, nan, nan, nan]",0,[],[],0,150.0000842350705,0.6526557637151915,98.37420486747891,0.2883126930856861,150.0000842350705,525.0,0,0.2883126930856861,750.0,-0.004805211551428101,0.0
57540,921,[],"[0, 0, 0, 0, 0]",0.0,"[nan, nan, nan, nan, nan]",0,[],[],0,150.00008423975194,0.6667539135157098,100.49920606080907,0.0,150.00008423975194,525.0,0,0.0,750.0,0.0,0.0
57600,921,[],"[0, 0, 0, 0, 0]",0.0,"[nan, nan, nan, nan, nan]",0,[],[],0,150.00008423883855,0.680852063316668,102.62420725420556,0.0,150.00008423883855,525.0,0,0.0,750.0,0.0,0.0
57660,921,[],"[0, 0, 0, 0, 0]",0.0,"[nan, nan, nan, nan, nan]",0,[],[],0,150.0000842378108,0.6949502131175405,104.7492084475891,0.0,150.0000842378108,525.0,0,0.0,750.0,0.0,0.0
57720,921,[],"[0, 0, 0, 0, 0]",0.0,"[nan, nan, nan, nan, nan]",0,[],[],0,150.00008424073548,0.7090483629183163,106.87420964095809,0.0,150.00008424073548,525.0,0,0.0,750.0,0.0,0.0
57780,921,[],"[0, 0, 0, 0, 0]",0.0,"[nan, nan, nan, nan, nan]",0,[],[],0,150.00008424126904,0.7231465127193669,108.9992108343685,0.0,150.00008424126904,525.0,0,0.0,750.0,0.0,0.0
57840,921,[],"[0, 0, 0, 0, 0]",0.0,"[nan, nan, nan, nan, nan]",0,[],[],0,150.00008424327638,0.7372446625204678,111.12421202778647,0.0,150.00008424327638,525.0,0,0.0,750.0,0.0,0.0
57900,921,[],"[0, 0, 0, 0, 0]",0.0,"[nan, nan, nan, nan, nan]",0,[],[],0,150.0000842410909,0.7513428123217573,113.24921322123288,0.0,150.0000842410909,525.0,0,0.0,750.0,0.0,0.0
57960,921,[],"[0, 0, 0, 0, 0]",0.0,"[nan, nan, nan, nan, nan]",0,[],[],0,150.0000842441303,0.7654409621228414,115.37421441464834,0.0,150.0000842441303,525.0,0,0.0,750.0,0.0,0.0
58020,921,[],"[0, 0, 0, 0, 0]",0.0,"[nan, nan, nan, nan, nan]",0,[],[],0,150.0000842442775,0.7795391119242112,117.49921560810685,0.0,150.0000842442775,525.0,0,0.0,750.0,0.0,0.0
58080,921,[],"[0, 0, 0, 0, 0]",0.0,"[nan, nan, nan, nan, nan]",0,[],[],0,149.79564662865673,0.7936372617255949,119.62421680156746,0.0,149.79564662865673,525.0,0,0.0,750.0,0.0,0.0
58140,921,[],"[0, 0, 0, 0, 0]",0.0,"[nan, nan, nan, nan, nan]",0,[],[],0,149.31012200350906,0.8077161969235696,121.74632179547342,0.0,149.31012200350906,525.0,0,0.0,750.0,0.0,0.0
58200,921,[],"[0, 0, 0, 0, 0]",0.0,"[nan, nan, nan, nan, nan]",0,[],[],0,148.54504444182,0.8217494988211893,123.86154852385647,0.0,148.54504444182,525.0,0,0.0,750.0,0.0,0.0
58260,921,[],"[0, 0, 0, 0, 0]",0.0,"[nan, nan, nan, nan, nan]",0,[],[],0,147.50247002185736,0.8357108929053654,125.96593665344892,0.0,147.50247002185736,525.0,0,0.0,750.0,0.0,0.0
58320,921,[],"[0, 0, 0, 0, 0]",0.0,"[nan, nan, nan, nan, nan]",0,[],[],0,146.18497184645517,0.8495742979088968,128.05555497875858,0.0,146.18497184645517,525.0,0,0.0,750.0,0.0,0.0
58380,921,[],"[0, 0, 0, 0, 0]",0.0,"[nan, nan, nan, nan, nan]",0,[],[],0,144.59563403679837,0.8633138744043747,130.12650874658337,0.0,144.59563403679837,525.0,0,0.0,750.0,0.0,0.0
58440,921,[],"[0, 0, 0, 0, 0]",0.0,"[nan, nan, nan, nan, nan]",0,[],[],0,142.73804482300372,0.8769040728335773,132.174946895438,0.0,142.73804482300372,525.0,0,0.0,750.0,0.0,0.0
58500,921,[],"[0, 0, 0, 0, 0]",0.0,"[nan, nan, nan, nan, nan]",0,[],[],0,140.61628865341208,0.8903196808874646,134.19706919709722,0.0,140.61628865341208,525.0,0,0.0,750.0,0.0,0.0
58560,921,[],"[0, 0, 0, 0, 0]",0.0,"[nan, nan, nan, nan, nan]",0,[],[],0,138.2349374765182,0.9035358701445452,136.1891332863539,0.0,138.2349374765182,525.0,0,0.0,750.0,0.0,0.0
58620,921,[],"[0, 0, 0, 0, 0]",0.0,"[nan, nan, nan, nan, nan]",0,[],[],0,135.5990410214469,0.9165282418898509,138.14746156727122,0.0,135.5990410214469,525.0,0,0.0,750.0,0.0,0.0
58680,921,[],"[0, 0, 0, 0, 0]",0.0,"[nan, nan, nan, nan, nan]",0,[],[],0,132.71411623768788,0.9292728720203987,140.0684479817417,0.0,132.71411623768788,525.0,0,0.0,639.6381091876731,0.0,0.0
58740,921,[],"[0, 0, 0, 0, 0]",0.0,"[nan, nan, nan, nan, nan]",0,[],[],0,129.5861359456702,0.941746354958116,141.94856462844228,0.0,129.5861359456702,525.0,0,0.0,526.8311103856388,0.0,0.0
58800,921,[],"[0, 0, 0, 0, 0]",0.0,"[nan, nan, nan, nan, nan]",0,[],[],0,126.22151656847298,0.953925846496063,143.78436822100593,0.0,126.22151656847298,525.0,0,0.0,416.6828948318198,0.0,0.0
58860,921,[],"[0, 0, 0, 0, 0]",0.0,"[nan, nan, nan, nan, nan]",0,[],[],0,122.62710517966053,0.9657891054915861,145.57250637239264,0.0,122.62710517966053,525.0,0,0.0,309.39460574861755,0.0,0.0
58920,921,[],"[0, 0, 0, 0, 0]",0.0,"[nan, nan, nan, nan, nan]",0,[],[],0,118.81016548040614,0.9773145343421292,147.30972369577117,0.0,118.81016548040614,525.0,0,0.0,205.16156634590573,0.0,0.0
58980,921,[],"[0, 0, 0, 0, 0]",0.0,"[nan, nan, nan, nan, nan]",0,[],[],0,104.17292549918517,0.9884812181430676,148.9928677067436,0.0,104.17292549918517,525.0,0,0.0,104.17292568756011,0.0,0.0
59040,921,[],"[0, 0, 0, 0, 0]",0.0,"[nan, nan, nan, nan, nan]",0,[],[],0,15.62593888284084,0.9982721827037552,150.46865081798205,0.0,15.62593888284084,525.0,0,0.0,15.625939013252719,0.0,0.0
59100,921,[],"[0, 0, 0, 0, 0]",0.0,"[nan, nan, nan, nan, nan]",0,[],[],0,2.3438903371291007,0.9997408273933063,150.69001828548897,0.0,2.3438903371291007,525.0,0,0.0,2.3438909628373494,0.0,0.0
59160,921,[],"[0, 0, 0, 0, 0]",0.0,"[nan, nan, nan, nan, nan]",0,[],[],0,3.085394903384925e-08,0.999961124050187,150.7232233985983,0.0,3.085394903384925e-08,525.0,0,0.0,0.35158417627826566,0.0,0.0
59220,921,[],"[0, 0, 0, 0, 0]",0.0,"[nan, nan, nan, nan, nan]",0,[],[],0,1.3972359562028088e-08,0.9999611240530869,150.7232233990354,0.0,1.3972359562028088e-08,525.0,0,0.0,0.3515841500524175,0.0,0.0
59280,921,[],"[0, 0, 0, 0, 0]",0.0,"[nan, nan, nan, nan, nan]",0,[],[],0,1.3972343668258755e-08,0.9999611240544001,150.72322339923332,0.0,1.3972343668258755e-08,525.0,0,0.0,0.35158413817669043,0.0,0.0
59340,921,[],"[0, 0, 0, 0, 0]",0.0,"[nan, nan, nan, nan, nan]",0,[],[],0,1.397233368214276e-08,0.9999611240557132,150.72322339943125,0.0,1.397233368214276e-08,525.0,0,0.0,0.35158412630096336,0.0,0.0
59400,921,[],"[0, 0, 0, 0, 0]",0.0,"[nan, nan, nan, nan, nan]",0,[],[],0,1.3972362885669282e-08,0.9999611240570263,150.72322339962918,0.0,1.3972362885669282e-08,525.0,0,0.0,0.3515841144252363,0.0,0.0
59460,921,[],"[0, 0, 0, 0, 0]",0.0,"[nan, nan, nan, nan, nan]",0,[],[],0,1.3972337539926524e-08,0.9999611240583395,150.7232233998271,0.0,1.3972337539926524e-08,525.0,0,0.0,0.3515841025495092,0.0,0.0
59520,921,[],"[0, 0, 0, 0, 0]",0.0,"[nan, nan, nan, nan, nan]",0,[],[],0,1.3972370208492132e-08,0.9999611240596527,150.72322340002503,0.0,1.3972370208492132e-08,525.0,0,0.0,0.35158409067378216,0.0,0.0
59580,921,[],"[0, 0, 0, 0, 0]",0.0,"[nan, nan, nan, nan, nan]",0,[],[],0,1.3972344375171954e-08,0.9999611240609658,150.72322340022296,0.0,1.3972344375171954e-08,525.0,0,0.0,0.3515840787980551,0.0,0.0
59640,921,[],"[0, 0, 0, 0, 0]",0.0,"[nan, nan, nan, nan, nan]",0,[],[],0,1.3972336009652857e-08,0.9999611240622789,150.7232234004209,0.0,1.3972336009652857e-08,525.0,0,0.0,0.351584066922328,0.0,0.0
59700,921,[],"[0, 0, 0, 0, 0]",0.0,"[nan, nan, nan, nan, nan]",0,[],[],0,1.397236059765952e-08,0.999961124063592,150.72322340061882,0.0,1.397236059765952e-08,525.0,0,0.0,0.35158405504660095,0.0,0.0
59760,921,[],"[0, 0, 0, 0, 0]",0.0,"[nan, nan, nan, nan, nan]",0,[],[],0,1.3972360351320332e-08,0.9999611240649052,150.72322340081675,0.0,1.3972360351320332e-08,525.0,0,0.0,0.3515840431708739,0.0,0.0
59820,921,[],"[0, 0, 0, 0, 0]",0.0,"[nan, nan, nan, nan, nan]",0,[],[],0,1.397237243423589e-08,0.9999611240662184,150.72322340101468,0.0,1.397237243423589e-08,525.0,0,0.0,0.3515840312951468,0.0,0.0
59880,921,[],"[0, 0, 0, 0, 0]",0.0,"[nan, nan, nan, nan, nan]",0,[],[],0,1.3972352409534367e-08,0.9999611240675315,150.7232234012126,0.0,1.3972352409534367e-08,525.0,0,0.0,0.35158401941941975,0.0,0.0
59940,921,[],"[0, 0, 0, 0, 0]",0.0,"[nan, nan, nan, nan, nan]",0,[],[],0,1.3972355992997051e-08,0.9999611240688446,150.72322340141054,0.0,1.3972355992997051e-08,525.0,0,0.0,0.3515840075436927,0.0,0.0
60000,921,[],"[0, 0, 0, 0, 0]",0.0,"[nan, nan, nan, nan, nan]",0,[],[],0,1.397234616482677e-08,0.9999611240701578,150.72322340160846,0.0,1.397234616482677e-08,525.0,0,0.0,0.3515839956679656,0.0,0.0
60060,921,[],"[0, 0, 0, 0, 0]",0.0,"[nan, nan, nan, nan, nan]",0,[],[],0,1.3972346214335131e-08,0.999961124071471,150.7232234018064,0.0,1.3972346214335131e-08,525.0,0,0.0,0.35158398379223854,0.0,0.0
60120,921,[],"[0, 0, 0, 0, 0]",0.0,"[nan, nan, nan, nan, nan]",0,[],[],0,1.3972342992213027e-08,0.999961124072784,150.72322340200432,0.0,1.3972342992213027e-08,525.0,0,0.0,0.3515839719165115,0.0,0.0
60180,921,[],"[0, 0, 0, 0, 0]",0.0,"[nan, nan, nan, nan, nan]",0,[],[],0,1.3972360137296027e-08,0.9999611240740972,150.72322340220225,0.0,1.3972360137296027e-08,525.0,0,0.0,0.3515839600407844,0.0,0.0
60240,921,[],"[0, 0, 0, 0, 0]",0.0,"[nan, nan, nan, nan, nan]",0,[],[],0,1.3972353742445807e-08,0.9999611240754104,150.72322340240018,0.0,1.3972353742445807e-08,525.0,0,0.0,0.35158394816505734,0.0,0.0
60300,921,[],"[0, 0, 0, 0, 0]",0.0,"[nan, nan, nan, nan, nan]",0,[],[],0,1.3972340340201342e-08,0.9999611240767236,150.7232234025981,0.0,1.3972340340201342e-08,525.0,0,0.0,0.35158393628933027,0.0,0.0
60360,921,[],"[0, 0, 0, 0, 0]",0.0,"[nan, nan, nan, nan, nan]",0,[],[],0,1.3972359647099672e-08,0.9999611240780366,150.72322340279604,0.0,1.3972359647099672e-08,525.0,0,0.0,0.3515839244136032,0.0,0.0
60420,921,[],"[0, 0, 0, 0, 0]",0.0,"[nan, nan, nan, nan, nan]",0,[],[],0,1.3972354533395137e-08,0.9999611240793498,150.72322340299397,0.0,1.3972354533395137e-08,525.0,0,0.0,0.35158391253787613,0.0,0.0
60480,921,[],"[0, 0, 0, 0, 0]",0.0,"[nan, nan, nan, nan, nan]",0,[],[],0,1.3972357586307061e-08,0.999961124080663,150.7232234031919,0.0,1.3972357586307061e-08,525.0,0,0.0,0.35158390066214906,0.0,0.0
60540,921,[],"[0, 0, 0, 0, 0]",0.0,"[nan, nan, nan, nan, nan]",0,[],[],0,1.3972361202288723e-08,0.999961124081976,150.72322340338982,0.0,1.3972361202288723e-08,525.0,0,0.0,0.351583888786422,0.0,0.0
60600,921,[],"[0, 0, 0, 0, 0]",0.0,"[nan, nan, nan, nan, nan]",0,[],[],0,1.397235124092743e-08,0.9999611240832892,150.72322340358775,0.0,1.397235124092743e-08,525.0,0,0.0,0.3515838769106949,0.0,0.0
60660,921,[],"[0, 0, 0, 0, 0]",0.0,"[nan, nan, nan, nan, nan]",0,[],[],0,1.3972369086634773e-08,0.9999611240846024,150.72322340378568,0.0,1.3972369086634773e-08,525.0,0,0.0,0.35158386503496786,0.0,0.0
60720,921,[],"[0, 0, 0, 0, 0]",0.0,"[nan, nan, nan, nan, nan]",0,[],[],0,1.39723572808956e-08,0.9999611240859155,150.7232234039836,0.0,1.39723572808956e-08,525.0,0,0.0,0.3515838531592408,0.0,0.0
60780,921,[],"[0, 0, 0, 0, 0]",0.0,"[nan, nan, nan, nan, nan]",0,[],[],0,1.3972367523118402e-08,0.9999611240872286,150.72322340418154,0.0,1.3972367523118402e-08,525.0,0,0.0,0.3515838412835137,0.0,0.0
60840,921,[],"[0, 0, 0, 0, 0]",0.0,"[nan, nan, nan, nan, nan]",0,[],[],0,1.397236675229881e-08,0.9999611240885418,150.72322340437947,0.0,1.397236675229881e-08,525.0,0,0.0,0.35158382940778665,0.0,0.0
60900,921,[],"[0, 0, 0, 0, 0]",0.0,"[nan, nan, nan, nan, nan]",0,[],[],0,1.3972352783274718e-08,0.9999611240898549,150.7232234045774,0.0,1.3972352783274718e-08,525.0,0,0.0,0.3515838175320596,0.0,0.0
60960,921,[],"[0, 0, 0, 0, 0]",0.0,"[nan, nan, nan, nan, nan]",0,[],[],0,1.3972362522989004e-08,0.9999611240911681,150.72322340477533,0.0,1.3972362522989004e-08,525.0,0,0.0,0.3515838056563325,0.0,0.0
61020,921,[],"[0, 0, 0, 0, 0]",0.0,"[nan, nan, nan, nan, nan]",0,[],[],0,1.3972357619850665e-08,0.9999611240924812,150.72322340497325,0.0,1.3972357619850665e-08,525.0,0,0.0,0.35158379378060545,0.0,0.0
61080,921,[],"[0, 0, 0, 0, 0]",0.0,"[nan, nan, nan, nan, nan]",0,[],[],0,1.3972357419975073e-08,0.9999611240937943,150.72322340517118,0.0,1.3972357419975073e-08,525.0,0,0.0,0.3515837819048784,0.0,0.0
61140,921,[],"[0, 0, 0, 0, 0]",0.0,"[nan, nan, nan, nan, nan]",0,[],[],0,1.3972357683746284e-08,0.9999611240951075,150.7232234053691,0.0,1.3972357683746284e-08,525.0,0,0.0,0.3515837700291513,0.0,0.0
61200,921,[],"[0, 0, 0, 0, 0]",0.0,"[nan, nan, nan, nan, nan]",0,[],[],0,1.3972347567900132e-08,0.9999611240964207,150.72322340556704,0.0,1.3972347567900132e-08,525.0,0,0.0,0.35158375815342424,0.0,0.0
61260,921,[],"[0, 0, 0, 0, 0]",0.0,"[nan, nan, nan, nan, nan]",0,[],[],0,1.3972359815273223e-08,0.9999611240977337,150.72322340576497,0.0,1.3972359815273223e-08,525.0,0,0.0,0.3515837462776972,0.0,0.0
61320,921,[],"[0, 0, 0, 0, 0]",0.0,"[nan, nan, nan, nan, nan]",0,[],[],0,1.3972362111825679e-08,0.9999611240990469,150.7232234059629,0.0,1.3972362111825679e-08,525.0,0,0.0,0.3515837344019701,0.0,0.0
61380,921,[],"[0, 0, 0, 0, 0]",0.0,"[nan, nan, nan, nan, nan]",0,[],[],0,1.3972354751776689e-08,0.9999611241003601,150.72322340616083,0.0,1.3972354751776689e-08,525.0,0,0.0,0.35158372252624304,0.0,0.0
61440,921,[],"[0, 0, 0, 0, 0]",0.0,"[nan, nan, nan, nan, nan]",0,[],[],0,1.3972365453381054e-08,0.9999611241016733,150.72322340635876,0.0,1.3972365453381054e-08,525.0,0,0.0,0.35158371065051597,0.0,0.0
61500,921,[],"[0, 0, 0, 0, 0]",0.0,"[nan, nan, nan, nan, nan]",0,[],[],0,1.3972368437603062e-08,0.9999611241029863,150.72322340655668,0.0,1.3972368437603062e-08,525.0,0,0.0,0.3515836987747889,0.0,0.0
61560,921,[],"[0, 0, 0, 0, 0]",0.0,"[nan, nan, nan, nan, nan]",0,[],[],0,1.3972346687513873e-08,0.9999611241042995,150.7232234067546,0.0,1.3972346687513873e-08,525.0,0,0.0,0.35158368689906183,0.0,0.0
61620,921,[],"[0, 0, 0, 0, 0]",0.0,"[nan, nan, nan, nan, nan]",0,[],[],0,1.3972370253959594e-08,0.9999611241056127,150.72322340695254,0.0,1.3972370253959594e-08,525.0,0,0.0,0.35158367502333476,0.0,0.0
61680,921,[],"[0, 0, 0, 0, 0]",0.0,"[nan, nan, nan, nan, nan]",0,[],[],0,1.3972351467093697e-08,0.9999611241069257,150.72322340715047,0.0,1.3972351467093697e-08,525.0,0,0.0,0.3515836631476077,0.0,0.0
61740,921,[],"[0, 0, 0, 0, 0]",0.0,"[nan, nan, nan, nan, nan]",0,[],[],0,1.3972355676895658e-08,0.9999611241082389,150.7232234073484,0.0,1.3972355676895658e-08,525.0,0,0.0,0.3515836512718806,0.0,0.0
61800,921,[],"[0, 0, 0, 0, 0]",0.0,"[nan, nan, nan, nan, nan]",0,[],[],0,1.3972357790584955e-08,0.9999611241095521,150.72322340754633,0.0,1.3972357790584955e-08,525.0,0,0.0,0.35158363939615356,0.0,0.0
61860,921,[],"[0, 0, 0, 0, 0]",0.0,"[nan, nan, nan, nan, nan]",0,[],[],0,1.3972356663805235e-08,0.9999611241108652,150.72322340774426,0.0,1.3972356663805235e-08,525.0,0,0.0,0.3515836275204265,0.0,0.0
61920,921,[],"[0, 0, 0, 0, 0]",0.0,"[nan, nan, nan, nan, nan]",0,[],[],0,1.3972346041214597e-08,0.9999611241121783,150.72322340794219,0.0,1.3972346041214597e-08,525.0,0,0.0,0.3515836156446994,0.0,0.0
61980,921,[],"[0, 0, 0, 0, 0]",0.0,"[nan, nan, nan, nan, nan]",0,[],[],0,1.3972362123785293e-08,0.9999611241134915,150.72322340814011,0.0,1.3972362123785293e-08,525.0,0,0.0,0.35158360376897235,0.0,0.0
62040,921,[],"[0, 0, 0, 0, 0]",0.0,"[nan, nan, nan, nan, nan]",0,[],[],0,1.3972369868904092e-08,0.9999611241148046,150.72322340833804,0.0,1.3972369868904092e-08,525.0,0,0.0,0.3515835918932453,0.0,0.0
62100,921,[],"[0, 0, 0, 0, 0]",0.0,"[nan, nan, nan, nan, nan]",0,[],[],0,1.397234651048733e-08,0.9999611241161178,150.72322340853597,0.0,1.397234651048733e-08,525.0,0,0.0,0.3515835800175182,0.0,0.0
62160,921,[],"[0, 0, 0, 0, 0]",0.0,"[nan, nan, nan, nan, nan]",0,[],[],0,1.3972366610174563e-08,0.9999611241174309,150.7232234087339,0.0,1.3972366610174563e-08,525.0,0,0.0,0.35158356814179115,0.0,0.0
62220,921,[],"[0, 0, 0, 0, 0]",0.0,"[nan, nan, nan, nan, nan]",0,[],[],0,1.3972350517805865e-08,0.999961124118744,150.72322340893183,0.0,1.3972350517805865e-08,525.0,0,0.0,0.3515835562660641,0.0,0.0
62280,921,[],"[0, 0, 0, 0, 0]",0.0,"[nan, nan, nan, nan, nan]",0,[],[],0,1.3972366013990556e-08,0.9999611241200572,150.72322340912976,0.0,1.3972366013990556e-08,525.0,0,0.0,0.351583544390337,0.0,0.0
62340,921,[],"[0, 0, 0, 0, 0]",0.0,"[nan, nan, nan, nan, nan]",0,[],[],0,1.3972333977493805e-08,0.9999611241213704,150.7232234093277,0.0,1.3972333977493805e-08,525.0,0,0.0,0.35158353251460994,0.0,0.0
62400,921,[],"[0, 0, 0, 0, 0]",0.0,"[nan, nan, nan, nan, nan]",0,[],[],0,1.3972358084578676e-08,0.9999611241226835,150.72322340952562,0.0,1.3972358084578676e-08,525.0,0,0.0,0.3515835206388829,0.0,0.0
62460,921,[],"[0, 0, 0, 0, 0]",0.0,"[nan, nan, nan, nan, nan]",0,[],[],0,1.3972356757983633e-08,0.9999611241239966,150.72322340972354,0.0,1.3972356757983633e-08,525.0,0,0.0,0.3515835087631558,0.0,0.0
62520,921,[],"[0, 0, 0, 0, 0]",0.0,"[nan, nan, nan, nan, nan]",0,[],[],0,1.3972350934581513e-08,0.9999611241253098,150.72322340992147,0.0,1.3972350934581513e-08,525.0,0,0.0,0.35158349688742874,0.0,0.0
62580,921,[],"[0, 0, 0, 0, 0]",0.0,"[nan, nan, nan, nan, nan]",0,[],[],0,1.3972365766051414e-08,0.999961124126623,150.7232234101194,0.0,1.3972365766051414e-08,525.0,0,0.0,0.35158348501170167,0.0,0.0
62640,921,[],"[0, 0, 0, 0, 0]",0.0,"[nan, nan, nan, nan, nan]",0,[],[],0,1.3972359453631902e-08,0.999961124127936,150.72322341031733,0.0,1.3972359453631902e-08,525.0,0,0.0,0.3515834731359746,0.0,0.0
62700,921,['rideHailVehicle-7271117@GlobalRHM'],"[299.99999988752415, 0, 0, 0, 0]",299.99999988752415,"[1.0816666666666668, nan, nan, nan, nan]",1,[],[],0,-299.99999983298477,0.9999611241292492,150.72322341051526,0.0,5.4539384564122884e-08,525.0,0,0.0,0.35158346126024753,0.0,0.0
62760,921,['rideHailVehicle-7271117@GlobalRHM'],"[299.999999973966, 0, 0, 0, 0]",299.999999973966,"[1.0907407407823986, nan, nan, nan, nan]",1,[],[],0,-299.99999991697985,0.9609351258576466,144.8408704726136,300.0,5.6986152685567504e-08,525.0,0,300.0,353.2927597353597,-4.083333335207932,-540.0
62820,921,['rideHailVehicle-7271117@GlobalRHM'],"[299.9999999367196, 0, 0, 0, 0]",299.9999999367196,"[1.1020833333910458, nan, nan, nan, nan]",1,[],[],0,-299.8570499727731,0.9219091275751176,138.958517533065,300.0,0.14294996394647796,525.0,0,300.0,706.2339361082763,-4.083333335641834,-480.0
62880,921,['rideHailVehicle-7271117@GlobalRHM'],"[299.9999999446374, 0, 0, 0, 0]",299.9999999446374,"[1.1166666667627574, nan, nan, nan, nan]",1,[],[],0,-299.5470422477115,0.8829017251735171,133.07896753359884,300.0,0.452957696925921,525.0,0,300.0,750.0,-4.0833333366965086,-420.0
62940,921,['rideHailVehicle-7271117@GlobalRHM'],"[299.99999899543013, 0, 0, 0, 0]",299.99999899543013,"[1.1361111112539741, nan, nan, nan, nan]",1,[],[],0,-299.08318722401896,0.8439346506417472,127.20549611697705,300.0,0.9168117714111759,525.0,0,300.0,750.0,-4.083333337619219,-360.0
63000,921,['rideHailVehicle-7271117@GlobalRHM'],"[299.94433053377475, 0, 0, 0, 0]",299.94433053377475,"[1.163333334174482, nan, nan, nan, nan]",1,[],[],0,-298.424491821484,0.8050279174611874,121.34111989689825,300.0,1.5198387122907207,525.0,0,300.0,750.0,-4.0833333543620505,-300.0
63060,921,['rideHailVehicle-7271117@GlobalRHM'],"[299.8672407154361, 0, 0, 0, 0]",299.8672407154361,"[1.204213058939957, nan, nan, nan, nan]",1,[],[],0,-297.6213796531932,0.7662068717661445,115.48965927294758,300.0,2.245861062242909,525.0,0,300.0,750.0,-4.084261178799139,-240.0
63120,921,['rideHailVehicle-7271117@GlobalRHM'],"[299.7903820102164, 0, 0, 0, 0]",299.7903820102164,"[1.2724315889027915, nan, nan, nan, nan]",1,[],[],0,-296.7131910518282,0.7274903002514654,109.65394594641438,300.0,3.0771909583882007,525.0,0,300.0,750.0,-4.0864738335418735,-180.0
63180,921,['rideHailVehicle-7271117@GlobalRHM'],"[299.71377740645147, 0, 0, 0, 0]",299.71377740645147,"[1.4089967466704933, nan, nan, nan, nan]",1,[],[],0,-295.7191556230005,0.688891871959476,103.8360402395158,300.0,3.9946217834509525,525.0,0,300.0,750.0,-4.089967466704934,-120.0
63240,921,['rideHailVehicle-7271117@GlobalRHM'],"[299.6374443130907, 0, 0, 0, 0]",299.6374443130907,"[1.8189475686528156, nan, nan, nan, nan]",1,[],[],0,-294.66002609180657,0.6504227544173162,98.03762542337853,300.0,4.977418221284154,525.0,0,300.0,750.0,-4.0947378432640775,-60.0
63300,921,['rideHailVehicle-7271117@GlobalRHM'],"[245.62009200097685, 0, 0, 0, 0]",245.62009200097685,"[inf, nan, nan, nan, nan]",1,[],[],0,-239.61677726225804,0.6120914154994125,92.25997785295095,246.0468262827537,6.003314738718814,525.0,0,246.0468262827537,750.0,-4.100780438045895,0.0
63360,921,['rideHailVehicle-7271117@GlobalRHM'],"[1.0067053034380913e-05, 0, 0, 0, 0]",1.0067053034380913e-05,"[inf, nan, nan, nan, nan]",1,[],[],0,7.047841172026292,0.5809204690311128,87.56160967133805,0.4267342817767883,7.047851239079327,525.0,0,0.4267342817767883,750.0,-0.007112238029613138,0.0
63420,921,['rideHailVehicle-7271117@GlobalRHM'],"[8.062475892014293e-06, 0, 0, 0, 0]",8.062475892014293e-06,"[inf, nan, nan, nan, nan]",1,[],[],0,8.088660144032703,0.5815828787965485,87.66145408794175,0.4267242147238903,8.088668206508595,525.0,0,0.4267242147238903,750.0,-0.007112070245398172,0.0
63480,921,['rideHailVehicle-7271117@GlobalRHM'],"[1.2185053939914692e-05, 0, 0, 0, 0]",1.2185053939914692e-05,"[inf, nan, nan, nan, nan]",1,[],[],0,9.125287684353177,0.5823431126522666,87.77604343998222,0.42671615224818993,9.125299869407117,525.0,0,0.42671615224818993,750.0,-0.0071119358708031655,0.0
63540,921,['rideHailVehicle-7271117@GlobalRHM'],"[2.5125895847057873e-05, 0, 0, 0, 0]",2.5125895847057873e-05,"[inf, nan, nan, nan, nan]",1,[],[],0,10.157257456230328,0.5832007766556095,87.90531834884389,0.4267039671941575,10.157282582126175,525.0,0,0.4267039671941575,750.0,-0.007111732786569291,0.0
63600,921,['rideHailVehicle-7271117@GlobalRHM'],"[0.0001308559283591929, 0, 0, 0, 0]",0.0001308559283591929,"[inf, nan, nan, nan, nan]",1,[],[],0,11.184024183950674,0.5841554330340417,88.04921282947382,0.42667884129812705,11.184155039879034,525.0,0,0.42667884129812705,750.0,-0.007111314021635451,0.0
63660,921,['rideHailVehicle-7271117@GlobalRHM'],"[0.00174144154621608, 0, 0, 0, 0]",0.00174144154621608,"[inf, nan, nan, nan, nan]",1,[],[],0,12.203717143868925,0.5852065927658646,88.20765317207979,0.42654798536958083,12.20545858541514,525.0,0,0.42654798536958083,750.0,-0.007109133089493014,0.0
63720,921,"['rideHailVehicle-7271117@GlobalRHM', 'rideHailVehicle-1965522@GlobalRHM']","[0.4248065438233084, 299.5126479525954, 0, 0, 0]",299.9374544964187,"[inf, 1.0932642487046633, nan, nan, nan]",2,[],[],0,-282.28717067043084,0.5863535910045309,88.38053916495126,0.4248065438233084,17.650283825987856,525.0,0,0.4248065438233084,750.0,-0.007080109063721807,0.0
63780,921,['rideHailVehicle-1965522@GlobalRHM'],"[0, 299.4409279382414, 0, 0, 0]",299.4409279382414,"[nan, 1.104234047031755, nan, nan, nan]",1,[],[],0,-276.06868377250396,0.5496317955351544,82.84549660278594,300.0,23.372244165737413,525.0,0,300.0,750.0,-4.50812253412341,-519.0
63840,921,['rideHailVehicle-1965522@GlobalRHM'],"[0, 299.3707771120415, 0, 0, 0]",299.3707771120415,"[nan, 1.1181030170410298, nan, nan, nan]",1,[],[],0,-270.0379640185401,0.5137189422626633,77.43238515626626,300.0,29.332813093501386,525.0,0,300.0,750.0,-4.517440401819387,-459.0
63900,921,['rideHailVehicle-1965522@GlobalRHM'],"[0, 299.3022316446301, 0, 0, 0]",299.3022316446301,"[nan, 1.1361782691714897, nan, nan, nan]",1,[],[],0,-263.8091193778506,0.4785906051862581,72.13752311668705,300.0,35.49311226677952,525.0,0,300.0,750.0,-4.5279274499520294,-399.0
63960,921,['rideHailVehicle-1965522@GlobalRHM'],"[0, 299.2353330919942, 0, 0, 0]",299.2353330919942,"[nan, 1.160692280443948, nan, nan, nan]",1,[],[],0,-257.4214858481422,0.44427255771090934,66.9647952857488,300.0,41.813847243852024,525.0,0,300.0,750.0,-4.539556922541529,-339.0
64020,921,['rideHailVehicle-1965522@GlobalRHM'],"[0, 299.17011497510947, 0, 0, 0]",299.17011497510947,"[nan, 1.1957979084304642, nan, nan, nan]",1,[],[],0,-250.91470484422905,0.41078545615298995,61.91731517107935,300.0,48.25541013088042,525.0,0,300.0,750.0,-4.552301371008291,-279.0
64080,921,['rideHailVehicle-1965522@GlobalRHM'],"[0, 299.10659856561756, 0, 0, 0]",299.10659856561756,"[nan, 1.2501990568816328, nan, nan, nan]",1,[],[],0,-244.32861574997904,0.37814480000958317,56.9974189976631,300.0,54.777982815638524,525.0,0,300.0,750.0,-4.566132788089799,-219.0
64140,921,['rideHailVehicle-1965522@GlobalRHM'],"[0, 299.04479622666105, 0, 0, 0]",299.04479622666105,"[nan, 1.345737570716692, nan, nan, nan]",1,[],[],0,-237.70315574146005,0.3463609062053494,52.20666182609488,300.0,61.341640485201,525.0,0,300.0,750.0,-4.581022811996171,-159.0
64200,921,['rideHailVehicle-1965522@GlobalRHM'],"[0, 298.9847098784063, 0, 0, 0]",298.9847098784063,"[nan, 1.5572051969557759, nan, nan, nan]",1,[],[],0,-231.07825469112697,0.3154388963710656,47.54581563508586,300.0,67.90645518727933,525.0,0,300.0,750.0,-4.596942874885151,-99.0
64260,921,['rideHailVehicle-1965522@GlobalRHM'],"[0, 298.92632963147474, 0, 0, 0]",298.92632963147474,"[nan, 2.4196505775112964, nan, nan, nan]",1,[],[],0,-224.49373046432962,0.28537869779372765,43.014869464671605,300.0,74.43259916714513,525.0,0,300.0,750.0,-4.613864376911714,-39.0
64320,921,['rideHailVehicle-1965522@GlobalRHM'],"[0, 171.80311617592616, 0, 0, 0]",171.80311617592616,"[nan, inf, nan, nan, nan]",1,[],[],0,-90.92266848168886,0.25617505798718104,38.61303161242985,172.9055329832279,80.8804476942373,525.0,0,172.9055329832279,750.0,-2.8817588830537986,0.0
64380,921,['rideHailVehicle-1965522@GlobalRHM'],"[0, 0.015686378683717167, 0, 0, 0]",0.015686378683717167,"[nan, inf, nan, nan, nan]",1,[],[],0,87.15502596852782,0.24434723163721,36.83023419122026,1.1024168073015517,87.17071234721153,525.0,0,1.1024168073015517,750.0,-0.01837361345502586,0.0
64440,921,['rideHailVehicle-1965522@GlobalRHM'],"[0, 0.01764618799711167, 0, 0, 0]",0.01764618799711167,"[nan, inf, nan, nan, nan]",1,[],[],0,93.26561956006064,0.25253872445028597,38.06493039244108,1.0867304286176704,93.28326574805776,525.0,0,1.0867304286176704,750.0,-0.018112173810294507,0.0
64500,921,['rideHailVehicle-1965522@GlobalRHM'],"[0, 0.018740885220570457, 0, 0, 0]",0.018740885220570457,"[nan, inf, nan, nan, nan]",1,[],[],0,99.18827327757018,0.26130453736633275,39.386193336208606,1.0690842406205547,99.20701416279074,525.0,0,1.0690842406205547,750.0,-0.017818070677009246,0.0
64560,921,"['rideHailVehicle-5473249@GlobalRHM', 'rideHailVehicle-1965522@GlobalRHM']","[298.9047505405451, 1.0503433554001163, 0, 0, 0]",299.9550938959452,"[1.0774410774410774, inf, nan, nan, nan]",2,[],[],0,-189.13125442287267,0.2706270063652867,40.79136054097418,1.0503433554001163,110.82383947307252,525.0,0,1.0503433554001163,750.0,-0.017505722590001938,0.0
64620,921,['rideHailVehicle-5473249@GlobalRHM'],"[298.85858479536705, 0, 0, 0, 0]",298.85858479536705,"[1.0865525278874364, nan, nan, nan, nan]",1,[],[],0,-176.3944967198202,0.24602355299087933,37.08290457189825,300.0,122.46408807554684,525.0,0,300.0,750.0,-3.851587490990916,-534.0
64680,921,['rideHailVehicle-5473249@GlobalRHM'],"[298.81547768967886, 0, 0, 0, 0]",298.81547768967886,"[1.0979901538667038, nan, nan, nan, nan]",1,[],[],0,-164.7412014309878,0.22307698189774486,33.62418894994099,300.0,134.07427625869107,525.0,0,300.0,750.0,-3.8706110777348,-474.0
64740,921,['rideHailVehicle-5473249@GlobalRHM'],"[298.77536905970015, 0, 0, 0, 0]",298.77536905970015,"[1.1127638584417434, nan, nan, nan, nan]",1,[],[],0,-153.17382929574075,0.2016463490781225,30.393969314039264,300.0,145.6015397639594,525.0,0,300.0,750.0,-3.890353116240153,-414.0
64800,921,['rideHailVehicle-5473249@GlobalRHM'],"[298.7366879187776, 0, 0, 0, 0]",298.7366879187776,"[1.1325682587088752, nan, nan, nan, nan]",1,[],[],0,-148.7366037153365,0.18172047707586167,27.39056089647572,300.0,150.00008420344108,525.0,0,300.0,750.0,-3.9107636319118164,-354.0
64860,921,['rideHailVehicle-5473249@GlobalRHM'],"[298.69818490422136, 0, 0, 0, 0]",298.69818490422136,"[1.1604824013577766, nan, nan, nan, nan]",1,[],[],0,-148.69810073578603,0.16237182893336075,24.474156902057356,300.0,150.00008416843534,525.0,0,300.0,750.0,-3.931818833265524,-294.0
64920,921,['rideHailVehicle-5473249@GlobalRHM'],"[298.65969401855324, 0, 0, 0, 0]",298.65969401855324,"[1.202744397514282, nan, nan, nan, nan]",1,[],[],0,-148.65960982319055,0.14302818951490723,21.558507868022335,300.0,150.0000841953627,525.0,0,300.0,750.0,-3.9535157515284993,-234.0
64980,921,['rideHailVehicle-5473249@GlobalRHM'],"[298.6212117511502, 0, 0, 0, 0]",298.6212117511502,"[1.2741968403139732, nan, nan, nan, nan]",1,[],[],0,-148.62112757879734,0.12368955725075124,18.643613557763697,300.0,150.00008417235287,525.0,0,300.0,750.0,-3.9758541845526096,-174.0
65040,921,['rideHailVehicle-5473249@GlobalRHM'],"[298.58274039319156, 0, 0, 0, 0]",298.58274039319156,"[1.4209298935473795, nan, nan, nan, nan]",1,[],[],0,-148.5826562094273,0.10435593101327531,15.72947380131669,300.0,150.00008418376424,525.0,0,300.0,750.0,-3.998833988700106,-114.0
65100,921,['rideHailVehicle-5473249@GlobalRHM'],"[298.5442796726293, 0, 0, 0, 0]",298.5442796726293,"[1.8938788849215358, nan, nan, nan, nan]",1,[],[],0,-148.54419544443698,0.08502730938778395,12.816088385445566,300.0,150.0000842281923,525.0,0,300.0,750.0,-4.022454982146911,-54.0
65160,921,['rideHailVehicle-5473249@GlobalRHM'],"[211.32801794957487, 0, 0, 0, 0]",211.32801794957487,"[inf, nan, nan, nan, nan]",1,[],[],0,-61.32793372191874,0.06570369099478884,9.90345710222131,212.80301925618545,150.00008422765615,525.0,0,212.80301925618545,750.0,-3.546716987603091,0.0
65220,921,['rideHailVehicle-5473249@GlobalRHM'],"[0.03063901487591257, 0, 0, 0, 0]",0.03063901487591257,"[inf, nan, nan, nan, nan]",1,[],[],0,149.96944521973165,0.057725744872238846,8.700948597869962,1.4750013066104373,150.00008423460756,525.0,0,1.4750013066104373,750.0,-0.024583355110173954,0.0
65280,921,['rideHailVehicle-5473249@GlobalRHM'],"[0.02805564222607921, 0, 0, 0, 0]",0.02805564222607921,"[inf, nan, nan, nan, nan]",1,[],[],0,149.97202859251053,0.07182101498485435,10.825515738482826,1.4443622917345067,150.00008423473662,525.0,0,1.4443622917345067,750.0,-0.02407270486224178,0.0
65340,921,['rideHailVehicle-5473249@GlobalRHM'],"[0.028054542694017116, 0, 0, 0, 0]",0.028054542694017116,"[inf, nan, nan, nan, nan]",1,[],[],0,149.97202969269784,0.08591652790250968,12.950119476876726,1.4163066495082433,150.00008423539185,525.0,0,1.4163066495082433,750.0,-0.023605110825137388,0.0
65400,921,['rideHailVehicle-5473249@GlobalRHM'],"[0.028054634516154694, 0, 0, 0, 0]",0.028054634516154694,"[inf, nan, nan, nan, nan]",1,[],[],0,149.97202960069487,0.10001204092356901,15.074723230856613,1.3882521068141784,150.00008423521103,525.0,0,1.3882521068141784,750.0,-0.02313753511356964,0.0
65460,921,['rideHailVehicle-5473249@GlobalRHM'],"[0.02806216771861856, 0, 0, 0, 0]",0.02806216771861856,"[inf, nan, nan, nan, nan]",1,[],[],0,149.9720219994563,0.11410755393598117,17.199326983533123,1.360197472298097,150.00008416717492,525.0,0,1.360197472298097,750.0,-0.02266995787163495,0.0
65520,921,['rideHailVehicle-5473249@GlobalRHM'],"[0.02805270756208782, 0, 0, 0, 0]",0.02805270756208782,"[inf, nan, nan, nan, nan]",1,[],[],0,149.97203147483137,0.1282030662339711,19.32393062852542,1.3321353045793671,150.00008418239346,525.0,0,1.3321353045793671,750.0,-0.022202255076322785,0.0
65580,921,['rideHailVehicle-5473249@GlobalRHM'],"[0.02805296075893836, 0, 0, 0, 0]",0.02805296075893836,"[inf, nan, nan, nan, nan]",1,[],[],0,149.97203123221263,0.14229857942252888,21.4485344077522,1.304082597017242,150.00008419297157,525.0,0,1.304082597017242,750.0,-0.021734709950287368,0.0
65640,921,['rideHailVehicle-5473249@GlobalRHM'],"[0.02805373257848023, 0, 0, 0, 0]",0.02805373257848023,"[inf, nan, nan, nan, nan]",1,[],[],0,149.9720304688743,0.15639409258828352,23.57313818354188,1.2760296362581869,150.00008420145278,525.0,0,1.2760296362581869,750.0,-0.021267160604303115,0.0
65700,921,['rideHailVehicle-5473249@GlobalRHM'],"[0.02805227599334361, 0, 0, 0, 0]",0.02805227599334361,"[inf, nan, nan, nan, nan]",1,[],[],0,149.97203195067837,0.1704896056822938,25.6977419485176,1.2479759036796167,150.0000842266717,525.0,0,1.2479759036796167,750.0,-0.02079959839466028,0.0
65760,921,['rideHailVehicle-5473249@GlobalRHM'],"[0.02805447747005698, 0, 0, 0, 0]",0.02805447747005698,"[inf, nan, nan, nan, nan]",1,[],[],0,149.97202975069686,0.18458511891557533,27.822345734485545,1.2199236276860859,150.0000842281669,525.0,0,1.2199236276860859,750.0,-0.020332060461434764,0.0
65820,921,['rideHailVehicle-5473249@GlobalRHM'],"[0.028054885992702824, 0, 0, 0, 0]",0.028054885992702824,"[inf, nan, nan, nan, nan]",1,[],[],0,149.97202933893692,0.19868063194208582,29.946949489287082,1.1918691502160073,150.00008422492962,525.0,0,1.1918691502160073,750.0,-0.019864485836933454,0.0
65880,921,['rideHailVehicle-5473249@GlobalRHM'],"[0.028054141505239143, 0, 0, 0, 0]",0.028054141505239143,"[inf, nan, nan, nan, nan]",1,[],[],0,149.97203008726376,0.212776144929896,32.071553238255355,1.1638142642232197,150.000084228769,525.0,0,1.1638142642232197,750.0,-0.019396904403720328,0.0
65940,921,['rideHailVehicle-5473249@GlobalRHM'],"[0.028054175066357576, 0, 0, 0, 0]",0.028054175066357576,"[inf, nan, nan, nan, nan]",1,[],[],0,149.97203005923876,0.2268716579880396,34.19615699782492,1.1357601227177838,150.00008423430512,525.0,0,1.1357601227177838,750.0,-0.01892933537862973,0.0
66000,921,['rideHailVehicle-5473249@GlobalRHM'],"[0.028054556743910483, 0, 0, 0, 0]",0.028054556743910483,"[inf, nan, nan, nan, nan]",1,[],[],0,149.97202967915402,0.24096717104354923,36.32076075699747,1.1077059476515672,150.00008423589793,525.0,0,1.1077059476515672,750.0,-0.018461765794192786,0.0
66060,921,['rideHailVehicle-5473249@GlobalRHM'],"[0.028054713251128266, 0, 0, 0, 0]",0.028054713251128266,"[inf, nan, nan, nan, nan]",1,[],[],0,149.97202952087127,0.2550626840633356,38.44536451078549,1.0796513909075145,150.0000842341224,525.0,0,1.0796513909075145,750.0,-0.017994189848458575,0.0
66120,921,['rideHailVehicle-5473249@GlobalRHM'],"[0.02805646296638198, 0, 0, 0, 0]",0.02805646296638198,"[inf, nan, nan, nan, nan]",1,[],[],0,149.9720277332341,0.26915819706824534,40.569968262331166,1.0515966776563346,150.0000841962005,525.0,0,1.0515966776563346,750.0,-0.017526611294272243,0.0
66180,921,['rideHailVehicle-5473249@GlobalRHM'],"[0.028054849825420745, 0, 0, 0, 0]",0.028054849825420745,"[inf, nan, nan, nan, nan]",1,[],[],0,149.97202935360352,0.2832537099051394,42.694571988551985,1.0235402146901151,150.00008420342894,525.0,0,1.0235402146901151,750.0,-0.017059003578168586,0.0
66240,921,['rideHailVehicle-5473249@GlobalRHM'],"[0.02805337590614597, 0, 0, 0, 0]",0.02805337590614597,"[inf, nan, nan, nan, nan]",1,[],[],0,149.9720308475238,0.29734922289432797,44.81917573772803,0.9954853648646633,150.00008422342995,525.0,0,0.9954853648646633,750.0,-0.01659142274774439,0.0
66300,921,['rideHailVehicle-5473249@GlobalRHM'],"[0.02805498804550368, 0, 0, 0, 0]",0.02805498804550368,"[inf, nan, nan, nan, nan]",1,[],[],0,149.9720292286639,0.3114447360239266,46.94377950806795,0.9674319889586513,150.0000842167094,525.0,0,0.9674319889586513,750.0,-0.01612386648264419,0.0
66360,921,['rideHailVehicle-5473249@GlobalRHM'],"[0.028053346241032028, 0, 0, 0, 0]",0.028053346241032028,"[inf, nan, nan, nan, nan]",1,[],[],0,149.97203089224067,0.32554024900137246,49.06838325547402,0.9393770009133107,150.0000842384817,525.0,0,0.9393770009133107,750.0,-0.015656283348555178,0.0
66420,921,['rideHailVehicle-5473249@GlobalRHM'],"[0.028055536313924285, 0, 0, 0, 0]",0.028055536313924285,"[inf, nan, nan, nan, nan]",1,[],[],0,149.97202868266768,0.33963576213517394,51.192987026447426,0.9113236546723158,150.0000842189816,525.0,0,0.9113236546723158,750.0,-0.01518872757787193,0.0
66480,921,['rideHailVehicle-5473249@GlobalRHM'],"[0.02805411140632264, 0, 0, 0, 0]",0.02805411140632264,"[inf, nan, nan, nan, nan]",1,[],[],0,149.97203011809523,0.3537312750613029,53.31759076611855,0.8832681183585578,150.00008422950157,525.0,0,0.8832681183585578,750.0,-0.014721135305975963,0.0
66540,921,['rideHailVehicle-5473249@GlobalRHM'],"[0.028055075747217325, 0, 0, 0, 0]",0.028055075747217325,"[inf, nan, nan, nan, nan]",1,[],[],0,149.97202914241646,0.3678267881223443,55.4421945261249,0.8552140069521386,150.00008421816366,525.0,0,0.8552140069521386,750.0,-0.014253566782535643,0.0
66600,921,['rideHailVehicle-5473249@GlobalRHM'],"[0.0280539195069001, 0, 0, 0, 0]",0.0280539195069001,"[inf, nan, nan, nan, nan]",1,[],[],0,149.97203031618147,0.381922301091684,57.566798272309136,0.8271589312047922,150.00008423568838,525.0,0,0.8271589312047922,750.0,-0.013785982186746537,0.0
66660,921,['rideHailVehicle-5473249@GlobalRHM'],"[0.028054862103502855, 0, 0, 0, 0]",0.028054862103502855,"[inf, nan, nan, nan, nan]",1,[],[],0,149.97202936650115,0.396017814171343,59.691402035121705,0.799105011697776,150.00008422860466,525.0,0,0.799105011697776,750.0,-0.0133184168616296,0.0
66720,921,['rideHailVehicle-5473249@GlobalRHM'],"[0.02805502091368528, 0, 0, 0, 0]",0.02805502091368528,"[inf, nan, nan, nan, nan]",1,[],[],0,149.9720291938335,0.4101133271617439,61.816005784480474,0.7710501495941458,150.00008421474718,525.0,0,0.7710501495941458,750.0,-0.012850835826569096,0.0
66780,921,['rideHailVehicle-5473249@GlobalRHM'],"[0.028054665138897022, 0, 0, 0, 0]",0.028054665138897022,"[inf, nan, nan, nan, nan]",1,[],[],0,149.9720295464177,0.42420884013591614,63.940609531393115,0.7429951286803771,150.0000842115566,525.0,0,0.7429951286803771,750.0,-0.012383252144672952,0.0
66840,921,['rideHailVehicle-5473249@GlobalRHM'],"[0.028054626197405355, 0, 0, 0, 0]",0.028054626197405355,"[inf, nan, nan, nan, nan]",1,[],[],0,149.97202958451572,0.4383043531432269,66.0652132833007,0.7149404635413248,150.00008421071314,525.0,0,0.7149404635413248,750.0,-0.011915674392355413,0.0
66900,921,['rideHailVehicle-5473249@GlobalRHM'],"[0.028054488650074733, 0, 0, 0, 0]",0.028054488650074733,"[inf, nan, nan, nan, nan]",1,[],[],0,149.97202972441386,0.4523998661541184,68.18981703574799,0.6868858373437092,150.00008421306393,525.0,0,0.6868858373437092,750.0,-0.01144809728906182,0.0
66960,921,['rideHailVehicle-5473249@GlobalRHM'],"[0.028054089823396727, 0, 0, 0, 0]",0.028054089823396727,"[inf, nan, nan, nan, nan]",1,[],[],0,149.97203014920908,0.4664953791781587,70.3144207901772,0.658831348693667,150.00008423903247,525.0,0,0.658831348693667,750.0,-0.010980522478227783,0.0
67020,921,['rideHailVehicle-5473249@GlobalRHM'],"[0.028054720683438544, 0, 0, 0, 0]",0.028054720683438544,"[inf, nan, nan, nan, nan]",1,[],[],0,149.97202951401076,0.4805908922421244,72.43902455062432,0.6307772588704097,150.00008423469419,525.0,0,0.6307772588704097,750.0,-0.010512954314506828,0.0
67080,921,['rideHailVehicle-5473249@GlobalRHM'],"[0.028054600164579543, 0, 0, 0, 0]",0.028054600164579543,"[inf, nan, nan, nan, nan]",1,[],[],0,149.97202963704808,0.49468640524638935,74.56362830207281,0.6027225381870949,150.00008423721266,525.0,0,0.6027225381870949,750.0,-0.010045375636451581,0.0
67140,921,['rideHailVehicle-5473249@GlobalRHM'],"[0.02805469858167683, 0, 0, 0, 0]",0.02805469858167683,"[inf, nan, nan, nan, nan]",1,[],[],0,149.97202953570064,0.5087819182622182,76.68823205526432,0.5746679380226283,150.00008423428233,525.0,0,0.5746679380226283,750.0,-0.009577798967043805,0.0
67200,921,['rideHailVehicle-5473249@GlobalRHM'],"[0.028054749305989418, 0, 0, 0, 0]",0.028054749305989418,"[inf, nan, nan, nan, nan]",1,[],[],0,149.9720294738879,0.5228774312685217,78.81283580702008,0.5466132394408874,150.00008422319388,525.0,0,0.5466132394408874,750.0,-0.009110220657348123,0.0
67260,921,['rideHailVehicle-5473249@GlobalRHM'],"[0.028054471815086024, 0, 0, 0, 0]",0.028054471815086024,"[inf, nan, nan, nan, nan]",1,[],[],0,149.97202976779369,0.5369729442690157,80.93743955790016,0.5185584901349216,150.00008423960878,525.0,0,0.5185584901349216,750.0,-0.008642641502248694,0.0
67320,921,['rideHailVehicle-5473249@GlobalRHM'],"[0.028054688506536703, 0, 0, 0, 0]",0.028054688506536703,"[inf, nan, nan, nan, nan]",1,[],[],0,149.97202953467982,0.551068457297133,83.0620433129439,0.4905040183196263,150.00008422318635,525.0,0,0.4905040183196263,750.0,-0.008175066971993772,0.0
67380,921,['rideHailVehicle-5473249@GlobalRHM'],"[0.028054512895982372, 0, 0, 0, 0]",0.028054512895982372,"[inf, nan, nan, nan, nan]",1,[],[],0,149.97202970882995,0.5651639703033405,85.18664706468519,0.4624493298132393,150.00008422172593,525.0,0,0.4624493298132393,750.0,-0.0077074888302206546,0.0
67440,921,['rideHailVehicle-5473249@GlobalRHM'],"[0.028054514826801935, 0, 0, 0, 0]",0.028054514826801935,"[inf, nan, nan, nan, nan]",1,[],[],0,149.97202970883419,0.579259483325916,87.31125081889361,0.43439481691720516,150.000084223661,525.0,0,0.43439481691720516,750.0,-0.007239913615286753,0.0
67500,921,['rideHailVehicle-5473249@GlobalRHM'],"[0.028054554447435077, 0, 0, 0, 0]",0.028054554447435077,"[inf, nan, nan, nan, nan]",1,[],[],0,149.9720296720037,0.593354996348492,89.43585457310209,0.4063403020903422,150.00008422645115,525.0,0,0.4063403020903422,750.0,-0.00677233836817237,0.0
67560,921,['rideHailVehicle-5473249@GlobalRHM'],"[0.028054674060781586, 0, 0, 0, 0]",0.028054674060781586,"[inf, nan, nan, nan, nan]",1,[],[],0,149.97202955831685,0.6074505093676063,91.5604583267888,0.3782857476429058,150.00008423237762,525.0,0,0.3782857476429058,750.0,-0.0063047624607150965,0.0
67620,921,['rideHailVehicle-5473249@GlobalRHM'],"[0.028054696192424605, 0, 0, 0, 0]",0.028054696192424605,"[inf, nan, nan, nan, nan]",1,[],[],0,149.97202954017607,0.6215460223760354,93.68506207886496,0.3502310735821368,150.00008423636848,525.0,0,0.3502310735821368,750.0,-0.00583718455970228,0.0
67680,921,['rideHailVehicle-5473249@GlobalRHM'],"[0.02805480757917958, 0, 0, 0, 0]",0.02805480757917958,"[inf, nan, nan, nan, nan]",1,[],[],0,149.97202943395305,0.6356415353827596,95.80966583068412,0.32217637738952476,150.00008424153222,525.0,0,0.32217637738952476,750.0,-0.005369606289825413,0.0
67740,921,[],"[0, 0, 0, 0, 0]",0.0,"[nan, nan, nan, nan, nan]",0,[],[],0,150.0000842366985,0.6497370483795001,97.93426958099846,0.29412156981038606,150.0000842366985,525.0,0,0.29412156981038606,750.0,-0.004902026163506434,0.0
67800,921,[],"[0, 0, 0, 0, 0]",0.0,"[nan, nan, nan, nan, nan]",0,[],[],0,150.00008422688242,0.6638351981801713,100.05927077435169,0.0,150.00008422688242,525.0,0,0.0,750.0,0.0,0.0
67860,921,[],"[0, 0, 0, 0, 0]",0.0,"[nan, nan, nan, nan, nan]",0,[],[],0,150.00008423946932,0.67793334797992,102.18427196756585,0.0,150.00008423946932,525.0,0,0.0,750.0,0.0,0.0
67920,921,[],"[0, 0, 0, 0, 0]",0.0,"[nan, nan, nan, nan, nan]",0,[],[],0,150.0000842376999,0.6920314977808517,104.30927316095833,0.0,150.0000842376999,525.0,0,0.0,750.0,0.0,0.0
67980,921,[],"[0, 0, 0, 0, 0]",0.0,"[nan, nan, nan, nan, nan]",0,[],[],0,150.00008423616217,0.7061296475816171,106.43427435432574,0.0,150.00008423616217,525.0,0,0.0,750.0,0.0,0.0
68040,921,[],"[0, 0, 0, 0, 0]",0.0,"[nan, nan, nan, nan, nan]",0,[],[],0,150.00008424060132,0.720227797382238,108.55927554767136,0.0,150.00008424060132,525.0,0,0.0,750.0,0.0,0.0
68100,921,[],"[0, 0, 0, 0, 0]",0.0,"[nan, nan, nan, nan, nan]",0,[],[],0,150.00008424384345,0.7343259471832762,110.68427674107988,0.0,150.00008424384345,525.0,0,0.0,750.0,0.0,0.0
68160,921,[],"[0, 0, 0, 0, 0]",0.0,"[nan, nan, nan, nan, nan]",0,[],[],0,150.00008424115245,0.748424096984619,112.80927793453434,0.0,150.00008424115245,525.0,0,0.0,750.0,0.0,0.0
68220,921,[],"[0, 0, 0, 0, 0]",0.0,"[nan, nan, nan, nan, nan]",0,[],[],0,150.00008424341326,0.7625222467857088,114.93427912795066,0.0,150.00008424341326,525.0,0,0.0,750.0,0.0,0.0
68280,921,[],"[0, 0, 0, 0, 0]",0.0,"[nan, nan, nan, nan, nan]",0,[],[],0,150.00008424491824,0.7766203965870112,117.05928032139902,0.0,150.00008424491824,525.0,0,0.0,750.0,0.0,0.0
68340,921,[],"[0, 0, 0, 0, 0]",0.0,"[nan, nan, nan, nan, nan]",0,[],[],0,149.85401271675138,0.7907185463884551,119.18428151486869,0.0,149.85401271675138,525.0,0,0.0,750.0,0.0,0.0
68400,921,[],"[0, 0, 0, 0, 0]",0.0,"[nan, nan, nan, nan, nan]",0,[],[],0,149.42661542334446,0.8048029672757041,121.30721336168934,0.0,149.42661542334446,525.0,0,0.0,750.0,0.0,0.0
68460,921,[],"[0, 0, 0, 0, 0]",0.0,"[nan, nan, nan, nan, nan]",0,[],[],0,148.71931771185416,0.8188472181117327,123.42409041352005,0.0,148.71931771185416,525.0,0,0.0,750.0,0.0,0.0
68520,921,[],"[0, 0, 0, 0, 0]",0.0,"[nan, nan, nan, nan, nan]",0,[],[],0,147.7340678420538,0.8328249917244915,125.53094741443797,0.0,147.7340678420538,525.0,0,0.0,750.0,0.0,0.0
68580,921,[],"[0, 0, 0, 0, 0]",0.0,"[nan, nan, nan, nan, nan]",0,[],[],0,146.47333217730247,0.8467101640542164,127.62384670886706,0.0,146.47333217730247,525.0,0,0.0,750.0,0.0,0.0
68640,921,[],"[0, 0, 0, 0, 0]",0.0,"[nan, nan, nan, nan, nan]",0,[],[],0,144.94008939279317,0.8604768428487466,129.69888558137885,0.0,144.94008939279317,525.0,0,0.0,750.0,0.0,0.0
68700,921,[],"[0, 0, 0, 0, 0]",0.0,"[nan, nan, nan, nan, nan]",0,[],[],0,143.13782377515756,0.8740994158144914,131.7522035144434,0.0,143.13782377515756,525.0,0,0.0,750.0,0.0,0.0
68760,921,[],"[0, 0, 0, 0, 0]",0.0,"[nan, nan, nan, nan, nan]",0,[],[],0,141.0705174929096,0.887552598137642,133.77998935125814,0.0,141.0705174929096,525.0,0,0.0,750.0,0.0,0.0
68820,921,[],"[0, 0, 0, 0, 0]",0.0,"[nan, nan, nan, nan, nan]",0,[],[],0,138.74264208445507,0.9008114792789013,135.77848834907437,0.0,138.74264208445507,525.0,0,0.0,750.0,0.0,0.0
68880,921,[],"[0, 0, 0, 0, 0]",0.0,"[nan, nan, nan, nan, nan]",0,[],[],0,136.15914894406092,0.9138515689681911,137.7440091119375,0.0,136.15914894406092,525.0,0,0.0,750.0,0.0,0.0
68940,921,[],"[0, 0, 0, 0, 0]",0.0,"[nan, nan, nan, nan, nan]",0,[],[],0,133.32545887643718,0.9266488423051593,139.67293038864503,0.0,133.32545887643718,525.0,0,0.0,663.3691647734742,0.0,0.0
69000,921,[],"[0, 0, 0, 0, 0]",0.0,"[nan, nan, nan, nan, nan]",0,[],[],0,130.24745099886874,0.9391797838779467,141.56170772272787,0.0,130.24745099886874,525.0,0,0.0,550.0425247285034,0.0,0.0
69060,921,[],"[0, 0, 0, 0, 0]",0.0,"[nan, nan, nan, nan, nan]",0,[],[],0,126.93145063151132,0.9514214308388914,143.40687994521184,0.0,126.93145063151132,525.0,0,0.0,439.33219137946537,0.0,0.0
69120,921,[],"[0, 0, 0, 0, 0]",0.0,"[nan, nan, nan, nan, nan]",0,[],[],0,123.384216376633,0.9633514148420721,145.20507549582493,0.0,123.384216376633,525.0,0,0.0,331.44045834268013,0.0,0.0
69180,921,[],"[0, 0, 0, 0, 0]",0.0,"[nan, nan, nan, nan, nan]",0,[],[],0,119.6129264555126,0.9749480027664583,146.95301856116058,0.0,119.6129264555126,525.0,0,0.0,226.5638744225413,0.0,0.0
69240,921,[],"[0, 0, 0, 0, 0]",0.0,"[nan, nan, nan, nan, nan]",0,[],[],0,115.62516439923307,0.9861901361549003,148.64753501928033,0.0,115.62516439923307,525.0,0,0.0,124.89288693535627,0.0,0.0
69300,921,[],"[0, 0, 0, 0, 0]",0.0,"[nan, nan, nan, nan, nan]",0,[],[],0,26.611497068963793,0.9970574693082294,150.2855581816028,0.0,26.611497068963793,525.0,0,0.0,26.611497196008145,0.0,0.0
69360,921,[],"[0, 0, 0, 0, 0]",0.0,"[nan, nan, nan, nan, nan]",0,[],[],0,3.991724448094707,0.9995586203842938,150.66255439007978,0.0,3.991724448094707,525.0,0,0.0,3.991724687389251,0.0,0.0
69420,921,[],"[0, 0, 0, 0, 0]",0.0,"[nan, nan, nan, nan, nan]",0,[],[],0,4.21244326431021e-06,0.9999337930351534,150.71910381976113,0.0,4.21244326431021e-06,525.0,0,0.0,0.5987589065080101,0.0,0.0
69480,921,[],"[0, 0, 0, 0, 0]",0.0,"[nan, nan, nan, nan, nan]",0,[],[],0,1.593684281467713e-08,0.9999337934310708,150.7191038794374,0.0,1.593684281467713e-08,525.0,0,0.0,0.5987553259319611,0.0,0.0
69540,921,[],"[0, 0, 0, 0, 0]",0.0,"[nan, nan, nan, nan, nan]",0,[],[],0,1.5936557251128987e-08,0.9999337934325687,150.71910387966318,0.0,1.5936557251128987e-08,525.0,0,0.0,0.5987553123850375,0.0,0.0
69600,921,[],"[0, 0, 0, 0, 0]",0.0,"[nan, nan, nan, nan, nan]",0,[],[],0,1.593650843630829e-08,0.9999337934340667,150.71910387988896,0.0,1.593650843630829e-08,525.0,0,0.0,0.598755298838114,0.0,0.0
69660,921,[],"[0, 0, 0, 0, 0]",0.0,"[nan, nan, nan, nan, nan]",0,[],[],0,1.5936636705220036e-08,0.9999337934355644,150.71910388011472,0.0,1.5936636705220036e-08,525.0,0,0.0,0.5987552852928957,0.0,0.0
69720,921,[],"[0, 0, 0, 0, 0]",0.0,"[nan, nan, nan, nan, nan]",0,[],[],0,1.5936545677238102e-08,0.9999337934370623,150.7191038803405,0.0,1.5936545677238102e-08,525.0,0,0.0,0.5987552717459721,0.0,0.0
69780,921,[],"[0, 0, 0, 0, 0]",0.0,"[nan, nan, nan, nan, nan]",0,[],[],0,1.593675440778318e-08,0.9999337934385601,150.71910388056625,0.0,1.593675440778318e-08,525.0,0,0.0,0.5987552582007538,0.0,0.0
69840,921,[],"[0, 0, 0, 0, 0]",0.0,"[nan, nan, nan, nan, nan]",0,[],[],0,1.5936680524488402e-08,0.9999337934400581,150.71910388079203,0.0,1.5936680524488402e-08,525.0,0,0.0,0.5987552446538302,0.0,0.0
69900,921,[],"[0, 0, 0, 0, 0]",0.0,"[nan, nan, nan, nan, nan]",0,[],[],0,1.5936444337902947e-08,0.999933793441556,150.71910388101782,0.0,1.5936444337902947e-08,525.0,0,0.0,0.5987552311069066,0.0,0.0
69960,921,[],"[0, 0, 0, 0, 0]",0.0,"[nan, nan, nan, nan, nan]",0,[],[],0,1.5936259121670054e-08,0.9999337934430538,150.71910388124357,0.0,1.5936259121670054e-08,525.0,0,0.0,0.5987552175616884,0.0,0.0
70020,921,[],"[0, 0, 0, 0, 0]",0.0,"[nan, nan, nan, nan, nan]",0,[],[],0,1.5936666080532066e-08,0.9999337934445515,150.71910388146932,0.0,1.5936666080532066e-08,525.0,0,0.0,0.5987552040164701,0.0,0.0
70080,921,[],"[0, 0, 0, 0, 0]",0.0,"[nan, nan, nan, nan, nan]",0,[],[],0,1.59365345015882e-08,0.9999337934460494,150.7191038816951,0.0,1.59365345015882e-08,525.0,0,0.0,0.5987551904695465,0.0,0.0
70140,921,[],"[0, 0, 0, 0, 0]",0.0,"[nan, nan, nan, nan, nan]",0,[],[],0,1.5936486878124497e-08,0.9999337934475472,150.71910388192086,0.0,1.5936486878124497e-08,525.0,0,0.0,0.5987551769243282,0.0,0.0
70200,921,[],"[0, 0, 0, 0, 0]",0.0,"[nan, nan, nan, nan, nan]",0,[],[],0,1.5936614208991326e-08,0.9999337934490449,150.7191038821466,0.0,1.5936614208991326e-08,525.0,0,0.0,0.59875516337911,0.0,0.0
70260,921,[],"[0, 0, 0, 0, 0]",0.0,"[nan, nan, nan, nan, nan]",0,[],[],0,1.593647390162216e-08,0.9999337934505428,150.7191038823724,0.0,1.593647390162216e-08,525.0,0,0.0,0.5987551498321864,0.0,0.0
70320,921,[],"[0, 0, 0, 0, 0]",0.0,"[nan, nan, nan, nan, nan]",0,[],[],0,1.5936621544286667e-08,0.9999337934520406,150.71910388259815,0.0,1.5936621544286667e-08,525.0,0,0.0,0.5987551362869681,0.0,0.0
70380,921,[],"[0, 0, 0, 0, 0]",0.0,"[nan, nan, nan, nan, nan]",0,[],[],0,1.5936559741390092e-08,0.9999337934535385,150.71910388282393,0.0,1.5936559741390092e-08,525.0,0,0.0,0.5987551227400445,0.0,0.0
70440,921,[],"[0, 0, 0, 0, 0]",0.0,"[nan, nan, nan, nan, nan]",0,[],[],0,1.593635620824824e-08,0.9999337934550364,150.7191038830497,0.0,1.593635620824824e-08,525.0,0,0.0,0.5987551091931209,0.0,0.0
70500,921,[],"[0, 0, 0, 0, 0]",0.0,"[nan, nan, nan, nan, nan]",0,[],[],0,1.5936646416055773e-08,0.9999337934565342,150.71910388327547,0.0,1.5936646416055773e-08,525.0,0,0.0,0.5987550956479026,0.0,0.0
70560,921,[],"[0, 0, 0, 0, 0]",0.0,"[nan, nan, nan, nan, nan]",0,[],[],0,1.5936670333531746e-08,0.9999337934580321,150.71910388350125,0.0,1.5936670333531746e-08,525.0,0,0.0,0.598755082100979,0.0,0.0
70620,921,[],"[0, 0, 0, 0, 0]",0.0,"[nan, nan, nan, nan, nan]",0,[],[],0,1.5936409827961417e-08,0.99993379345953,150.71910388372703,0.0,1.5936409827961417e-08,525.0,0,0.0,0.5987550685540555,0.0,0.0
70680,921,[],"[0, 0, 0, 0, 0]",0.0,"[nan, nan, nan, nan, nan]",0,[],[],0,1.5936785786870556e-08,0.9999337934610278,150.71910388395278,0.0,1.5936785786870556e-08,525.0,0,0.0,0.5987550550088372,0.0,0.0
70740,921,[],"[0, 0, 0, 0, 0]",0.0,"[nan, nan, nan, nan, nan]",0,[],[],0,1.593662877335729e-08,0.9999337934625258,150.71910388417857,0.0,1.593662877335729e-08,525.0,0,0.0,0.5987550414619136,0.0,0.0
70800,921,[],"[0, 0, 0, 0, 0]",0.0,"[nan, nan, nan, nan, nan]",0,[],[],0,1.593653367443785e-08,0.9999337934640237,150.71910388440435,0.0,1.593653367443785e-08,525.0,0,0.0,0.59875502791499,0.0,0.0
70860,921,[],"[0, 0, 0, 0, 0]",0.0,"[nan, nan, nan, nan, nan]",0,[],[],0,1.5936471919037804e-08,0.9999337934655214,150.7191038846301,0.0,1.5936471919037804e-08,525.0,0,0.0,0.5987550143697717,0.0,0.0
70920,921,[],"[0, 0, 0, 0, 0]",0.0,"[nan, nan, nan, nan, nan]",0,[],[],0,1.593664640674805e-08,0.9999337934670192,150.71910388485585,0.0,1.593664640674805e-08,525.0,0,0.0,0.5987550008245535,0.0,0.0
70980,921,[],"[0, 0, 0, 0, 0]",0.0,"[nan, nan, nan, nan, nan]",0,[],[],0,1.5936767363131598e-08,0.9999337934685171,150.71910388508164,0.0,1.5936767363131598e-08,525.0,0,0.0,0.5987549872776299,0.0,0.0
71040,921,[],"[0, 0, 0, 0, 0]",0.0,"[nan, nan, nan, nan, nan]",0,[],[],0,1.5936550005575235e-08,0.999933793470015,150.71910388530742,0.0,1.5936550005575235e-08,525.0,0,0.0,0.5987549737307063,0.0,0.0
71100,921,[],"[0, 0, 0, 0, 0]",0.0,"[nan, nan, nan, nan, nan]",0,[],[],0,1.5936729952234355e-08,0.9999337934715128,150.71910388553317,0.0,1.5936729952234355e-08,525.0,0,0.0,0.598754960185488,0.0,0.0
71160,921,[],"[0, 0, 0, 0, 0]",0.0,"[nan, nan, nan, nan, nan]",0,[],[],0,1.5936770309646266e-08,0.9999337934730107,150.71910388575895,0.0,1.5936770309646266e-08,525.0,0,0.0,0.5987549466385644,0.0,0.0
71220,921,[],"[0, 0, 0, 0, 0]",0.0,"[nan, nan, nan, nan, nan]",0,[],[],0,1.5936440854026944e-08,0.9999337934745086,150.71910388598474,0.0,1.5936440854026944e-08,525.0,0,0.0,0.5987549330916409,0.0,0.0
71280,921,[],"[0, 0, 0, 0, 0]",0.0,"[nan, nan, nan, nan, nan]",0,[],[],0,1.593641779306995e-08,0.9999337934760064,150.7191038862105,0.0,1.593641779306995e-08,525.0,0,0.0,0.5987549195464226,0.0,0.0
71340,921,[],"[0, 0, 0, 0, 0]",0.0,"[nan, nan, nan, nan, nan]",0,[],[],0,1.5936728572143107e-08,0.9999337934775041,150.71910388643624,0.0,1.5936728572143107e-08,525.0,0,0.0,0.5987549060012043,0.0,0.0
71400,921,[],"[0, 0, 0, 0, 0]",0.0,"[nan, nan, nan, nan, nan]",0,[],[],0,1.5936560160204087e-08,0.999933793479002,150.71910388666203,0.0,1.5936560160204087e-08,525.0,0,0.0,0.5987548924542807,0.0,0.0
71460,921,[],"[0, 0, 0, 0, 0]",0.0,"[nan, nan, nan, nan, nan]",0,[],[],0,1.5936772967618793e-08,0.9999337934804999,150.7191038868878,0.0,1.5936772967618793e-08,525.0,0,0.0,0.5987548789073571,0.0,0.0
71520,921,[],"[0, 0, 0, 0, 0]",0.0,"[nan, nan, nan, nan, nan]",0,[],[],0,1.593658883204125e-08,0.999933793481998,150.7191038871136,0.0,1.593658883204125e-08,525.0,0,0.0,0.5987548653604335,0.0,0.0
71580,921,[],"[0, 0, 0, 0, 0]",0.0,"[nan, nan, nan, nan, nan]",0,[],[],0,1.5936426609049195e-08,0.9999337934834959,150.71910388733937,0.0,1.5936426609049195e-08,525.0,0,0.0,0.59875485181351,0.0,0.0
71640,921,[],"[0, 0, 0, 0, 0]",0.0,"[nan, nan, nan, nan, nan]",0,[],[],0,1.5936539168735598e-08,0.9999337934849936,150.71910388756513,0.0,1.5936539168735598e-08,525.0,0,0.0,0.5987548382682917,0.0,0.0
71700,921,[],"[0, 0, 0, 0, 0]",0.0,"[nan, nan, nan, nan, nan]",0,[],[],0,1.5936605748577155e-08,0.9999337934864914,150.71910388779088,0.0,1.5936605748577155e-08,525.0,0,0.0,0.5987548247230734,0.0,0.0
71760,921,[],"[0, 0, 0, 0, 0]",0.0,"[nan, nan, nan, nan, nan]",0,[],[],0,1.5936629862600708e-08,0.9999337934879893,150.71910388801666,0.0,1.5936629862600708e-08,525.0,0,0.0,0.5987548111761498,0.0,0.0
71820,921,['rideHailVehicle-2357874@GlobalRHM'],"[299.999999982912, 0, 0, 0, 0]",299.999999982912,"[1.0085763293310464, nan, nan, nan, nan]",1,[],[],0,-299.9999999740786,0.9999337934894872,150.71910388824244,0.0,8.833410447550705e-09,525.0,0,0.0,0.5987547976292262,0.0,0.0
71880,921,['rideHailVehicle-2357874@GlobalRHM'],"[299.9999999153518, 0, 0, 0, 0]",299.9999999153518,"[1.0095602294520412, nan, nan, nan, nan]",1,[],[],0,-299.9999997621486,0.9609077951995303,144.83675094757425,300.0,1.5320318880185368e-07,525.0,0,300.0,353.53993123772113,-0.4166666669514658,-523.0
71940,921,['rideHailVehicle-2357874@GlobalRHM'],"[299.9999999459344, 0, 0, 0, 0]",299.9999999459344,"[1.010799136113061, nan, nan, nan, nan]",1,[],[],0,-299.8860773115852,0.9218817969371426,138.95439801106153,300.0,0.11392263434919414,525.0,0,300.0,706.4811074284842,-0.41666666836226973,-463.0
72000,921,['rideHailVehicle-2357874@GlobalRHM'],"[299.99999996626354, 0, 0, 0, 0]",299.99999996626354,"[1.0124069479681397, nan, nan, nan, nan]",1,[],[],0,-299.6190846693177,0.882870618465959,133.07427884808928,300.0,0.3809152969458296,525.0,0,300.0,750.0,-0.41666666926336227,-403.0
72060,921,['rideHailVehicle-2357874@GlobalRHM'],"[299.999999799067, 0, 0, 0, 0]",299.999999799067,"[1.0145772595857365, nan, nan, nan, nan]",1,[],[],0,-299.21788967870657,0.8438941721761137,127.1993948349654,300.0,0.7821101203604144,525.0,0,300.0,750.0,-0.4166666698256343,-343.0
72120,921,['rideHailVehicle-2357874@GlobalRHM'],"[239.957370182478, 0, 0, 0, 0]",239.957370182478,"[1.0176678447989196, nan, nan, nan, nan]",1,[],[],0,-238.65196821386297,0.8049699160029979,121.33237739028488,300.0,1.3054019686150298,525.0,0,300.0,750.0,-0.4166666731745181,-283.0
72180,921,['rideHailVehicle-2357874@GlobalRHM'],"[299.88252899307537, 0, 0, 0, 0]",299.88252899307537,"[1.0762714172269, nan, nan, nan, nan]",1,[],[],0,-297.95004602401985,0.7739244783222852,116.6529270331503,300.0,1.9324829690555134,525.0,0,300.0,750.0,-1.4173771701332178,-223.0
72240,921,['rideHailVehicle-2357874@GlobalRHM'],"[299.8055600788741, 0, 0, 0, 0]",299.8055600788741,"[1.1044909217360956, nan, nan, nan, nan]",1,[],[],0,-297.1554299286166,0.7351651516968495,110.81076926797344,300.0,2.650130150257496,525.0,0,300.0,750.0,-1.4193350202486315,-163.0
72300,921,['rideHailVehicle-2357874@GlobalRHM'],"[299.7288125361851, 0, 0, 0, 0]",299.7288125361851,"[1.1657369730796965, nan, nan, nan, nan]",1,[],[],0,-296.2908245026728,0.696509194026024,104.98419221054958,300.0,3.4379880335122834,525.0,0,300.0,750.0,-1.4225756856007266,-103.0
72360,921,['rideHailVehicle-2357874@GlobalRHM'],"[299.652299300939, 0, 0, 0, 0]",299.652299300939,"[1.3982592027900393, nan, nan, nan, nan]",1,[],[],0,-295.378132181068,0.6579657099881226,99.17456820069324,300.0,4.274167119870981,525.0,0,300.0,750.0,-1.4270954766643058,-43.0
72420,921,['rideHailVehicle-2357874@GlobalRHM'],"[0.6152503849574015, 0, 0, 0, 0]",0.6152503849574015,"[inf, nan, nan, nan, nan]",1,[],[],0,4.519999858027687,0.619540955046839,93.38284011871151,0.9734292989195126,5.135250242985088,525.0,0,0.9734292989195126,750.0,-0.016223821648658543,0.0
72480,921,['rideHailVehicle-2357874@GlobalRHM'],"[0.0011894134986618371, 0, 0, 0, 0]",0.0011894134986618371,"[inf, nan, nan, nan, nan]",1,[],[],0,5.99233222630008,0.6199657790422506,93.44687345003358,0.358178913962206,5.993521639798742,525.0,0,0.358178913962206,750.0,-0.005969648566036767,0.0
72540,921,['rideHailVehicle-2357874@GlobalRHM'],"[0.0013220303494292482, 0, 0, 0, 0]",0.0013220303494292482,"[inf, nan, nan, nan, nan]",1,[],[],0,6.8473237715147155,0.6205289840418455,93.5317648232395,0.35698950046352707,6.848645801864145,525.0,0,0.35698950046352707,750.0,-0.005949825007725451,0.0
72600,921,['rideHailVehicle-2357874@GlobalRHM'],"[0.0014691966677208626, 0, 0, 0, 0]",0.0014691966677208626,"[inf, nan, nan, nan, nan]",1,[],[],0,7.698770910519588,0.6211725476555311,93.62876857666929,0.3556674701140139,7.700240107187309,525.0,0,0.3556674701140139,750.0,-0.005927791168566898,0.0
72660,921,['rideHailVehicle-2357874@GlobalRHM'],"[0.0016153099929242744, 0, 0, 0, 0]",0.0016153099929242744,"[inf, nan, nan, nan, nan]",1,[],[],0,8.54630840515,0.6218961367530297,93.73783449790164,0.35419827344611576,8.547923715142925,525.0,0,0.35419827344611576,750.0,-0.005903304557435263,0.0
72720,921,['rideHailVehicle-2357874@GlobalRHM'],"[0.001776871634193949, 0, 0, 0, 0]",0.001776871634193949,"[inf, nan, nan, nan, nan]",1,[],[],0,9.389540876068928,0.6226993838762007,93.85890720030794,0.3525829634530453,9.391317747703122,525.0,0,0.3525829634530453,750.0,-0.005876382724217422,0.0
72780,921,['rideHailVehicle-2357874@GlobalRHM'],"[0.0019397603600907363, 0, 0, 0, 0]",0.0019397603600907363,"[inf, nan, nan, nan, nan]",1,[],[],0,10.228105694061306,0.6235818844061435,93.99192569605225,0.350806091818896,10.230045454421397,525.0,0,0.350806091818896,750.0,-0.0058467681969816,0.0
72840,921,['rideHailVehicle-2357874@GlobalRHM'],"[0.002095873366064156, 0, 0, 0, 0]",0.002095873366064156,"[inf, nan, nan, nan, nan]",1,[],[],0,11.061636505945366,0.6245431996413032,94.13682386005145,0.34886633145887913,11.06373237931143,525.0,0,0.34886633145887913,750.0,-0.0058144388576479855,0.0
72900,921,['rideHailVehicle-2357874@GlobalRHM'],"[0.0022485637692005915, 0, 0, 0, 0]",0.0022485637692005915,"[inf, nan, nan, nan, nan]",1,[],[],0,11.889757966485154,0.6255828564474641,94.29353037721901,0.34677045809260676,11.892006530254355,525.0,0,0.34677045809260676,750.0,-0.005779507634876779,0.0
72960,921,['rideHailVehicle-2357874@GlobalRHM'],"[0.002406354364981501, 0, 0, 0, 0]",0.002406354364981501,"[inf, nan, nan, nan, nan]",1,[],[],0,12.712092191076618,0.6267003464126079,94.46196861507755,0.34452189432329305,12.7144985454416,525.0,0,0.34452189432329305,750.0,-0.005742031572054884,0.0
73020,921,['rideHailVehicle-2357874@GlobalRHM'],"[0.002563980223298079, 0, 0, 0, 0]",0.002563980223298079,"[inf, nan, nan, nan, nan]",1,[],[],0,13.528277874637919,0.6278951256082445,94.64205658778447,0.34211553995845634,13.530841854861217,525.0,0,0.34211553995845634,750.0,-0.005701925665974272,0.0
73080,921,['rideHailVehicle-2357874@GlobalRHM'],"[0.0027006961124801483, 0, 0, 0, 0]",0.0027006961124801483,"[inf, nan, nan, nan, nan]",1,[],[],0,14.337972151735805,0.6291666161476817,94.8337071910085,0.33955155973501405,14.340672847848285,525.0,0,0.33955155973501405,750.0,-0.005659192662250234,0.0
73140,921,['rideHailVehicle-2357874@GlobalRHM'],"[0.002863193182476559, 0, 0, 0, 0]",0.002863193182476559,"[inf, nan, nan, nan, nan]",1,[],[],0,15.140767834564533,0.6305142079191239,95.03682846315809,0.33685086362240213,15.14363102774701,525.0,0,0.33685086362240213,750.0,-0.005614181060373369,0.0
73200,921,['rideHailVehicle-2357874@GlobalRHM'],"[0.002999314595151489, 0, 0, 0, 0]",0.002999314595151489,"[inf, nan, nan, nan, nan]",1,[],[],0,15.936359870614023,0.631937252540166,95.25132267414776,0.3339876704399103,15.939359185209174,525.0,0,0.3339876704399103,750.0,-0.005566461173998505,0.0
73260,921,['rideHailVehicle-2357874@GlobalRHM'],"[0.0031570589783738406, 0, 0, 0, 0]",0.0031570589783738406,"[inf, nan, nan, nan, nan]",1,[],[],0,16.72434648190903,0.6334350729572451,95.47708777231479,0.33098835584482345,16.727503540887405,525.0,0,0.33098835584482345,750.0,-0.005516472597413724,0.0
73320,921,['rideHailVehicle-2357874@GlobalRHM'],"[0.003301333552090536, 0, 0, 0, 0]",0.003301333552090536,"[inf, nan, nan, nan, nan]",1,[],[],0,17.50441258582628,0.6350069543546464,95.71401601414183,0.32783129686663415,17.50771391937837,525.0,0,0.32783129686663415,750.0,-0.005463854947777236,0.0
73380,921,['rideHailVehicle-2357874@GlobalRHM'],"[0.0034419766997466324, 0, 0, 0, 0]",0.0034419766997466324,"[inf, nan, nan, nan, nan]",1,[],[],0,18.276201910039024,0.6366521523027909,95.96199519244104,0.32452996331471695,18.27964388673877,525.0,0,0.32452996331471695,750.0,-0.005408832721911949,0.0
73440,921,['rideHailVehicle-2357874@GlobalRHM'],"[0.0035866067087231513, 0, 0, 0, 0]",0.0035866067087231513,"[inf, nan, nan, nan, nan]",1,[],[],0,19.039364311875683,0.6383698888869148,96.22090805283325,0.32108798661511173,19.042950918584406,525.0,0,0.32108798661511173,750.0,-0.0053514664435851955,0.0
73500,921,['rideHailVehicle-2357874@GlobalRHM'],"[0.0037274956094926737, 0, 0, 0, 0]",0.0037274956094926737,"[inf, nan, nan, nan, nan]",1,[],[],0,19.793569049592527,0.6401593532831802,96.49063238058483,0.31750137990641747,19.79729654520202,525.0,0,0.31750137990641747,750.0,-0.005291689665106958,0.0
73560,921,"['rideHailVehicle-2357874@GlobalRHM', 'rideHailVehicle-2868580@GlobalRHM']","[0.3137738842967508, 144.65893662409903, 0, 0, 0]",144.97271050839578,"[inf, 1.0064, nan, nan, nan]",2,[],[],0,-121.00766269886469,0.6420197035821223,96.77104127545405,0.3137738842967508,23.965047809531086,525.0,0,0.3137738842967508,750.0,-0.00522956473827918,0.0
73620,921,['rideHailVehicle-2868580@GlobalRHM'],"[0, 299.59454084806913, 0, 0, 0]",299.59454084806913,"[nan, 1.0620676330534162, nan, nan, nan]",1,[],[],0,-271.24829619117696,0.6262782207889036,94.39834200684886,300.0,28.346244656892168,525.0,0,300.0,750.0,-2.922351056265016,-565.0
73680,921,['rideHailVehicle-2868580@GlobalRHM'],"[0, 299.52534281047303, 0, 0, 0]",299.52534281047303,"[nan, 1.0696025831793392, nan, nan, nan]",1,[],[],0,-266.55886245699537,0.590992435641486,89.07974796388461,300.0,32.966480353477664,525.0,0,300.0,750.0,-2.9291087087971963,-505.0
73740,921,['rideHailVehicle-2868580@GlobalRHM'],"[0, 299.45740296030726, 0, 0, 0]",299.45740296030726,"[nan, 1.079200530210049, nan, nan, nan]",1,[],[],0,-261.66706923006626,0.5563166832704245,83.85310360198274,300.0,37.790333730241,525.0,0,300.0,750.0,-2.937019661955979,-445.0
73800,921,"['rideHailVehicle-5837381@GlobalRHM', 'rideHailVehicle-2868580@GlobalRHM']","[129.3631350399782, 300.0, 0, 0, 0]",429.3631350399782,"[1.0127442650807137, 1.0918253385750916, nan, nan, nan]",2,[],[],0,-382.1659313432272,0.5222772879464479,78.72237675433438,300.0,47.19720369675099,525.0,0,300.0,750.0,-2.9460629459508603,-385.0
73860,921,"['rideHailVehicle-5837381@GlobalRHM', 'rideHailVehicle-2868580@GlobalRHM']","[149.26195986110707, 300.0, 0, 0, 0]",449.2619598611071,"[1.0208189310510374, 1.1087777087735702, nan, nan, nan]",2,[],[],0,-392.28024660317215,0.4725625979985503,71.22892712015346,450.0,56.98171325793493,525.0,0,450.0,750.0,-3.915010695284557,-1442.0
73920,921,"['rideHailVehicle-5837381@GlobalRHM', 'rideHailVehicle-2868580@GlobalRHM']","[149.16263753510822, 300.0, 0, 0, 0]",449.1626375351082,"[1.02228000192958, 1.1334066239675862, nan, nan, nan]",2,[],[],0,-382.07163986887645,0.42153217055041003,63.53715757891479,450.0,67.09099766623177,525.0,0,450.0,750.0,-3.9273113642661066,-1322.0
73980,921,"['rideHailVehicle-5837381@GlobalRHM', 'rideHailVehicle-2868580@GlobalRHM']","[149.06601926629088, 300.0, 0, 0, 0]",449.0660192662909,"[1.0239567773575953, 1.1724524651288308, nan, nan, nan]",2,[],[],0,-371.6023310597899,0.3718297466655694,56.04555679717211,450.0,77.46368820650099,525.0,0,450.0,750.0,-3.9412674053476326,-1202.0
74040,921,"['rideHailVehicle-5837381@GlobalRHM', 'rideHailVehicle-2868580@GlobalRHM']","[148.97215386726162, 300.0, 0, 0, 0]",448.9721538672616,"[1.0258895403617998, 1.2438121058717952, nan, nan, nan]",2,[],[],0,-360.9342600052532,0.32348924020644787,48.759236580313484,450.0,88.03789386200845,525.0,0,450.0,750.0,-3.9568337509094516,-1082.0
74100,921,"['rideHailVehicle-5837381@GlobalRHM', 'rideHailVehicle-2868580@GlobalRHM']","[148.8810805176318, 300.0, 0, 0, 0]",448.8810805176318,"[1.0281295755668205, 1.4159147688401212, nan, nan, nan]",2,[],[],0,-350.1297178664759,0.27653650748988456,41.6820942272693,450.0,98.75136265115589,525.0,0,450.0,750.0,-3.9739645197884244,-962.0
74160,921,"['rideHailVehicle-5837381@GlobalRHM', 'rideHailVehicle-2868580@GlobalRHM']","[148.79282117483308, 300.0, 0, 0, 0]",448.7928211748331,"[1.0307432136659107, 2.414110214056412, nan, nan, nan]",2,[],[],0,-339.2511776410087,0.23098930158354836,34.816805641652124,450.0,109.54164353382436,525.0,0,450.0,750.0,-3.992613177827895,-842.0
74220,921,"['rideHailVehicle-5837381@GlobalRHM', 'rideHailVehicle-2868580@GlobalRHM']","[148.77299943184482, 1.763776757051545, 0, 0, 0]",150.53677618889637,"[1.0338178032960577, inf, nan, nan, nan]",2,[],[],0,-30.19052770520196,0.18685724865145545,28.16482176633823,151.76377675705155,120.34624848369441,525.0,0,151.76377675705155,750.0,-1.0960661582473463,-757.0
74280,921,['rideHailVehicle-5837381@GlobalRHM'],"[148.7679187955454, 0, 0, 0, 0]",148.7679187955454,"[1.0374331095012592, nan, nan, nan, nan]",1,[],[],0,-17.758632072855075,0.18292986370912906,27.57285063486368,150.0,131.00928672269032,525.0,0,150.0,750.0,-1.087119888432408,-697.0
74340,921,['rideHailVehicle-5837381@GlobalRHM'],"[148.7656292006776, 0, 0, 0, 0]",148.7656292006776,"[1.0417326684523698, nan, nan, nan, nan]",1,[],[],0,-7.274232170014442,0.18061970255923873,27.224642162846916,150.0,141.49139703066317,525.0,0,150.0,750.0,-1.1076545751733171,-637.0
74400,921,['rideHailVehicle-5837381@GlobalRHM'],"[148.7656188785694, 0, 0, 0, 0]",148.7656188785694,"[1.0469280036809159, nan, nan, nan, nan]",1,[],[],0,1.2344651994950468,0.17967342198506453,27.0820101595133,150.0,150.00008407806445,525.0,0,150.0,750.0,-1.12822742182869,-577.0
74460,921,['rideHailVehicle-5837381@GlobalRHM'],"[148.76584883933214, 0, 0, 0, 0]",148.76584883933214,"[1.0533292274128834, nan, nan, nan, nan]",1,[],[],0,1.2342353409111835,0.17978944642194908,27.099498416506144,150.0,150.0000841802433,525.0,0,150.0,750.0,-1.1488004405191994,-517.0
74520,921,['rideHailVehicle-5837381@GlobalRHM'],"[148.76608041939534, 0, 0, 0, 0]",148.76608041939534,"[1.0614110963604548, nan, nan, nan, nan]",1,[],[],0,1.234003789607222,0.1799054492549741,27.116983417169052,150.0,150.00008420900255,525.0,0,150.0,750.0,-1.1693696265303295,-457.0
74580,921,['rideHailVehicle-5837381@GlobalRHM'],"[148.7663105973343, 0, 0, 0, 0]",148.7663105973343,"[1.0719356142795207, nan, nan, nan, nan]",1,[],[],0,1.233773586853605,0.18002143032504486,27.134465137521822,150.0,150.0000841841879,525.0,0,150.0,750.0,-1.1899349528737417,-397.0
74640,921,['rideHailVehicle-5837381@GlobalRHM'],"[148.7665411432621, 0, 0, 0, 0]",148.7665411432621,"[1.086207461810196, nan, nan, nan, nan]",1,[],[],0,1.2335430309361295,0.18013738975890842,27.151943596668914,150.0,150.0000841741982,525.0,0,150.0,750.0,-1.2104964429181706,-337.0
74700,921,"['rideHailVehicle-5837381@GlobalRHM', 'rideHailVehicle-1409339@GlobalRHM']","[150.0, 208.72056310061026, 0, 0, 0]",358.72056310061026,"[1.1066617262553475, 1.0664451827242525, nan, nan, nan]",2,[],[],0,-208.72047889100185,0.18025332752337173,27.169418789607175,150.0,150.00008420960842,525.0,0,150.0,750.0,-1.2310540905304705,-277.0
74760,921,"['rideHailVehicle-5837381@GlobalRHM', 'rideHailVehicle-1409339@GlobalRHM', 'rideHailVehicle-6548990@GlobalRHM']","[150.0, 300.0, 248.63282329066942, 0, 0]",698.6328232906694,"[1.1361534478006048, 1.1074831870477455, 1.077943615257048, nan, nan]",3,[],[],0,-548.6327391104685,0.15310157734676152,23.076860379979685,450.0,150.00008418020093,525.0,0,450.0,750.0,-6.085711372186966,-759.0
74820,921,"['rideHailVehicle-5837381@GlobalRHM', 'rideHailVehicle-1409339@GlobalRHM', 'rideHailVehicle-6548990@GlobalRHM']","[150.0, 300.0, 298.4656638861038, 0, 0]",748.4656638861038,"[1.188186612565167, 1.1208628368877136, 1.105475939856107, nan, nan]",3,[],[],0,-598.4655797297526,0.08173177621279627,12.319355691539126,750.0,150.00008415635125,525.0,0,750.0,750.0,-10.858497650675808,-1182.0
74880,921,"['rideHailVehicle-5837381@GlobalRHM', 'rideHailVehicle-1409339@GlobalRHM', 'rideHailVehicle-6548990@GlobalRHM']","[150.0, 35.08410450111674, 0, 0, 0]",185.08410450111674,"[1.3045907028116621, 1.138047126492602, 1.1192138769454356, nan, nan]",3,[],[],0,-29.821560538742823,0.0038793872356312864,0.5847364811518201,750.0,155.2625439623739,525.0,0,750.0,750.0,-10.884069919240744,-1002.0
74940,921,"['rideHailVehicle-5837381@GlobalRHM', 'rideHailVehicle-1409339@GlobalRHM', 'rideHailVehicle-6548990@GlobalRHM']","[150.0, 4.305072391730391e-05, 0, 0, 0]",150.00004305072392,"[1.7985215722359793, 1.3072902388940735, 1.2779676183561357, nan, nan]",3,[],[],0,4.115312942803642e-05,0.0,0.0,750.0,150.00008420385333,525.0,0,750.0,750.0,-20.29933484422213,-822.0
75000,921,"['rideHailVehicle-5837381@GlobalRHM', 'rideHailVehicle-1409339@GlobalRHM', 'rideHailVehicle-6548990@GlobalRHM']","[16.36324543182809, 133.63674876612788, 0, 0, 0]",149.99999419795597,"[inf, 1.567016747912284, 1.4892019354397943, nan, nan]",3,[],[],0,8.99801488382491e-05,3.867884384167073e-09,5.830026668971826e-07,616.3632454318281,150.0000841781048,525.0,0,616.3632454318281,750.0,-29.34100079337673,-665.0
75060,921,"['rideHailVehicle-1409339@GlobalRHM', 'rideHailVehicle-6548990@GlobalRHM']","[0, 149.99995757331644, 0, 0, 0]",149.99995757331644,"[nan, 1.8450897029598523, 1.7840934078041102, nan, nan]",2,[],[],0,0.00012649847525888418,1.2324903750946701e-08,1.8577214421057115e-06,600.0,150.0000840717917,525.0,0,600.0,750.0,-36.84100089007746,-545.0
75120,921,"['rideHailVehicle-1409339@GlobalRHM', 'rideHailVehicle-6548990@GlobalRHM']","[0, 150.00015190592424, 0, 0, 0]",150.00015190592424,"[nan, 2.288525915393522, 2.2246102986199396, nan, nan]",2,[],[],0,-6.769060222166049e-05,2.4214193432558368e-08,3.6497831749399037e-06,600.0,150.00008421532203,525.0,0,600.0,750.0,-44.34100159718885,-425.0
75180,921,"['rideHailVehicle-1409339@GlobalRHM', 'rideHailVehicle-6548990@GlobalRHM']","[0, 150.00012583315439, 0, 0, 0]",150.00012583315439,"[nan, 3.1681285755773456, 2.953990724396969, nan, nan]",2,[],[],0,-4.1608903876578055e-05,1.540854900996858e-08,2.3225164647112665e-06,600.0,150.00008422425051,525.0,0,600.0,750.0,-51.840999065423446,-305.0
75240,921,"['rideHailVehicle-1409339@GlobalRHM', 'rideHailVehicle-6548990@GlobalRHM']","[0, 150.00010741772414, 0, 0, 0]",150.00010741772414,"[nan, 5.750188081512987, 4.394961809468661, nan, nan]",2,[],[],0,-2.326156143402303e-05,9.995785637719822e-09,1.5066556043862066e-06,600.0,150.0000841561627,525.0,0,600.0,750.0,-59.34099696820421,-185.0
75300,921,"['rideHailVehicle-1409339@GlobalRHM', 'rideHailVehicle-6548990@GlobalRHM']","[0, 150.0001110593464, 0, 0, 0]",150.0001110593464,"[nan, 163.2558197851302, 8.58063972324834, nan, nan]",2,[],[],0,-2.6836162004108247e-05,6.9697667816386516e-09,1.0505465566602648e-06,600.0,150.00008422318442,525.0,0,600.0,750.0,-66.84099517790881,-65.0
75360,921,"['rideHailVehicle-1409339@GlobalRHM', 'rideHailVehicle-6548990@GlobalRHM']","[0, 150.00009166691603, 0, 0, 0]",150.00009166691603,"[nan, inf, 180.19343418821512, nan, nan]",2,[],[],0,-7.46923195738502e-06,3.478740073065885e-09,5.243473016777501e-07,600.0,150.0000841976841,525.0,0,600.0,750.0,-69.50765999358637,-3.0
75420,921,"['rideHailVehicle-1409339@GlobalRHM', 'rideHailVehicle-6548990@GlobalRHM']","[0, 150.0000917288601, 0, 0, 0]",150.0000917288601,"[nan, inf, inf, nan, nan]",2,[],[],0,-7.5200211328453575e-06,2.5070926276612637e-09,3.7789177310157326e-07,600.0,150.00008420883896,525.0,0,600.0,750.0,-67.25765846580444,0.0
75480,921,"['rideHailVehicle-1409339@GlobalRHM', 'rideHailVehicle-6548990@GlobalRHM']","[0, 150.00008979047976, 0, 0, 0]",150.00008979047976,"[nan, inf, inf, nan, nan]",2,[],[],0,-5.56040376094346e-06,1.5288381880071927e-09,2.3044037833989956e-07,600.0,150.000084230076,525.0,0,600.0,750.0,-64.7576569369901,0.0
75540,921,"['rideHailVehicle-1409339@GlobalRHM', 'rideHailVehicle-6548990@GlobalRHM']","[0, 150.00008294935014, 0, 0, 0]",150.00008294935014,"[nan, inf, inf, nan, nan]",2,[],[],0,1.2480739255375815e-06,8.055038290578601e-10,1.2141285361551798e-07,600.0,150.00008419742406,525.0,0,600.0,750.0,-62.257655440482104,0.0
75600,921,"['rideHailVehicle-1409339@GlobalRHM', 'rideHailVehicle-6548990@GlobalRHM']","[0, 150.00008675544152, 0, 0, 0]",150.00008675544152,"[nan, inf, inf, nan, nan]",2,[],[],0,-2.528388838385735e-06,9.228073176130742e-10,1.3909390089396707e-07,600.0,150.00008422705267,525.0,0,600.0,750.0,-59.75765405799294,0.0
75660,921,"['rideHailVehicle-1409339@GlobalRHM', 'rideHailVehicle-6548990@GlobalRHM']","[0, 150.00008440185775, 0, 0, 0]",150.00008440185775,"[nan, inf, inf, nan, nan]",2,[],[],0,-1.8524549764809452e-07,5.938976559740279e-10,8.951764916091343e-08,600.0,150.00008421661224,525.0,0,600.0,750.0,-57.25765261206891,0.0
75720,921,"['rideHailVehicle-1409339@GlobalRHM', 'rideHailVehicle-6548990@GlobalRHM']","[0, 150.00008612204795, 0, 0, 0]",150.00008612204795,"[nan, inf, inf, nan, nan]",2,[],[],0,-1.8857870084973395e-06,5.697996877238232e-10,8.588538450114688e-08,600.0,150.00008423626093,525.0,0,600.0,750.0,-54.75765120537128,0.0
75780,921,"['rideHailVehicle-1409339@GlobalRHM', 'rideHailVehicle-6548990@GlobalRHM']","[0, 150.0000850256851, 0, 0, 0]",150.0000850256851,"[nan, inf, inf, nan, nan]",2,[],[],0,-7.905693930222118e-07,3.2448395247315905e-10,4.8909168648257865e-08,600.0,150.0000842351157,525.0,0,600.0,750.0,-52.257649770003816,0.0
75840,921,"['rideHailVehicle-1409339@GlobalRHM', 'rideHailVehicle-6548990@GlobalRHM']","[0, 150.00008385114862, 0, 0, 0]",150.00008385114862,"[nan, inf, inf, nan, nan]",2,[],[],0,3.6891626843471855e-07,2.2164141986368236e-10,3.3407808000763516e-08,582.5573883513171,150.00008422006488,525.0,0,582.5573883513171,750.0,-49.757648352909065,0.0
75900,921,"['rideHailVehicle-1409339@GlobalRHM', 'rideHailVehicle-6548990@GlobalRHM']","[0, 132.55730450016856, 17.44277842416463, 0, 0]",150.00008292433319,"[nan, inf, inf, nan, nan]",2,[],[],0,1.2846415610690769e-06,2.563149791670901e-10,3.8634121803588696e-08,432.5573045001686,150.00008420897476,525.0,0,432.5573045001686,750.0,-47.25764695538992,0.0
75960,921,['rideHailVehicle-6548990@GlobalRHM'],"[0, 0, 150.00007885849965, 0, 0]",150.00007885849965,"[nan, nan, inf, nan, nan]",1,[],[],0,5.324453255341912e-06,3.7705537248274315e-10,5.6833210585400614e-08,300.0,150.00008418295292,525.0,0,300.0,750.0,-44.7576455733177,0.0
76020,921,['rideHailVehicle-6548990@GlobalRHM'],"[0, 0, 150.00008006255626, 0, 0]",150.00008006255626,"[nan, nan, inf, nan, nan]",1,[],[],0,4.097774719109555e-06,8.774880221206628e-10,1.3226296503607768e-07,300.0,150.00008416033097,525.0,0,300.0,750.0,-42.25764425900937,0.0
76080,921,['rideHailVehicle-6548990@GlobalRHM'],"[0, 0, 150.00008356047942, 0, 0]",150.00008356047942,"[nan, nan, inf, nan, nan]",1,[],[],0,6.046552724864412e-07,1.2626280847638822e-09,1.9031477355679638e-07,300.0,150.0000841651347,525.0,0,300.0,750.0,-39.75764292463343,0.0
76140,921,['rideHailVehicle-6548990@GlobalRHM'],"[0, 0, 150.0000844970557, 0, 0]",150.0000844970557,"[nan, nan, inf, nan, nan]",1,[],[],0,-3.4044023878610964e-07,1.3194581902445428e-09,1.988807232503543e-07,300.0,150.00008415661546,525.0,0,300.0,750.0,-37.257641531958775,0.0
76200,921,['rideHailVehicle-6548990@GlobalRHM'],"[0, 0, 150.00008070668636, 0, 0]",150.00008070668636,"[nan, nan, inf, nan, nan]",1,[],[],0,3.3512103819632383e-06,1.2751714563183855e-09,1.9220542445062666e-07,300.0,150.00008405789674,525.0,0,300.0,750.0,-34.75764012367451,0.0
76260,921,['rideHailVehicle-6548990@GlobalRHM'],"[0, 0, 150.00008995396496, 0, 0]",150.00008995396496,"[nan, nan, inf, nan, nan]",1,[],[],0,-5.759923055499566e-06,1.5901437192934458e-09,2.396809048617725e-07,300.0,150.0000841940419,525.0,0,300.0,750.0,-32.25763877856308,0.0
76320,921,['rideHailVehicle-6548990@GlobalRHM'],"[0, 0, 150.00008446381435, 0, 0]",150.00008446381435,"[nan, nan, inf, nan, nan]",1,[],[],0,-4.5868889394923737e-07,8.408545615146703e-10,1.2674123710687906e-07,300.0,150.00008400512544,525.0,0,300.0,750.0,-29.757637279330325,0.0
76380,921,['rideHailVehicle-6548990@GlobalRHM'],"[0, 0, 150.00008753201809, 0, 0]",150.00008753201809,"[nan, nan, inf, nan, nan]",1,[],[],0,-3.4042835345043725e-06,7.811852548732306e-10,1.1774733722552147e-07,300.0,150.00008412773454,525.0,0,300.0,750.0,-27.257635871600087,0.0
76440,921,['rideHailVehicle-6548990@GlobalRHM'],"[0, 0, 150.00008609905393, 0, 0]",150.00008609905393,"[nan, nan, inf, nan, nan]",1,[],[],0,-1.8816336747055254e-06,3.383333768479781e-10,5.099667968622005e-08,300.0,150.00008421742027,525.0,0,300.0,750.0,-24.75763441273312,0.0
76500,921,['rideHailVehicle-6548990@GlobalRHM'],"[0, 0, 150.0000854423037, 0, 0]",150.0000854423037,"[nan, nan, inf, nan, nan]",1,[],[],0,-7.19196989291697e-07,9.355793492221716e-11,1.4101901750817589e-08,300.0,150.00008472310674,525.0,0,300.0,750.0,-22.257632977748887,0.0
76560,921,['rideHailVehicle-6548990@GlobalRHM'],"[0, 0, 150.00008605031294, 0, 0]",150.00008605031294,"[nan, nan, inf, nan, nan]",1,[],[],0,0.0,0.0,0.0,300.0,150.00008605031294,525.0,0,300.0,750.0,-19.75763155371049,0.0
76620,921,['rideHailVehicle-6548990@GlobalRHM'],"[0, 0, 150.0000845442643, 0, 0]",150.0000845442643,"[nan, nan, inf, nan, nan]",1,[],[],0,0.0,0.0,0.0,300.0,150.0000845442643,525.0,0,300.0,750.0,-17.257630119538604,0.0
76680,921,"['rideHailVehicle-3125909@GlobalRHM', 'rideHailVehicle-6548990@GlobalRHM']","[0, 0, 150.0000746945627, 0, 0]",150.0000746945627,"[1.0618556701030928, nan, inf, nan, nan]",2,[],[],0,9.46339133540828e-06,0.0,0.0,300.0,150.00008415795403,525.0,0,300.0,750.0,-14.757628710467529,0.0
76740,921,"['rideHailVehicle-3125909@GlobalRHM', 'rideHailVehicle-6548990@GlobalRHM']","[0, 0, 150.00008283177854, 0, 0]",150.00008283177854,"[1.1839080459770115, nan, inf, nan, nan]",2,[],[],0,1.3649742713960919e-06,8.894415583022687e-10,1.3406471058495061e-07,600.0,150.00008419675282,525.0,0,600.0,750.0,-20.25762746555815,-522.0
76800,921,"['rideHailVehicle-3125909@GlobalRHM', 'rideHailVehicle-6548990@GlobalRHM']","[0, 0, 150.00008741664467, 0, 0]",150.00008741664467,"[1.3376623376623376, nan, inf, nan, nan]",2,[],[],0,-3.1845903913622696e-06,1.0177322312717455e-09,1.5340184609639524e-07,600.0,150.0000842320543,525.0,0,600.0,750.0,-22.757626085028512,-462.0
76860,921,"['rideHailVehicle-3125909@GlobalRHM', 'rideHailVehicle-6548990@GlobalRHM']","[0, 0, 150.00008462384463, 0, 0]",150.00008462384463,"[1.537313432835821, nan, inf, nan, nan]",2,[],[],0,-4.048221168867607e-07,6.034595006775589e-10,9.095889724615467e-08,600.0,150.0000842190225,525.0,0,600.0,750.0,-25.257624628084436,-402.0
76920,921,"['rideHailVehicle-3125909@GlobalRHM', 'rideHailVehicle-6548990@GlobalRHM']","[0, 0, 150.00008551280914, 0, 0]",150.00008551280914,"[1.8070175438596492, nan, inf, nan, nan]",2,[],[],0,-1.2842213091653606e-06,5.507975432018103e-10,8.302120867974759e-08,585.4573930612216,150.00008422858784,525.0,0,585.4573930612216,750.0,-27.757623217687026,-342.0
76980,921,"['rideHailVehicle-3125909@GlobalRHM', 'rideHailVehicle-6548990@GlobalRHM']","[14.54277351941198, 0, 135.4573075484126, 0, 0]",150.00008106782457,"[2.1914893617021276, nan, inf, nan, nan]",2,[],[],0,3.1248595565668054e-06,3.837374811359965e-10,5.784039869611307e-08,435.4573075484126,150.0000841926841,525.0,0,435.4573075484126,750.0,-30.257621792473543,-282.0
77040,921,"['rideHailVehicle-3125909@GlobalRHM', 'rideHailVehicle-5180532@GlobalRHM']","[149.99976996460163, 0, 0, 0, 0]",149.99976996460163,"[2.770682186018548, 1.0403508771929824, nan, nan, nan]",2,[],[],0,0.0003140974396753487,6.774355704318679e-10,1.0210924241414282e-07,300.0,150.0000840620413,525.0,0,300.0,750.0,-32.757620441343136,-222.0
77100,921,"['rideHailVehicle-3125909@GlobalRHM', 'rideHailVehicle-5180532@GlobalRHM']","[150.0001576699842, 0, 0, 0, 0]",150.0001576699842,"[3.611675872241958, 1.1627450980392156, nan, nan, nan]",2,[],[],0,-7.349124893042551e-05,3.0198704035606475e-08,4.55182297114825e-06,600.0,150.00008417873525,525.0,0,600.0,750.0,-42.1742909419331,-672.0
77160,921,"['rideHailVehicle-3125909@GlobalRHM', 'rideHailVehicle-5180532@GlobalRHM']","[150.00016463478025, 0, 0, 0, 0]",150.00016463478025,"[5.442073134992161, 1.3177777777777777, nan, nan, nan]",2,[],[],0,-8.047121430106658e-05,2.0638472851161787e-08,3.110818090159514e-06,600.0,150.00008416356596,525.0,0,600.0,750.0,-49.67428831410003,-552.0
77220,921,"['rideHailVehicle-3125909@GlobalRHM', 'rideHailVehicle-5180532@GlobalRHM']","[149.99990826635207, 0, 0, 0, 0]",149.99990826635207,"[12.502176829577248, 1.5205128205128204, nan, nan, nan]",2,[],[],0,0.00017583784975253966,1.017024127790999e-08,1.5329511430797773e-06,600.0,150.00008410420182,525.0,0,600.0,750.0,-57.17428557018703,-432.0
77280,921,"['rideHailVehicle-3125909@GlobalRHM', 'rideHailVehicle-5180532@GlobalRHM']","[149.99996808991824, 0, 0, 0, 0]",149.99996808991824,"[inf, 1.7969696969696969, nan, nan, nan]",2,[],[],0,0.00011592598161755368,2.669682097320816e-08,4.023987347907423e-06,600.0,150.00008401589986,525.0,0,600.0,750.0,-63.17428709908116,-330.0
77340,921,"['rideHailVehicle-3125909@GlobalRHM', 'rideHailVehicle-5180532@GlobalRHM']","[150.00019807766657, 0, 0, 0, 0]",150.00019807766657,"[inf, 2.196296296296296, nan, nan, nan]",2,[],[],0,-0.00011387429384077294,3.75924272187031e-08,5.666272087489434e-06,600.0,150.00008420337272,525.0,0,600.0,750.0,-65.67428763091586,-270.0
77400,921,"['rideHailVehicle-3125909@GlobalRHM', 'rideHailVehicle-5180532@GlobalRHM']","[150.00002422844594, 0, 0, 0, 0]",150.00002422844594,"[inf, 2.8238095238095235, nan, nan, nan]",2,[],[],0,5.97741294235577e-05,2.277890056175625e-08,3.4334427964938857e-06,600.0,150.00008400257536,525.0,0,600.0,750.0,-68.17428432962141,-210.0
77460,921,"['rideHailVehicle-3125909@GlobalRHM', 'rideHailVehicle-5180532@GlobalRHM']","[150.0001592759085, 0, 0, 0, 0]",150.0001592759085,"[inf, 3.953333333333333, nan, nan, nan]",2,[],[],0,-7.506842012371276e-05,2.839692827891574e-08,4.28024296332762e-06,600.0,150.00008420748836,525.0,0,600.0,750.0,-70.67428392581398,-150.0
77520,921,"['rideHailVehicle-3125909@GlobalRHM', 'rideHailVehicle-5180532@GlobalRHM']","[150.00013107301285, 0, 0, 0, 0]",150.00013107301285,"[inf, 6.588888888888889, nan, nan, nan]",2,[],[],0,-4.6844406372638516e-05,1.8631528160146e-08,2.8083131569803108e-06,600.0,150.00008422860648,525.0,0,600.0,750.0,-73.1742812712155,-90.0
77580,921,"['rideHailVehicle-3125909@GlobalRHM', 'rideHailVehicle-5180532@GlobalRHM']","[150.0001139410083, 0, 0, 0, 0]",150.0001139410083,"[inf, 19.766666666666666, nan, nan, nan]",2,[],[],0,-2.974401222648191e-05,1.2537695749643996e-08,1.889795384967791e-06,600.0,150.00008419699606,525.0,0,600.0,750.0,-75.6742790866653,-30.0
77640,921,"['rideHailVehicle-3125909@GlobalRHM', 'rideHailVehicle-5180532@GlobalRHM']","[150.0001197598633, 0, 0, 0, 0]",150.0001197598633,"[inf, inf, nan, nan, nan]",2,[],[],0,-3.552020258687665e-05,8.668396515019192e-09,1.3065794589583417e-06,600.0,150.00008423966074,525.0,0,600.0,750.0,-75.67427718764849,0.0
77700,921,"['rideHailVehicle-3125909@GlobalRHM', 'rideHailVehicle-5180532@GlobalRHM']","[150.0000962567367, 0, 0, 0, 0]",150.0000962567367,"[inf, inf, nan, nan, nan]",2,[],[],0,-1.206830940973704e-05,4.0476919632386935e-09,6.101048984313485e-07,600.0,150.00008418842728,525.0,0,600.0,750.0,-73.17427519165076,0.0
77760,921,"['rideHailVehicle-3125909@GlobalRHM', 'rideHailVehicle-5180532@GlobalRHM']","[150.0000946904891, 0, 0, 0, 0]",150.0000946904891,"[inf, inf, nan, nan, nan]",2,[],[],0,-1.0487665157032513e-05,2.4777658884794786e-09,3.734713805933674e-07,600.0,150.00008420282396,525.0,0,600.0,750.0,-70.67427358737181,0.0
77820,921,"['rideHailVehicle-3125909@GlobalRHM', 'rideHailVehicle-5180532@GlobalRHM']","[150.00008675497634, 0, 0, 0, 0]",150.00008675497634,"[inf, inf, nan, nan, nan]",2,[],[],0,-2.5280798976127917e-06,1.113460546748288e-09,1.6783088731822006e-07,600.0,150.00008422689643,525.0,0,600.0,750.0,-68.174272009197,0.0
77880,921,"['rideHailVehicle-3125909@GlobalRHM', 'rideHailVehicle-5180532@GlobalRHM']","[150.00008466718998, 0, 0, 0, 0]",150.00008466718998,"[inf, inf, nan, nan, nan]",2,[],[],0,-4.433598955782778e-07,7.845910741828339e-10,1.18260693247381e-07,600.0,150.00008422383007,525.0,0,600.0,750.0,-65.67427056328071,0.0
77940,921,"['rideHailVehicle-3125909@GlobalRHM', 'rideHailVehicle-5180532@GlobalRHM']","[150.00008139692648, 0, 0, 0, 0]",150.00008139692648,"[inf, inf, nan, nan, nan]",2,[],[],0,2.797015981130681e-06,7.269158657556058e-10,1.0956736196153242e-07,600.0,150.00008419394246,525.0,0,600.0,750.0,-63.17426915216089,0.0
78000,921,"['rideHailVehicle-3125909@GlobalRHM', 'rideHailVehicle-5180532@GlobalRHM']","[150.00008681023343, 0, 0, 0, 0]",150.00008681023343,"[inf, inf, nan, nan, nan]",2,[],[],0,-2.5840186447126156e-06,9.898007201042706e-10,1.491917550275504e-07,600.0,150.0000842262148,525.0,0,600.0,750.0,-60.67426779554545,0.0
78060,921,"['rideHailVehicle-3125909@GlobalRHM', 'rideHailVehicle-5180532@GlobalRHM']","[150.00008260454874, 0, 0, 0, 0]",150.00008260454874,"[inf, inf, nan, nan, nan]",2,[],[],0,1.588342584786913e-06,6.536543627093208e-10,9.852472277828343e-08,600.0,150.00008419289134,525.0,0,600.0,750.0,-58.17426634870822,0.0
78120,921,"['rideHailVehicle-3125909@GlobalRHM', 'rideHailVehicle-5180532@GlobalRHM']","[150.00008638091228, 0, 0, 0, 0]",150.00008638091228,"[inf, inf, nan, nan, nan]",2,[],[],0,-2.1552279968116202e-06,8.029388901751583e-10,1.2102624272943136e-07,600.0,150.00008422568428,525.0,0,600.0,750.0,-55.67426497196574,0.0
78180,921,"['rideHailVehicle-3125909@GlobalRHM', 'rideHailVehicle-5180532@GlobalRHM']","[150.0000842803369, 0, 0, 0, 0]",150.0000842803369,"[inf, inf, nan, nan, nan]",2,[],[],0,-6.750198954763997e-08,5.225724764241409e-10,7.876687024292901e-08,525.4558119370322,150.0000842128349,525.0,0,525.4558119370322,750.0,-53.17426353228387,0.0
78240,921,"['rideHailVehicle-3125909@GlobalRHM', 'rideHailVehicle-5180532@GlobalRHM']","[75.45572765669519, 74.5443559995486, 0, 0, 0]",150.0000836562438,"[inf, inf, nan, nan, nan]",2,[],[],0,5.598911320779292e-07,5.137913679945325e-10,7.744330182042626e-08,375.4557276566952,150.00008421613492,525.0,0,375.4557276566952,750.0,-50.674262127611584,0.0
78300,921,['rideHailVehicle-5180532@GlobalRHM'],"[0, 150.00007772639282, 0, 0, 0]",150.00007772639282,"[nan, inf, nan, nan, nan]",1,[],[],0,6.448190046549876e-06,5.66414198790056e-10,8.537509285819692e-08,300.0,150.00008417458287,525.0,0,300.0,750.0,-48.17426073334085,0.0
78360,921,['rideHailVehicle-5180532@GlobalRHM'],"[0, 150.00008507372564, 0, 0, 0]",150.00008507372564,"[nan, inf, nan, nan, nan]",1,[],[],0,-8.67136565808028e-07,1.1724641865754406e-09,1.7672445185098683e-07,300.0,150.00008420658907,525.0,0,300.0,750.0,-45.67425943790097,0.0
78420,921,['rideHailVehicle-5180532@GlobalRHM'],"[0, 150.0000867185828, 0, 0, 0]",150.0000867185828,"[nan, inf, nan, nan, nan]",1,[],[],0,-2.496677966006942e-06,1.0596612861177494e-09,1.597217740900451e-07,300.0,150.0000842219048,525.0,0,300.0,750.0,-43.174258020005546,0.0
78480,921,['rideHailVehicle-5180532@GlobalRHM'],"[0, 150.00008143034464, 0, 0, 0]",150.00008143034464,"[nan, inf, nan, nan, nan]",1,[],[],0,2.7442608906737304e-06,7.348767859831524e-10,1.1076730416834035e-07,300.0,150.00008417460552,525.0,0,300.0,750.0,-40.67425657469583,0.0
78540,921,['rideHailVehicle-5180532@GlobalRHM'],"[0, 150.00008345970716, 0, 0, 0]",150.00008345970716,"[nan, inf, nan, nan, nan]",1,[],[],0,7.09956426604274e-07,9.928033153295695e-10,1.4964433345288486e-07,300.0,150.00008416966358,525.0,0,300.0,750.0,-38.174255217523424,0.0
78600,921,['rideHailVehicle-5180532@GlobalRHM'],"[0, 150.00008046436855, 0, 0, 0]",150.00008046436855,"[nan, inf, nan, nan, nan]",1,[],[],0,3.6250432841870663e-06,1.0595304248852025e-09,1.597020494964454e-07,300.0,150.00008408941184,525.0,0,300.0,750.0,-35.6742538265283,0.0
78660,921,['rideHailVehicle-5180532@GlobalRHM'],"[0, 150.00008563038048, 0, 0, 0]",150.00008563038048,"[nan, inf, nan, nan, nan]",1,[],[],0,-1.519627771221314e-06,1.40023958857968e-09,2.1105682935576217e-07,300.0,150.0000841107527,525.0,0,300.0,750.0,-33.1742524854555,0.0
78720,921,['rideHailVehicle-5180532@GlobalRHM'],"[0, 150.0000863529542, 0, 0, 0]",150.0000863529542,"[nan, inf, nan, nan, nan]",1,[],[],0,-2.2715627221830244e-06,1.2025562858924186e-09,1.8126020639063836e-07,300.0,150.0000840813915,525.0,0,300.0,750.0,-30.674251058282486,0.0
78780,921,['rideHailVehicle-5180532@GlobalRHM'],"[0, 150.00008746279792, 0, 0, 0]",150.00008746279792,"[nan, inf, nan, nan, nan]",1,[],[],0,-3.332127196300206e-06,9.0705627616207e-10,1.3671976085763788e-07,300.0,150.00008413067073,525.0,0,300.0,750.0,-28.174249619066583,0.0
78840,921,['rideHailVehicle-5180532@GlobalRHM'],"[0, 150.00008689071976, 0, 0, 0]",150.00008689071976,"[nan, inf, nan, nan, nan]",1,[],[],0,-2.7235300054521133e-06,4.735909752421797e-10,7.138393347920247e-08,300.0,150.00008416718975,525.0,0,300.0,750.0,-25.674248161353283,0.0
78900,921,['rideHailVehicle-5180532@GlobalRHM'],"[0, 150.00008642230912, 0, 0, 0]",150.00008642230912,"[nan, inf, nan, nan, nan]",1,[],[],0,-9.170506019872125e-07,1.1929605076016438e-10,1.798138435269044e-08,300.0,150.0000855052585,525.0,0,300.0,750.0,-23.17424671317462,0.0
78960,921,['rideHailVehicle-5180532@GlobalRHM'],"[0, 150.00008539543632, 0, 0, 0]",150.00008539543632,"[nan, inf, nan, nan, nan]",1,[],[],0,0.0,0.0,0.0,300.0,150.00008539543632,525.0,0,300.0,750.0,-20.674245272802803,0.0
79020,921,['rideHailVehicle-5180532@GlobalRHM'],"[0, 150.00008539187036, 0, 0, 0]",150.00008539187036,"[nan, inf, nan, nan, nan]",1,[],[],0,0.0,0.0,0.0,300.0,150.00008539187036,525.0,0,300.0,750.0,-18.174243849545533,0.0
79080,921,['rideHailVehicle-5180532@GlobalRHM'],"[0, 150.00008496682716, 0, 0, 0]",150.00008496682716,"[nan, inf, nan, nan, nan]",1,[],[],0,0.0,0.0,0.0,300.0,150.00008496682716,525.0,0,300.0,750.0,-15.674242426347696,0.0
79140,921,['rideHailVehicle-5180532@GlobalRHM'],"[0, 150.0000847471713, 0, 0, 0]",150.0000847471713,"[nan, inf, nan, nan, nan]",1,[],[],0,0.0,0.0,0.0,300.0,150.0000847471713,525.0,0,300.0,750.0,-13.174241010233914,0.0
79200,921,['rideHailVehicle-5180532@GlobalRHM'],"[0, 150.00008448985662, 0, 0, 0]",150.00008448985662,"[nan, inf, nan, nan, nan]",1,[],[],0,0.0,0.0,0.0,300.0,150.00008448985662,525.0,0,300.0,750.0,-10.67423959778106,0.0
79260,921,['rideHailVehicle-5180532@GlobalRHM'],"[0, 150.00008450290693, 0, 0, 0]",150.00008450290693,"[nan, inf, nan, nan, nan]",1,[],[],0,0.0,0.0,0.0,300.0,150.00008450290693,525.0,0,300.0,750.0,-8.17423818961678,0.0
79320,921,['rideHailVehicle-5180532@GlobalRHM'],"[0, 150.00008441637743, 0, 0, 0]",150.00008441637743,"[nan, inf, nan, nan, nan]",1,[],[],0,0.0,0.0,0.0,300.0,150.00008441637743,525.0,0,300.0,750.0,-5.674236781234995,0.0
79380,921,"['rideHailVehicle-3079146@GlobalRHM', 'rideHailVehicle-5180532@GlobalRHM']","[0, 150.0000844129176, 0, 0, 0]",150.0000844129176,"[1.0183727034120735, inf, nan, nan, nan]",2,[],[],0,0.0,0.0,0.0,190.45412245772226,150.0000844129176,525.0,0,190.45412245772226,750.0,-3.174235374295371,0.0
79440,921,"['rideHailVehicle-3079146@GlobalRHM', 'rideHailVehicle-5180532@GlobalRHM']","[109.5460462356877, 40.45403804480486, 0, 0, 0]",150.00008428049256,"[1.074792243767313, inf, nan, nan, nan]",2,[],[],0,0.0,0.0,0.0,190.45403804480486,150.00008428049256,525.0,0,190.45403804480486,750.0,-4.049233967413414,-1083.0
79500,921,['rideHailVehicle-3079146@GlobalRHM'],"[148.40807989064828, 0, 0, 0, 0]",148.40807989064828,"[1.0949966583633675, nan, nan, nan, nan]",1,[],[],0,1.5920041886601264,0.0,0.0,150.0,150.0000840793084,525.0,0,150.0,750.0,-4.049232562738538,-1023.0
79560,921,['rideHailVehicle-3079146@GlobalRHM'],"[148.40838322793547, 0, 0, 0, 0]",148.40838322793547,"[1.101576686967254, nan, nan, nan, nan]",1,[],[],0,1.5917009262399304,0.00014962867287200812,0.02255339267268512,150.0,150.0000841541754,525.0,0,150.0,750.0,-4.075764564561068,-963.0
79620,921,['rideHailVehicle-3079146@GlobalRHM'],"[148.40868315235414, 0, 0, 0, 0]",148.40868315235414,"[1.1090310036082962, nan, nan, nan, nan]",1,[],[],0,1.591401041627405,0.000299228842833164,0.045102489127750806,150.0,150.00008419398154,525.0,0,150.0,750.0,-4.102291510762143,-903.0
79680,921,['rideHailVehicle-3079146@GlobalRHM'],"[148.40897819642456, 0, 0, 0, 0]",148.40897819642456,"[1.117546290625563, nan, nan, nan, nan]",1,[],[],0,1.5911059277715398,0.0004488008273555462,0.06764733721747238,150.0,150.0000841241961,525.0,0,150.0,750.0,-4.128813458222908,-843.0
79740,921,['rideHailVehicle-3079146@GlobalRHM'],"[148.40927492876784, 0, 0, 0, 0]",148.40927492876784,"[1.1273664517481226, nan, nan, nan, nan]",1,[],[],0,1.5908091656755858,0.0005983450748311833,0.09018800452756918,150.0,150.00008409444342,525.0,0,150.0,750.0,-4.155330488282498,-783.0
79800,921,['rideHailVehicle-3079146@GlobalRHM'],"[148.40957608136708, 0, 0, 0, 0]",148.40957608136708,"[1.138816350964416, nan, nan, nan, nan]",1,[],[],0,1.5905081143132733,0.0007478614303459243,0.11272446770797331,150.0,150.00008419568036,525.0,0,150.0,750.0,-4.181842572803035,-723.0
79860,921,['rideHailVehicle-3079146@GlobalRHM'],"[148.40987360677423, 0, 0, 0, 0]",148.40987360677423,"[1.1523384484385006, nan, nan, nan, nan]",1,[],[],0,1.590210589052188,0.0008973494907618647,0.135256665994078,150.0,150.00008419582642,525.0,0,150.0,750.0,-4.208349638113582,-663.0
79920,921,['rideHailVehicle-3079146@GlobalRHM'],"[148.41016910323884, 0, 0, 0, 0]",148.41016910323884,"[1.168551313220591, nan, nan, nan, nan]",1,[],[],0,1.5899150302361398,0.0010468095874888407,0.157784649338984,150.0,150.00008413347499,525.0,0,150.0,750.0,-4.2348517446673455,-603.0
79980,921,['rideHailVehicle-3079146@GlobalRHM'],"[148.41046838033304, 0, 0, 0, 0]",148.41046838033304,"[1.1883469138687306, nan, nan, nan, nan]",1,[],[],0,1.589615810408149,0.001196241905348326,0.18030844560066264,150.0,150.0000841907412,525.0,0,150.0,750.0,-4.261348926280032,-543.0
80040,921,['rideHailVehicle-3079146@GlobalRHM'],"[148.41076638183912, 0, 0, 0, 0]",148.41076638183912,"[1.213060428320057, nan, nan, nan, nan]",1,[],[],0,1.5893178317877756,0.0013456461002505492,0.2028280029147781,150.0,150.0000842136269,525.0,0,150.0,750.0,-4.287841119941149,-483.0
80100,921,['rideHailVehicle-3079146@GlobalRHM'],"[148.41106273820017, 0, 0, 0, 0]",148.41106273820017,"[1.2447845870587515, nan, nan, nan, nan]",1,[],[],0,1.5890214455150562,0.0014950222888536503,0.2253433388651049,150.0,150.00008418371522,525.0,0,150.0,750.0,-4.3143283469104965,-423.0
80160,921,['rideHailVehicle-3079146@GlobalRHM'],"[148.41136005234586, 0, 0, 0, 0]",148.41136005234586,"[1.286995744436837, nan, nan, nan, nan]",1,[],[],0,1.588724135523551,0.0016443706208185845,0.24785447600990154,150.0,150.00008418786942,525.0,0,150.0,750.0,-4.340810634607159,-363.0
80220,921,['rideHailVehicle-3079146@GlobalRHM'],"[148.41165710344532, 0, 0, 0, 0]",148.41165710344532,"[1.3459237993717277, nan, nan, nan, nan]",1,[],[],0,1.5884270802778575,0.0017936910093272276,0.27036140126315183,150.0,150.00008418372317,525.0,0,150.0,750.0,-4.367287967068062,-303.0
80280,921,['rideHailVehicle-3079146@GlobalRHM'],"[148.41195315863038, 0, 0, 0, 0]",148.41195315863038,"[1.4339516393755363, nan, nan, nan, nan]",1,[],[],0,1.5881309892913602,0.0019429834783225306,0.2928641182337548,150.0,150.00008414792174,525.0,0,150.0,750.0,-4.393760348677304,-243.0
80340,921,['rideHailVehicle-3079146@GlobalRHM'],"[148.4122515579193, 0, 0, 0, 0]",148.4122515579193,"[1.5797020060371758, nan, nan, nan, nan]",1,[],[],0,1.5878326362812631,0.002092248118432913,0.31536264058204905,150.0,150.00008419420055,525.0,0,150.0,750.0,-4.4202277960334655,-183.0
80400,921,['rideHailVehicle-3079146@GlobalRHM'],"[148.41254775869683, 0, 0, 0, 0]",148.41254775869683,"[1.8676468819645162, nan, nan, nan, nan]",1,[],[],0,1.5875364038457265,0.0022414847170561776,0.33785693626270025,150.0,150.00008416254255,525.0,0,150.0,750.0,-4.446690270068146,-123.0
80460,921,['rideHailVehicle-3079146@GlobalRHM'],"[148.41284518968237, 0, 0, 0, 0]",148.41284518968237,"[2.7040563075897888, nan, nan, nan, nan]",1,[],[],0,1.587238991152158,0.0023906934735000644,0.3603470353171814,150.0,150.00008418083453,525.0,0,150.0,750.0,-4.473147807423196,-63.0
80520,921,['rideHailVehicle-3079146@GlobalRHM'],"[148.41314262258632, 0, 0, 0, 0]",148.41314262258632,"[36.99680310076127, nan, nan, nan, nan]",1,[],[],0,1.586941579879495,0.0025398742768349388,0.3828329210251703,150.0,150.0000842024658,525.0,0,150.0,750.0,-4.499600387595159,-3.0
80580,921,['rideHailVehicle-3079146@GlobalRHM'],"[127.48084059388214, 0, 0, 0, 0]",127.48084059388214,"[inf, nan, nan, nan, nan]",1,[],[],0,22.519243568514387,0.0026890271271943485,0.4053145934067965,129.06288063312317,150.00008416239652,525.0,0,129.06288063312317,750.0,-2.151048010552053,0.0
80640,921,['rideHailVehicle-3079146@GlobalRHM'],"[0.03234829560954523, 0, 0, 0, 0]",0.03234829560954523,"[inf, nan, nan, nan, nan]",1,[],[],0,149.9677359235935,0.004805557066775848,0.724337210627417,1.5820400392411216,150.00008421920305,525.0,0,1.5820400392411216,750.0,-0.026367333987352026,0.0
80700,921,['rideHailVehicle-3079146@GlobalRHM'],"[0.02806076427791578, 0, 0, 0, 0]",0.02806076427791578,"[inf, nan, nan, nan, nan]",1,[],[],0,149.97202343827934,0.018900666526728175,2.8488801362116583,1.5496917436315982,150.00008420255725,525.0,0,1.5496917436315982,750.0,-0.025828195727193304,0.0
80760,921,['rideHailVehicle-3079146@GlobalRHM'],"[0.028050706740517975, 0, 0, 0, 0]",0.028050706740517975,"[inf, nan, nan, nan, nan]",1,[],[],0,149.97203352551466,0.03299617895994962,4.973483801587282,1.5216309793538585,150.00008423225518,525.0,0,1.5216309793538585,750.0,-0.025360516322564308,0.0
80820,921,['rideHailVehicle-3079146@GlobalRHM'],"[0.028054498428930482, 0, 0, 0, 0]",0.028054498428930482,"[inf, nan, nan, nan, nan]",1,[],[],0,149.97202973472528,0.04709169234124624,7.098087609865406,1.4935802726134284,150.0000842331542,525.0,0,1.4935802726134284,750.0,-0.02489300454355714,0.0
80880,921,['rideHailVehicle-3079146@GlobalRHM'],"[0.028054424653389788, 0, 0, 0, 0]",0.028054424653389788,"[inf, nan, nan, nan, nan]",1,[],[],0,149.97202980999884,0.06118720536625561,9.222691364440681,1.4655257741843286,150.00008423465223,525.0,0,1.4655257741843286,750.0,-0.02442542956973881,0.0
80940,921,['rideHailVehicle-3079146@GlobalRHM'],"[0.028054565670825857, 0, 0, 0, 0]",0.028054565670825857,"[inf, nan, nan, nan, nan]",1,[],[],0,149.97202966941856,0.07528271839833978,11.347295120082332,1.437471349530881,150.0000842350894,525.0,0,1.437471349530881,750.0,-0.023957855825514685,0.0
81000,921,['rideHailVehicle-3079146@GlobalRHM'],"[0.028054615715565848, 0, 0, 0, 0]",0.028054615715565848,"[inf, nan, nan, nan, nan]",1,[],[],0,149.9720296193804,0.08937823141721112,13.471898873732428,1.4094167838599958,150.00008423509598,525.0,0,1.4094167838599958,750.0,-0.02349027973099993,0.0
81060,921,['rideHailVehicle-3079146@GlobalRHM'],"[0.028054566016153755, 0, 0, 0, 0]",0.028054566016153755,"[inf, nan, nan, nan, nan]",1,[],[],0,149.97202966953154,0.1034737444313795,15.59650262667365,1.3813621681444488,150.0000842355477,525.0,0,1.3813621681444488,750.0,-0.02302270280240748,0.0
81120,921,['rideHailVehicle-3079146@GlobalRHM'],"[0.028061727921775997, 0, 0, 0, 0]",0.028061727921775997,"[inf, nan, nan, nan, nan]",1,[],[],0,149.97202244297614,0.11756925745026148,17.72110638032535,1.3533076021282398,150.0000841708979,525.0,0,1.3533076021282398,750.0,-0.02255512670213733,0.0
81180,921,['rideHailVehicle-3079146@GlobalRHM'],"[0.028052307372449608, 0, 0, 0, 0]",0.028052307372449608,"[inf, nan, nan, nan, nan]",1,[],[],0,149.97203188222127,0.13166476978993677,19.845710031600845,1.3252458742066153,150.00008418959374,525.0,0,1.3252458742066153,750.0,-0.022087431236776922,0.0
81240,921,['rideHailVehicle-3079146@GlobalRHM'],"[0.028053842392275454, 0, 0, 0, 0]",0.028053842392275454,"[inf, nan, nan, nan, nan]",1,[],[],0,149.97203034985463,0.14576028301678418,21.97031381659898,1.2971935668342383,150.0000841922469,525.0,0,1.2971935668342383,750.0,-0.021619892780570638,0.0
81300,921,['rideHailVehicle-3079146@GlobalRHM'],"[0.02805509758033604, 0, 0, 0, 0]",0.02805509758033604,"[inf, nan, nan, nan, nan]",1,[],[],0,149.97202908895594,0.15985579609960807,24.094917579888588,1.2691397244418567,150.00008418653627,525.0,0,1.2691397244418567,750.0,-0.021152328740697612,0.0
81360,921,['rideHailVehicle-3079146@GlobalRHM'],"[0.028050896952142464, 0, 0, 0, 0]",0.028050896952142464,"[inf, nan, nan, nan, nan]",1,[],[],0,149.97203332981758,0.17395130906392312,26.219521325315462,1.2410846268615217,150.00008422676973,525.0,0,1.2410846268615217,750.0,-0.02068474378102536,0.0
81420,921,['rideHailVehicle-3079146@GlobalRHM'],"[0.02805457864616498, 0, 0, 0, 0]",0.02805457864616498,"[inf, nan, nan, nan, nan]",1,[],[],0,149.97202964870812,0.18804682242682663,28.34412513082121,1.2130337299095117,150.00008422735428,525.0,0,1.2130337299095117,750.0,-0.020217228831825196,0.0
81480,921,['rideHailVehicle-3079146@GlobalRHM'],"[0.02805472693598837, 0, 0, 0, 0]",0.02805472693598837,"[inf, nan, nan, nan, nan]",1,[],[],0,149.9720294986134,0.20214233544375146,30.46872888417791,1.1849791512634056,150.0000842255494,525.0,0,1.1849791512634056,750.0,-0.01974965252105676,0.0
81540,921,['rideHailVehicle-3079146@GlobalRHM'],"[0.02805589835239059, 0, 0, 0, 0]",0.02805589835239059,"[inf, nan, nan, nan, nan]",1,[],[],0,149.97202831170492,0.21623784844656924,32.59333263540827,1.156924424327599,150.0000842100573,525.0,0,1.156924424327599,750.0,-0.019282073738793315,0.0
81600,921,['rideHailVehicle-3079146@GlobalRHM'],"[0.0280552240317288, 0, 0, 0, 0]",0.0280552240317288,"[inf, nan, nan, nan, nan]",1,[],[],0,149.97202896991615,0.23033336133783233,34.71793636982409,1.1288685259751219,150.00008419394788,525.0,0,1.1288685259751219,750.0,-0.018814475432918698,0.0
81660,921,['rideHailVehicle-3079146@GlobalRHM'],"[0.028053651355439697, 0, 0, 0, 0]",0.028053651355439697,"[inf, nan, nan, nan, nan]",1,[],[],0,149.97203054831337,0.2444288742909591,36.84254011356457,1.100813301943191,150.0000841996688,525.0,0,1.100813301943191,750.0,-0.01834688836571985,0.0
81720,921,['rideHailVehicle-3079146@GlobalRHM'],"[0.02805287733263348, 0, 0, 0, 0]",0.02805287733263348,"[inf, nan, nan, nan, nan]",1,[],[],0,149.9720313567905,0.25852438739243566,38.96714387966567,1.0727596505877557,150.00008423412314,525.0,0,1.0727596505877557,750.0,-0.017879327509795928,0.0
81780,921,['rideHailVehicle-3079146@GlobalRHM'],"[0.028056298777198944, 0, 0, 0, 0]",0.028056298777198944,"[inf, nan, nan, nan, nan]",1,[],[],0,149.97202789930765,0.2726199005698991,41.0917476572202,1.0447067732550863,150.00008419808483,525.0,0,1.0447067732550863,750.0,-0.01741177955425144,0.0
81840,921,['rideHailVehicle-3079146@GlobalRHM'],"[0.028054438487608968, 0, 0, 0, 0]",0.028054438487608968,"[inf, nan, nan, nan, nan]",1,[],[],0,149.9720297732567,0.2867154134224019,43.21635138579373,1.0166504744779559,150.0000842117443,525.0,0,1.0166504744779559,750.0,-0.016944174574632598,0.0
81900,921,['rideHailVehicle-3079146@GlobalRHM'],"[0.028053734744276526, 0, 0, 0, 0]",0.028053734744276526,"[inf, nan, nan, nan, nan]",1,[],[],0,149.9720304935467,0.3008109264510328,45.340955140914865,0.9885960359902413,150.00008422829097,525.0,0,0.9885960359902413,750.0,-0.016476600599837354,0.0
81960,921,['rideHailVehicle-3079146@GlobalRHM'],"[0.02805474008053851, 0, 0, 0, 0]",0.02805474008053851,"[inf, nan, nan, nan, nan]",1,[],[],0,149.9720294846148,0.31490643954736197,47.46555890624011,0.9605423012459369,150.00008422469534,525.0,0,0.9605423012459369,750.0,-0.016009038354098948,0.0
82020,921,['rideHailVehicle-3079146@GlobalRHM'],"[0.02805433301849788, 0, 0, 0, 0]",0.02805433301849788,"[inf, nan, nan, nan, nan]",1,[],[],0,149.9720298966274,0.32900195254886405,49.59016265727215,0.9324875611652317,150.0000842296459,525.0,0,0.9324875611652317,750.0,-0.015541459352753861,0.0
82080,921,['rideHailVehicle-3079146@GlobalRHM'],"[0.02805550828966402, 0, 0, 0, 0]",0.02805550828966402,"[inf, nan, nan, nan, nan]",1,[],[],0,149.97202869737762,0.3430974655890902,51.71476641414104,0.9044332281466438,150.0000842056673,525.0,0,0.9044332281466438,750.0,-0.015073887135777397,0.0
82140,921,['rideHailVehicle-3079146@GlobalRHM'],"[0.02805361066854014, 0, 0, 0, 0]",0.02805361066854014,"[inf, nan, nan, nan, nan]",1,[],[],0,149.9720306188508,0.35719297851660176,53.83937015402056,0.8763777198569755,150.00008422951933,525.0,0,0.8763777198569755,750.0,-0.014606295330949592,0.0
82200,921,['rideHailVehicle-3079146@GlobalRHM'],"[0.028054829398352313, 0, 0, 0, 0]",0.028054829398352313,"[inf, nan, nan, nan, nan]",1,[],[],0,149.97202939432142,0.371288491624708,55.963973921120946,0.8483241091883542,150.00008422371977,525.0,0,0.8483241091883542,750.0,-0.014138735153139237,0.0
82260,921,['rideHailVehicle-3079146@GlobalRHM'],"[0.028054931479677192, 0, 0, 0, 0]",0.028054931479677192,"[inf, nan, nan, nan, nan]",1,[],[],0,149.9720292834622,0.3853840046177236,58.08857767087383,0.8202692797898692,150.0000842149419,525.0,0,0.8202692797898692,750.0,-0.013671154663164486,0.0
82320,921,['rideHailVehicle-3079146@GlobalRHM'],"[0.02805415998329175, 0, 0, 0, 0]",0.02805415998329175,"[inf, nan, nan, nan, nan]",1,[],[],0,149.97203006691902,0.39947951760031986,60.21318141905621,0.7922143483102673,150.00008422690232,525.0,0,0.7922143483102673,750.0,-0.013203572471837788,0.0
82380,921,['rideHailVehicle-3079146@GlobalRHM'],"[0.02805464182243091, 0, 0, 0, 0]",0.02805464182243091,"[inf, nan, nan, nan, nan]",1,[],[],0,149.9720295834787,0.41357503065655127,62.33778517833756,0.7641601883270255,150.00008422530112,525.0,0,0.7641601883270255,750.0,-0.012736003138783758,0.0
82440,921,['rideHailVehicle-3079146@GlobalRHM'],"[0.02805485930805019, 0, 0, 0, 0]",0.02805485930805019,"[inf, nan, nan, nan, nan]",1,[],[],0,149.9720293563741,0.42767054366734536,64.46238893077017,0.7361055465045752,150.00008421568214,525.0,0,0.7361055465045752,750.0,-0.012268425775076253,0.0
82500,921,['rideHailVehicle-3079146@GlobalRHM'],"[0.02805419728658047, 0, 0, 0, 0]",0.02805419728658047,"[inf, nan, nan, nan, nan]",1,[],[],0,149.97203003539326,0.44176605665679436,66.58699267998547,0.7080506871963621,150.00008423267985,525.0,0,0.7080506871963621,750.0,-0.011800844786606035,0.0
82560,921,['rideHailVehicle-3079146@GlobalRHM'],"[0.02805465359728268, 0, 0, 0, 0]",0.02805465359728268,"[inf, nan, nan, nan, nan]",1,[],[],0,149.972029577282,0.4558615697100628,68.71159643882021,0.6799964899096267,150.00008423087928,525.0,0,0.6799964899096267,750.0,-0.011333274831827111,0.0
82620,921,['rideHailVehicle-3079146@GlobalRHM'],"[0.02805450344490883, 0, 0, 0, 0]",0.02805450344490883,"[inf, nan, nan, nan, nan]",1,[],[],0,149.9720297348161,0.4699570827202744,70.83620019116503,0.6519418363124885,150.000084238261,525.0,0,0.6519418363124885,750.0,-0.010865697271874808,0.0
82680,921,['rideHailVehicle-3079146@GlobalRHM'],"[0.028054666113874548, 0, 0, 0, 0]",0.028054666113874548,"[inf, nan, nan, nan, nan]",1,[],[],0,149.97202957085585,0.4840525957452923,72.96080394574159,0.6238873328676675,150.00008423696974,525.0,0,0.6238873328676675,750.0,-0.010398122214461125,0.0
82740,921,['rideHailVehicle-3079146@GlobalRHM'],"[0.028054663823820165, 0, 0, 0, 0]",0.028054663823820165,"[inf, nan, nan, nan, nan]",1,[],[],0,149.9720295724709,0.49814810875489995,75.08540769799538,0.5958326667536085,150.0000842362947,525.0,0,0.5958326667536085,750.0,-0.009930544445893474,0.0
82800,921,['rideHailVehicle-3079146@GlobalRHM'],"[0.02805475612492696, 0, 0, 0, 0]",0.02805475612492696,"[inf, nan, nan, nan, nan]",1,[],[],0,149.97202947238978,0.5122436217646594,77.21001145027205,0.5677780029297708,150.0000842285147,525.0,0,0.5677780029297708,750.0,-0.00946296671549618,0.0
82860,921,['rideHailVehicle-3079146@GlobalRHM'],"[0.028054719854620214, 0, 0, 0, 0]",0.028054719854620214,"[inf, nan, nan, nan, nan]",1,[],[],0,149.97202949703802,0.5263391347650125,79.3346152011309,0.5397232468047264,150.00008421689265,525.0,0,0.5397232468047264,750.0,-0.00899538744674544,0.0
82920,921,['rideHailVehicle-3079146@GlobalRHM'],"[0.028054626249517406, 0, 0, 0, 0]",0.028054626249517406,"[inf, nan, nan, nan, nan]",1,[],[],0,149.97202958773534,0.5404346477676822,81.45921895233894,0.5116685269501886,150.00008421398485,525.0,0,0.5116685269501886,750.0,-0.008527808782503143,0.0
82980,921,['rideHailVehicle-3079146@GlobalRHM'],"[0.028054465094955152, 0, 0, 0, 0]",0.028054465094955152,"[inf, nan, nan, nan, nan]",1,[],[],0,149.97202975530976,0.5545301607788764,83.58382270483186,0.4836139007005613,150.00008422040472,525.0,0,0.4836139007005613,750.0,-0.008060231678342689,0.0
83040,921,['rideHailVehicle-3079146@GlobalRHM'],"[0.02805449742971273, 0, 0, 0, 0]",0.02805449742971273,"[inf, nan, nan, nan, nan]",1,[],[],0,149.9720297246812,0.5686256738058204,85.70842645969874,0.4555594356054371,150.0000842221109,525.0,0,0.4555594356054371,750.0,-0.007592657260090618,0.0
83100,921,['rideHailVehicle-3079146@GlobalRHM'],"[0.028054522767183173, 0, 0, 0, 0]",0.028054522767183173,"[inf, nan, nan, nan, nan]",1,[],[],0,149.9720297015031,0.5827211868298857,87.83303021413172,0.4275049381756446,150.00008422427027,525.0,0,0.4275049381756446,750.0,-0.00712508230292741,0.0
83160,921,['rideHailVehicle-3079146@GlobalRHM'],"[0.02805457464596207, 0, 0, 0, 0]",0.02805457464596207,"[inf, nan, nan, nan, nan]",1,[],[],0,149.97202965298817,0.5968166998517727,89.95763396823635,0.3994504154084666,150.00008422763412,525.0,0,0.3994504154084666,750.0,-0.006657506923474443,0.0
83220,921,['rideHailVehicle-3079146@GlobalRHM'],"[0.02805469098070215, 0, 0, 0, 0]",0.02805469098070215,"[inf, nan, nan, nan, nan]",1,[],[],0,149.9720295424937,0.6109122128690997,92.08223772165368,0.3713958407625739,150.00008423347438,525.0,0,0.3713958407625739,750.0,-0.006189930679376232,0.0
83280,921,['rideHailVehicle-3079146@GlobalRHM'],"[0.028054406698261078, 0, 0, 0, 0]",0.028054406698261078,"[inf, nan, nan, nan, nan]",1,[],[],0,149.97202982146726,0.6250077258760417,94.20684147350568,0.34334114978179286,150.00008422816552,525.0,0,0.34334114978179286,750.0,-0.005722352496363214,0.0
83340,921,['rideHailVehicle-3079146@GlobalRHM'],"[0.02805462265268756, 0, 0, 0, 0]",0.02805462265268756,"[inf, nan, nan, nan, nan]",1,[],[],0,149.9720296075575,0.6391032389092037,96.3314452293098,0.31528674308347604,150.00008423021018,525.0,0,0.31528674308347604,750.0,-0.005254779051391267,0.0
83400,921,[],"[0, 0, 0, 0, 0]",0.0,"[nan, nan, nan, nan, nan]",0,[],[],0,150.00008423483592,0.653198751922261,98.45604898208353,0.2872321204307582,150.00008423483592,525.0,0,0.2872321204307582,750.0,-0.004787202007179303,0.0
83460,921,[],"[0, 0, 0, 0, 0]",0.0,"[nan, nan, nan, nan, nan]",0,[],[],0,150.00008423978707,0.6672969017227571,100.58105017541037,0.0,150.00008423978707,525.0,0,0.0,750.0,0.0,0.0
83520,921,[],"[0, 0, 0, 0, 0]",0.0,"[nan, nan, nan, nan, nan]",0,[],[],0,150.00008423890142,0.6813950515237187,102.70605136880735,0.0,150.00008423890142,525.0,0,0.0,750.0,0.0,0.0
83580,921,[],"[0, 0, 0, 0, 0]",0.0,"[nan, nan, nan, nan, nan]",0,[],[],0,150.00008423759027,0.695493201324597,104.83105256219179,0.0,150.00008423759027,525.0,0,0.0,750.0,0.0,0.0
83640,921,[],"[0, 0, 0, 0, 0]",0.0,"[nan, nan, nan, nan, nan]",0,[],[],0,150.00008424144784,0.7095913511253521,106.95605375555765,0.0,150.00008424144784,525.0,0,0.0,750.0,0.0,0.0
83700,921,['rideHailVehicle-906978@GlobalRHM'],"[299.8151459934023, 0, 0, 0, 0]",299.8151459934023,"[1.0451127819548873, nan, nan, nan, nan]",1,[],[],0,-149.81506175783332,0.7236895009264699,109.08105494897816,0.0,150.000084235569,525.0,0,0.0,750.0,0.0,0.0
83760,921,['rideHailVehicle-906978@GlobalRHM'],"[299.7763650912427, 0, 0, 0, 0]",299.7763650912427,"[1.0509257855960161, nan, nan, nan, nan]",1,[],[],0,-149.7762808617859,0.7042005597782159,106.14350471843241,300.0,150.00008422945683,525.0,0,300.0,750.0,-2.0030809001099623,-472.0
83820,921,['rideHailVehicle-906978@GlobalRHM'],"[299.73759455458304, 0, 0, 0, 0]",299.73759455458304,"[1.0584507227744442, nan, nan, nan, nan]",1,[],[],0,-149.7375103168101,0.6847166635072385,103.20671489761308,300.0,150.00008423777294,525.0,0,300.0,750.0,-2.0068081485892524,-412.0
83880,921,['rideHailVehicle-906978@GlobalRHM'],"[299.69883358274626, 0, 0, 0, 0]",299.69883358274626,"[1.0685630081595296, nan, nan, nan, nan]",1,[],[],0,-149.69874936024175,0.6652378107670013,100.27068528355798,300.0,150.0000842225045,525.0,0,300.0,750.0,-2.0111815726795363,-352.0
83940,921,['rideHailVehicle-906978@GlobalRHM'],"[299.6600831587332, 0, 0, 0, 0]",299.6600831587332,"[1.0828575758753602, nan, nan, nan, nan]",1,[],[],0,-149.65999892119947,0.6457640003101802,97.33541568825912,300.0,150.0000842375337,525.0,0,300.0,750.0,-2.016201012967098,-292.0
84000,921,['rideHailVehicle-906978@GlobalRHM'],"[299.6213424650849, 0, 0, 0, 0]",299.6213424650849,"[1.1045792910511143, nan, nan, nan, nan]",1,[],[],0,-149.62125823077812,0.6262952307685857,94.4009059054905,300.0,150.0000842343068,525.0,0,300.0,750.0,-2.0218662936548775,-232.0
84060,921,['rideHailVehicle-906978@GlobalRHM'],"[299.58261186044814, 0, 0, 0, 0]",299.58261186044814,"[1.1415007385514042, nan, nan, nan, nan]",1,[],[],0,-149.58252762448274,0.6068315008740521,91.4671557441027,300.0,150.0000842359654,525.0,0,300.0,750.0,-2.0281772525701243,-172.0
84120,921,['rideHailVehicle-906978@GlobalRHM'],"[299.5438911337629, 0, 0, 0, 0]",299.5438911337629,"[1.2180500415959994, nan, nan, nan, nan]",1,[],[],0,-149.54380691151852,0.5873728093147691,88.53416500636774,300.0,150.00008422224437,525.0,0,300.0,750.0,-2.0351337215626657,-112.0
84180,921,['rideHailVehicle-906978@GlobalRHM'],"[299.50518056041045, 0, 0, 0, 0]",299.50518056041045,"[1.4714005083076804, nan, nan, nan, nan]",1,[],[],0,-149.50509633999158,0.5679191548037463,85.60193349829875,300.0,150.00008422041887,525.0,0,300.0,750.0,-2.0427355359999524,-52.0
84240,921,['rideHailVehicle-906978@GlobalRHM'],"[82.57316286709874, 0, 0, 0, 0]",82.57316286709874,"[inf, nan, nan, nan, nan]",1,[],[],0,67.42692135704904,0.5484705360217179,82.670461021044,83.05895159958652,150.00008422414777,525.0,0,83.05895159958652,750.0,-1.3843158599931087,0.0
84300,921,['rideHailVehicle-906978@GlobalRHM'],"[0.030781096416684625, 0, 0, 0, 0]",0.030781096416684625,"[inf, nan, nan, nan, nan]",1,[],[],0,149.96930312408728,0.5548078313820973,83.62567574026886,0.4857887324878618,150.00008422050396,525.0,0,0.4857887324878618,750.0,-0.008096478874797697,0.0
84360,921,['rideHailVehicle-906978@GlobalRHM'],"[0.028054839636748482, 0, 0, 0, 0]",0.028054839636748482,"[inf, nan, nan, nan, nan]",1,[],[],0,149.97202938251024,0.5689030881394824,85.7502408678601,0.45500763607137173,150.000084222147,525.0,0,0.45500763607137173,750.0,-0.007583460601189529,0.0
84420,921,['rideHailVehicle-906978@GlobalRHM'],"[0.02805452348172848, 0, 0, 0, 0]",0.02805452348172848,"[inf, nan, nan, nan, nan]",1,[],[],0,149.97202970083939,0.582998601131388,87.87484461744566,0.42695279643467643,150.0000842243211,525.0,0,0.42695279643467643,750.0,-0.0071158799405779405,0.0
84480,921,['rideHailVehicle-906978@GlobalRHM'],"[0.028054577590499986, 0, 0, 0, 0]",0.028054577590499986,"[inf, nan, nan, nan, nan]",1,[],[],0,149.9720296501996,0.5970941141532125,89.99944837154088,0.39889827295297664,150.0000842277901,525.0,0,0.39889827295297664,750.0,-0.006648304549216277,0.0
84540,921,['rideHailVehicle-906978@GlobalRHM'],"[0.02805469101647694, 0, 0, 0, 0]",0.02805469101647694,"[inf, nan, nan, nan, nan]",1,[],[],0,149.97202954254405,0.6111896271702775,92.1240521249187,0.37084369536245276,150.00008423356053,525.0,0,0.37084369536245276,750.0,-0.006180728256040879,0.0
84600,921,['rideHailVehicle-906978@GlobalRHM'],"[0.028054408328297954, 0, 0, 0, 0]",0.028054408328297954,"[inf, nan, nan, nan, nan]",1,[],[],0,149.9720298200687,0.6252851401772241,94.24865587677141,0.34278900434586035,150.00008422839701,525.0,0,0.34278900434586035,750.0,-0.005713150072431006,0.0
84660,921,['rideHailVehicle-906978@GlobalRHM'],"[0.0280549360415176, 0, 0, 0, 0]",0.0280549360415176,"[inf, nan, nan, nan, nan]",1,[],[],0,149.97202930208638,0.6393806532102547,96.37325963255572,0.3147345960177006,150.0000842381279,525.0,0,0.3147345960177006,750.0,-0.00524557660029501,0.0
84720,921,['rideHailVehicle-906978@GlobalRHM'],"[0.028054606814463534, 0, 0, 0, 0]",0.028054606814463534,"[inf, nan, nan, nan, nan]",1,[],[],0,149.9720296311831,0.6534761661946014,98.49786338100193,0.286679659975988,150.00008423799756,525.0,0,0.286679659975988,750.0,-0.004777994332933133,0.0
84780,921,[],"[0, 0, 0, 0, 0]",0.0,"[nan, nan, nan, nan, nan]",0,[],[],0,150.00008423980657,0.6675716792098791,100.62246713411037,0.25862505316169404,150.00008423980657,525.0,0,0.25862505316169404,750.0,-0.004310417552694901,0.0
84840,921,[],"[0, 0, 0, 0, 0]",0.0,"[nan, nan, nan, nan, nan]",0,[],[],0,150.00008423890972,0.6816698290108425,102.74746832750762,0.0,150.00008423890972,525.0,0,0.0,750.0,0.0,0.0
84900,921,[],"[0, 0, 0, 0, 0]",0.0,"[nan, nan, nan, nan, nan]",0,[],[],0,150.00008423744816,0.6957679788117216,104.87246952089217,0.0,150.00008423744816,525.0,0,0.0,750.0,0.0,0.0
84960,921,[],"[0, 0, 0, 0, 0]",0.0,"[nan, nan, nan, nan, nan]",0,[],[],0,150.00008423460628,0.7098661286124632,106.99747071425601,0.0,150.00008423460628,525.0,0,0.0,750.0,0.0,0.0
85020,921,[],"[0, 0, 0, 0, 0]",0.0,"[nan, nan, nan, nan, nan]",0,[],[],0,150.00008424226948,0.7239642784129379,109.1224719075796,0.0,150.00008424226948,525.0,0,0.0,750.0,0.0,0.0
85080,921,[],"[0, 0, 0, 0, 0]",0.0,"[nan, nan, nan, nan, nan]",0,[],[],0,150.00008424311326,0.7380624282141328,111.24747310101175,0.0,150.00008424311326,525.0,0,0.0,750.0,0.0,0.0
85140,921,[],"[0, 0, 0, 0, 0]",0.0,"[nan, nan, nan, nan, nan]",0,[],[],0,150.00008424108512,0.752160578015407,113.37247429445586,0.0,150.00008424108512,525.0,0,0.0,750.0,0.0,0.0
85200,921,[],"[0, 0, 0, 0, 0]",0.0,"[nan, nan, nan, nan, nan]",0,[],[],0,150.00008424276305,0.7662587278164906,115.49747548787123,0.0,150.00008424276305,525.0,0,0.0,750.0,0.0,0.0
85260,921,[],"[0, 0, 0, 0, 0]",0.0,"[nan, nan, nan, nan, nan]",0,[],[],0,150.00008424341468,0.7803568776177319,117.62247668131037,0.0,150.00008424341468,525.0,0,0.0,750.0,0.0,0.0
85320,921,[],"[0, 0, 0, 0, 0]",0.0,"[nan, nan, nan, nan, nan]",0,[],[],0,149.77929361721692,0.7944550274190344,119.74747787475874,0.0,149.77929361721692,525.0,0,0.0,750.0,0.0,0.0
85380,921,[],"[0, 0, 0, 0, 0]",0.0,"[nan, nan, nan, nan, nan]",0,[],[],0,149.27748287564677,0.8085324256365057,121.86935120100264,0.0,149.27748287564677,525.0,0,0.0,750.0,0.0,0.0
85440,921,[],"[0, 0, 0, 0, 0]",0.0,"[nan, nan, nan, nan, nan]",0,[],[],0,148.4962165506238,0.8225626598604218,123.98411554174098,0.0,148.4962165506238,525.0,0,0.0,750.0,0.0,0.0
85500,921,[],"[0, 0, 0, 0, 0]",0.0,"[nan, nan, nan, nan, nan]",0,[],[],0,147.43758093783907,0.8365194647276781,126.08781194287481,0.0,147.43758093783907,525.0,0,0.0,750.0,0.0,0.0
85560,921,[],"[0, 0, 0, 0, 0]",0.0,"[nan, nan, nan, nan, nan]",0,[],[],0,146.10417904163242,0.8503767709611216,128.17651100616087,0.0,146.10417904163242,525.0,0,0.0,750.0,0.0,0.0
85620,921,[],"[0, 0, 0, 0, 0]",0.0,"[nan, nan, nan, nan, nan]",0,[],[],0,144.4991245266068,0.8641087539337624,130.24632020925065,0.0,144.4991245266068,525.0,0,0.0,750.0,0.0,0.0
85680,921,[],"[0, 0, 0, 0, 0]",0.0,"[nan, nan, nan, nan, nan]",0,[],[],0,142.62603474610964,0.8776898816645131,132.29339114004426,0.0,142.62603474610964,525.0,0,0.0,750.0,0.0,0.0
85740,921,[],"[0, 0, 0, 0, 0]",0.0,"[nan, nan, nan, nan, nan]",0,[],[],0,140.48902280714935,0.891094962158691,134.3139266322808,0.0,140.48902280714935,525.0,0,0.0,750.0,0.0,0.0
85800,921,[],"[0, 0, 0, 0, 0]",0.0,"[nan, nan, nan, nan, nan]",0,[],[],0,138.09268878835053,0.9042991900027214,136.30418778871544,0.0,138.09268878835053,525.0,0,0.0,750.0,0.0,0.0
