,time,time_x,P_Grid,P_BTMS,E_BTMS,P_Charge,P_BTMS_Ch,P_BTMS_DCh,"param: btms size, a,b_sys,b_cap,b_loan,c"
0,60.0,60,27.82259979752521,27.82259979752521,307.4004744075384,0.0,27.822599851755403,-5.423019469916037e-08,352.3339686824822
1,120.0,120,27.822599761186222,27.822599761186222,307.7946279045344,0.0,27.822599815406143,-5.4219922080435724e-08,0.19726027397260273
2,180.0,180,27.822599724390706,27.822599724390706,308.1887814010157,0.0,27.82259977860025,-5.420954389595732e-08,0.04323985936321764
3,240.0,240,27.822599687144386,27.822599687144386,308.5829348969757,0.0,27.822599741343446,-5.4199059763902305e-08,0.023148148148148147
4,300.0,300,27.82259964945327,27.82259964945327,308.97708839240806,0.0,27.822599703641735,-5.418846933329877e-08,0.009341992564003648
5,360.0,360,27.82259961132364,27.82259961132364,309.3712418873065,0.0,27.822599665501414,-5.417777228506861e-08,0.12
6,420.0,420,27.822599572762044,27.822599572762044,309.7653953816648,0.0,27.822599626929016,-5.416696833306849e-08,0.0
7,480.0,480,27.822599533775307,27.822599533775307,310.15954887547684,0.0,27.822599587931357,-5.415605722509694e-08,0.0
8,540.0,540,27.822599494370465,27.822599494370465,310.5537023687366,0.0,27.8225995485155,-5.4145038743905255e-08,0.0
9,600.0,600,27.822599454554823,27.822599454554823,310.94785586143814,0.0,27.822599508688736,-5.413391270818108e-08,0.0
10,660.0,660,27.822599414335905,27.822599414335905,311.34200935357563,0.0,27.822599468458584,-5.412267897349629e-08,0.0
11,720.0,720,27.822599373721435,27.822599373721435,311.73616284514344,0.0,27.82259942783277,-5.4111337433247346e-08,0.0
12,780.0,780,27.822599332719346,27.822599332719346,312.1303163361359,0.0,27.822599386819235,-5.4099888019551425e-08,0.0
13,840.0,840,27.822599291337752,27.822599291337752,312.5244698265475,0.0,27.822599345426084,-5.4088330704097455e-08,0.0
14,900.0,900,27.822599249584936,27.822599249584936,312.91862331637293,0.0,27.8225993036616,-5.407666549898585e-08,0.0
15,960.0,960,27.82259920746932,27.82259920746932,313.31277680560675,0.0,27.82259926153421,-5.406489245748922e-08,0.0
16,1020.0,1020,27.82259916499947,27.82259916499947,313.70693029424405,0.0,27.82259921905248,-5.40530116747793e-08,0.0
17,1080.0,1080,27.822599122184055,27.822599122184055,314.1010837822797,0.0,27.822599176225076,-5.4041023288587055e-08,0.0
18,1140.0,1140,27.822599079031832,27.822599079031832,314.4952372697089,0.0,27.82259913306076,-5.40289274798233e-08,0.0
19,1200.0,1200,27.822599035551637,27.822599035551637,314.8893907565268,0.0,27.82259908956836,-5.401672447309309e-08,0.0
20,1260.0,1260,27.82259899175234,27.82259899175234,315.2835442427287,0.0,27.822599045756753,-5.400441453716308e-08,0.0
21,1320.0,1320,27.82259894764284,27.82259894764284,315.67769772831014,0.0,27.822599001634842,-5.399199798535079e-08,0.0
22,1380.0,1380,27.822598903232034,27.822598903232034,316.07185121326677,0.0,27.82259895721151,-5.397947517578794e-08,0.0
23,1440.0,1440,27.822598858528785,27.822598858528785,316.46600469759426,0.0,27.822598912495632,-5.396684651163672e-08,0.0
24,1500.0,1500,27.8225988135419,27.8225988135419,316.86015818128857,0.0,27.822598867496012,-5.395411244117065e-08,0.0
25,1560.0,1560,27.822598768280105,27.822598768280105,317.25431166434555,0.0,27.82259882222138,-5.394127345773603e-08,0.0
26,1620.0,1620,27.822598722752012,27.822598722752012,317.6484651467613,0.0,27.82259877668034,-5.392833009962409e-08,0.0
27,1680.0,1680,27.822598676966084,27.822598676966084,318.0426186285322,0.0,27.822598730881367,-5.3915282949807604e-08,0.0
28,1740.0,1740,27.82259863093062,27.82259863093062,318.4367721096544,0.0,27.822598684832755,-5.390213263548774e-08,0.0
29,1800.0,1800,27.822598584653715,27.822598584653715,318.8309255901244,0.0,27.822598638542594,-5.3888879827567394e-08,0.0
30,1860.0,1860,27.822598538143215,27.822598538143215,319.22507906993894,0.0,27.82259859201874,-5.387552523993846e-08,0.0
31,1920.0,1920,27.82259849140671,27.82259849140671,319.6192325490946,0.0,27.822598545268775,-5.3862069628556464e-08,0.0
32,1980.0,1980,27.82259844445148,27.82259844445148,320.01338602758824,0.0,27.822598498299993,-5.38485137903978e-08,0.0
33,2040.0,2040,27.82259839728447,27.82259839728447,320.4075395054167,0.0,27.82259845111933,-5.3834858562208033e-08,0.0
34,2100.0,2100,27.822598349912262,27.822598349912262,320.801692982577,0.0,27.822598403733366,-5.3821104819023754e-08,0.0
35,2160.0,2160,27.822598302341024,27.822598302341024,321.19584645906616,0.0,27.82259835614828,-5.380725347251187e-08,0.0
36,2220.0,2220,27.822598254576494,27.822598254576494,321.5899999348815,0.0,27.8225983083698,-5.379330546903909e-08,0.0
37,2280.0,2280,27.822598206623937,27.822598206623937,321.9841534100201,0.0,27.822598260403197,-5.37792617875599e-08,0.0
38,2340.0,2340,27.822598158488105,27.822598158488105,322.3783068844795,0.0,27.822598212253233,-5.3765123437188586e-08,0.0
39,2400.0,2400,27.82259811017322,27.82259811017322,322.77246035825704,0.0,27.822598163924113,-5.375089145454557e-08,0.0
40,2460.0,2460,27.822598061682925,27.822598061682925,323.16661383135005,0.0,27.822598115419492,-5.373656690078025e-08,0.0
41,2520.0,2520,27.82259801302025,27.82259801302025,323.56076730375617,0.0,27.8225980667424,-5.372215085834e-08,0.0
42,2580.0,2580,27.8225979641876,27.8225979641876,323.954920775473,0.0,27.82259801789525,-5.370764442737235e-08,0.0
43,2640.0,2640,27.82259791518671,27.82259791518671,324.34907424649805,0.0,27.822597968879755,-5.3693048721812234e-08,0.0
44,2700.0,2700,27.822597866018597,27.822597866018597,324.743227716829,0.0,27.82259791969696,-5.367836486513441e-08,0.0
45,2760.0,2760,27.822597816683572,27.822597816683572,325.1373811864635,0.0,27.822597870347167,-5.36635939856997e-08,0.0
46,2820.0,2820,27.822597767181186,27.822597767181186,325.5315346553989,0.0,27.82259782082992,-5.364873721170812e-08,0.0
47,2880.0,2880,27.822597717510202,27.822597717510202,325.9256881236332,0.0,27.822597771144,-5.3633795665780595e-08,0.0
48,2940.0,2940,27.822597667668592,27.822597667668592,326.3198415911638,0.0,27.822597721287362,-5.3618770459046996e-08,0.0
49,3000.0,3000,27.822597617653493,27.822597617653493,326.71399505798837,0.0,27.822597671257153,-5.3603662684792197e-08,0.0
50,3060.0,3060,27.8225975674612,27.8225975674612,327.10814852410454,0.0,27.822597621049677,-5.358847341163198e-08,0.0
51,3120.0,3120,27.822597517087164,27.822597517087164,327.5023019895096,0.0,27.822597570660367,-5.357320367615196e-08,0.0
52,3180.0,3180,27.82259746652595,27.82259746652595,327.896455454201,0.0,27.822597520083804,-5.3557854474992706e-08,0.0
53,3240.0,3240,27.822597415771252,27.822597415771252,328.2906089181762,0.0,27.82259746931368,-5.354242675639034e-08,0.0
54,3300.0,3300,27.822597364815877,27.822597364815877,328.68476238143245,0.0,27.8225974183428,-5.352692141108526e-08,0.0
55,3360.0,3360,27.82259731365174,27.82259731365174,329.07891584396685,0.0,27.822597367163077,-5.3511339262582e-08,0.0
56,3420.0,3420,27.822597262269884,27.822597262269884,329.47306930577645,0.0,27.822597315765567,-5.349568105673771e-08,0.0
57,3480.0,3480,27.822597210660472,27.822597210660472,329.8672227668582,0.0,27.822597264140416,-5.3479947450622765e-08,0.0
58,3540.0,3540,27.822597158812794,27.822597158812794,330.26137622720887,0.0,27.822597212276932,-5.346413900060658e-08,0.0
59,3600.0,3600,27.822597106715303,27.822597106715303,330.65552968682505,0.0,27.82259716016356,-5.344825614962337e-08,0.0
60,3660.0,3660,27.822597054355636,27.822597054355636,331.04968314570317,0.0,27.822597107787935,-5.3432299213568165e-08,0.0
61,3720.0,3720,27.822597001720624,27.822597001720624,331.44383660383966,0.0,27.822597055136892,-5.341626836677593e-08,0.0
62,3780.0,3780,27.822596948796356,27.822596948796356,331.8379900612305,0.0,27.822597002196517,-5.340016362648702e-08,0.0
63,3840.0,3840,27.822596895568193,27.822596895568193,332.23214351787163,0.0,27.822596948952175,-5.3383984836274456e-08,0.0
64,3900.0,3900,27.82259684202084,27.82259684202084,332.62629697375877,0.0,27.822596895388575,-5.336773164834189e-08,0.0
65,3960.0,3960,27.8225967881384,27.8225967881384,333.0204504288872,0.0,27.822596841489805,-5.335140350459627e-08,0.0
66,4020.0,4020,27.822596733904433,27.822596733904433,333.4146038832525,0.0,27.822596787239434,-5.333499961644819e-08,0.0
67,4080.0,4080,27.82259667930203,27.82259667930203,333.80875733684945,0.0,27.82259673262055,-5.331851894320834e-08,0.0
68,4140.0,4140,27.822596624313903,27.822596624313903,334.20291078967296,0.0,27.822596677615863,-5.3301960169006655e-08,0.0
69,4200.0,4200,27.822596568922467,27.822596568922467,334.5970642417174,0.0,27.82259662220779,-5.3285321678127924e-08,0.0
70,4260.0,4260,27.822596513109954,27.822596513109954,334.99121769297733,0.0,27.822596566378554,-5.326860152859643e-08,0.0
71,4320.0,4320,27.822596456858513,27.822596456858513,335.3853711434465,0.0,27.82259651011031,-5.325179742399467e-08,0.0
72,4380.0,4380,27.822596400150342,27.822596400150342,335.77952459311894,0.0,27.82259645338525,-5.323490668325278e-08,0.0
73,4440.0,4440,27.82259634296781,27.82259634296781,336.17367804198796,0.0,27.822596396185737,-5.3217926208394566e-08,0.0
74,4500.0,4500,27.822596285293617,27.822596285293617,336.56783149004696,0.0,27.82259633849447,-5.320085244998723e-08,0.0
75,4560.0,4560,27.82259622711093,27.82259622711093,336.9619849372889,0.0,27.822596280294615,-5.318368137025153e-08,0.0
76,4620.0,4620,27.822596168403585,27.82259616840359,337.3561383837067,0.0,27.822596221569995,-5.3166408403626306e-08,0.0
77,4680.0,4680,27.822596109156237,27.822596109156237,337.7502918292928,0.0,27.822596162305263,-5.314902841466727e-08,0.0
78,4740.0,4740,27.822596049354573,27.822596049354573,338.14444527403964,0.0,27.822596102486106,-5.313153565315383e-08,0.0
79,4800.0,4800,27.822595988985544,27.822595988985544,338.53859871793935,0.0,27.82259604209947,-5.3113923706371037e-08,0.0
80,4860.0,4860,27.822595928037575,27.822595928037575,338.93275216098385,0.0,27.82259598113376,-5.309618544841454e-08,0.0
81,4920.0,4920,27.822595866500833,27.822595866500833,339.326905603165,0.0,27.822595919579147,-5.3078312986691284e-08,0.0
82,4980.0,4980,27.822595804367513,27.822595804367513,339.7210590444743,0.0,27.82259585742781,-5.306029760561899e-08,0.0
83,5040.0,5040,27.822595741632128,27.822595741632128,340.11521248490357,0.0,27.82259579467426,-5.3042129707964395e-08,0.0
84,5100.0,5100,27.82259567829188,27.82259567829188,340.50936592444407,0.0,27.822595731315676,-5.3023798754303606e-08,0.0
85,5160.0,5160,27.822595614347026,27.822595614347026,340.90351936308736,0.0,27.82259566735232,-5.3005293201598554e-08,0.0
86,5220.0,5220,27.822595549801363,27.822595549801363,341.2976728008247,0.0,27.82259560278796,-5.298660044232257e-08,0.0
87,5280.0,5280,27.82259548466272,27.82259548466272,341.6918262376478,0.0,27.822595537630427,-5.2967706746475704e-08,0.0
88,5340.0,5340,27.822595418943653,27.822595418943653,342.0859796735481,0.0,27.82259547189225,-5.2948597209927614e-08,0.0
89,5400.0,5400,27.822595352662226,27.822595352662226,342.4801331085174,0.0,27.822595405591485,-5.2929255714401003e-08,0.0
90,5460.0,5460,27.822595285843086,27.822595285843086,342.8742865425478,0.0,27.82259533875275,-5.290966490691473e-08,0.0
91,5520.0,5520,27.822595218518842,27.822595218518842,343.26843997563157,0.0,27.822595271408648,-5.2889806210719043e-08,0.0
92,5580.0,5580,27.822595150732045,27.82259515073205,343.66259340776173,0.0,27.822595203601708,-5.286965988560395e-08,0.0
93,5640.0,5640,27.822595082537887,27.822595082537887,344.05674683893153,0.0,27.822595135387093,-5.284920516481017e-08,0.0
94,5700.0,5700,27.822595014008122,27.822595014008122,344.4509002691354,0.0,27.82259506683654,-5.2828420509850416e-08,0.0
95,5760.0,5760,27.82259494523673,27.82259494523673,344.84505369836836,0.0,27.822594998044014,-5.280728404628754e-08,0.0
96,5820.0,5820,27.82259487634812,27.82259487634812,345.23920712662726,0.0,27.822594929133896,-5.2785774276433154e-08,0.0
97,5880.0,5880,27.822594807508867,27.822594807508867,345.63336055391017,0.0,27.82259486027274,-5.276387121517478e-08,0.0
98,5940.0,5940,27.822594738944193,27.822594738944193,346.027513980218,0.0,27.822594791685752,-5.2741558169217696e-08,0.0
99,6000.0,6000,27.822594670960015,27.822594670960015,346.4216674055545,0.0,27.82259472367884,-5.271882448572539e-08,0.0
100,6060.0,6060,27.822594603970447,27.822594603970447,346.81582082992793,0.0,27.822594656666116,-5.2695669736136874e-08,0.0
101,6120.0,6120,27.8225945385272,27.822594538527202,347.2099742533524,0.0,27.82259459119931,-5.2672109959203206e-08,0.0
102,6180.0,6180,27.822594475340807,27.822594475340807,347.6041276758499,0.0,27.822594527988993,-5.264818670406214e-08,0.0
103,6240.0,6240,27.82259441527166,27.82259441527166,347.9982810974523,0.0,27.822594467895637,-5.2623979541795643e-08,0.0
104,6300.0,6300,27.822594359253216,27.822594359253216,348.39243451820374,0.0,27.82259441185284,-5.2599622201245585e-08,0.0
105,6360.0,6360,27.822594308099596,27.8225943080996,348.78658793816163,0.0,27.822594360674916,-5.257532135183898e-08,0.0
106,6420.0,6420,27.82259426216705,27.82259426216705,349.1807413573949,0.0,27.82259431471843,-5.255137598800964e-08,0.0
107,6480.0,6480,27.822594220907042,27.822594220907042,349.57489477597755,0.0,27.822594273435243,-5.252819787474845e-08,0.0
108,6540.0,6540,27.822594182428748,27.822594182428748,349.96904819397577,0.0,27.822594234935096,-5.250634834361723e-08,0.0
109,6600.0,6600,27.82259414307742,27.82259414307742,350.36320161142885,0.0,27.82259419556407,-5.2486647189222365e-08,0.0
110,6660.0,6660,27.822594096361346,27.822594096361346,350.7573550283246,0.0,27.82259414883184,-5.2470495770045224e-08,0.0
111,6720.0,6720,27.822594028934436,27.822594028934436,351.15150844455854,0.0,27.822594081395255,-5.246081982802401e-08,0.0
112,6780.0,6780,27.822593906238197,27.822593906238197,351.54566185983725,0.0,27.822593958703816,-5.246562073449493e-08,0.0
113,6840.0,6840,27.82259359310988,27.82259359310988,351.9398152733778,0.0,27.822593645633177,-5.252329828459766e-08,0.0
114,6900.0,6900,27.8226017537458,-272.1773982462542,352.3339686824822,300.0,5.0775327532775404e-08,-272.1773982970295,0.0
115,6960.0,6960,27.822601753775892,-272.1773982462241,347.79767871158435,300.0,5.0749088974902664e-08,-272.1773982969732,0.0
116,7020.0,7020,27.82260175379081,-272.1773982462092,343.2613887406871,300.0,5.073478426902571e-08,-272.177398296944,0.0
117,7080.0,7080,27.822601753799727,-272.17739824620026,338.7250987697902,300.0,5.0725222991972617e-08,-272.17739829692545,0.0
118,7140.0,7140,27.822601753805518,-272.17739824619446,334.1888087988933,300.0,5.07182119612939e-08,-272.1773982969127,0.0
119,7200.0,7200,27.822601753809455,-272.17739824619053,329.6525188279966,300.0,5.071278385816926e-08,-272.17739829690333,0.0
120,7260.0,7260,27.822601753812194,-272.1773982461878,325.11622885709994,300.0,5.070842597982232e-08,-272.17739829689623,0.0
121,7320.0,7320,27.822601753814126,-272.1773982461859,320.57993888620337,300.0,5.07048347843721e-08,-272.1773982968907,0.0
122,7380.0,7380,27.82260175381549,-272.1773982461845,316.04364891530685,300.0,5.0701816721925745e-08,-272.17739829688634,0.0
123,7440.0,7440,27.822601753816446,-272.17739824618354,311.5073589444104,300.0,5.0699241563079614e-08,-272.17739829688276,0.0
124,7500.0,7500,27.822601753817093,-272.177398246183,306.9710689735139,300.0,5.0697017990673624e-08,-272.17739829687997,0.0
125,7560.0,7560,27.82260175381751,-272.1773982461825,302.4347790026174,300.0,5.0695079817221147e-08,-272.1773982968776,0.0
126,7620.0,7620,27.822601753817743,-272.17739824618224,297.898489031721,300.0,5.069337773690276e-08,-272.1773982968756,0.0
127,7680.0,7680,27.82260168145377,-47.17739831854624,293.3621990608246,75.0,1.1697133567338781e-07,-47.17739843551757,0.0
128,7740.0,7740,27.822601462030953,27.822601462030953,292.5759090885564,0.0,27.822601512325328,-5.0294378082453716e-08,0.0
129,7800.0,7800,27.82260175381818,-272.17739824618184,292.9700626091427,300.0,5.068873156226264e-08,-272.1773982968706,0.0
130,7860.0,7860,27.822601753818258,-272.1773982461817,288.4337726382463,300.0,5.068730291100072e-08,-272.177398296869,0.0
131,7920.0,7920,27.822601753818233,-272.1773982461818,283.89748266734995,300.0,5.068603436084941e-08,-272.1773982968678,0.0
132,7980.0,7980,27.822601753818127,-272.1773982461819,279.3611926964535,300.0,5.068490454794318e-08,-272.1773982968667,0.0
133,8040.0,8040,27.822601753817956,-272.17739824618207,274.824902725557,300.0,5.06838962481399e-08,-272.177398296866,0.0
134,8100.0,8100,27.822601753817736,-272.1773982461823,270.2886127546606,300.0,5.0682995404680744e-08,-272.17739829686525,0.0
135,8160.0,8160,27.822601753817473,-272.1773982461825,265.7523227837642,300.0,5.068219042566618e-08,-272.1773982968648,0.0
136,8220.0,8220,27.822601753817185,-272.17739824618286,261.2160328128678,300.0,5.0681471667660814e-08,-272.17739829686434,0.0
137,8280.0,8280,27.822601753816866,-272.17739824618315,256.67974284197135,300.0,5.068083105016363e-08,-272.177398296864,0.0
138,8340.0,8340,27.82260175381653,-272.1773982461835,252.14345287107494,300.0,5.068026176388278e-08,-272.17739829686377,0.0
139,8400.0,8400,27.82260175381619,-272.1773982461838,247.60716290017854,300.0,5.067975804714609e-08,-272.17739829686354,0.0
140,8460.0,8460,27.82260175381584,-272.17739824618417,243.07087292928207,300.0,5.0679315012792287e-08,-272.1773982968635,0.0
141,8520.0,8520,27.822601753815484,-272.1773982461845,238.53458295838564,300.0,5.0678928512819174e-08,-272.1773982968635,0.0
142,8580.0,8580,27.82260175381513,-272.17739824618485,233.9982929874892,300.0,5.067859503184209e-08,-272.17739829686343,0.0
143,8640.0,8640,27.822601753814773,-272.17739824618525,229.46200301659275,300.0,5.0678311602709896e-08,-272.17739829686354,0.0
144,8700.0,8700,27.82260154240579,-32.177398457594215,224.92571304569628,60.0,8.711081732369388e-07,-32.177399328702386,0.0
145,8760.0,8760,27.82260175381408,-272.17739824618593,224.3894230692253,300.0,5.067783275294619e-08,-272.17739829686377,0.0
146,8820.0,8820,27.822601753813736,-272.17739824618627,219.85313309832884,300.0,5.0677635730167744e-08,-272.1773982968639,0.0
147,8880.0,8880,27.822601753813405,-272.17739824618656,215.31684312743235,300.0,5.0677482924584385e-08,-272.17739829686406,0.0
148,8940.0,8940,27.82260175381308,-272.17739824618695,210.78055315653586,300.0,5.06773729501356e-08,-272.17739829686434,0.0
149,9000.0,9000,27.822601753812762,-272.17739824618724,206.2442631856394,300.0,5.067730475460061e-08,-272.17739829686457,0.0
150,9060.0,9060,27.822601753812457,-272.1773982461876,201.70797321474294,300.0,5.067727759980679e-08,-272.17739829686485,0.0
151,9120.0,9120,27.822601753812155,-272.17739824618786,197.17168324384645,300.0,5.0677291047886506e-08,-272.17739829686514,0.0
152,9180.0,9180,27.822601753811867,-272.17739824618815,192.63539327294993,300.0,5.0677344953031214e-08,-272.1773982968655,0.0
153,9240.0,9240,27.822601753811586,-272.17739824618843,188.0991033020534,300.0,5.0677439458415543e-08,-272.1773982968659,0.0
154,9300.0,9300,27.82260175381132,-272.17739824618866,183.5628133311569,300.0,5.067757499825011e-08,-272.1773982968663,0.0
155,9360.0,9360,27.82260175381106,-272.17739824618894,179.02652336026037,300.0,5.067775230496764e-08,-272.1773982968667,0.0
156,9420.0,9420,27.8226017538108,-272.1773982461892,174.49023338936385,300.0,5.0677972421948725e-08,-272.1773982968672,0.0
157,9480.0,9480,27.82260175381055,-272.1773982461894,169.95394341846736,300.0,5.067823672235886e-08,-272.1773982968677,0.0
158,9540.0,9540,27.822601730371765,-42.17739826962853,165.41765344757084,70.00000000000028,7.599153680307692e-08,-42.17739834562007,0.0
159,9600.0,9600,27.822601460976443,27.822601460976443,164.71469680955371,0.0,27.82260151125494,-5.027850249466669e-08,0.0
160,9660.0,9660,27.822601460933793,27.822601460933793,165.1088503301252,0.0,27.82260151121268,-5.0278888711908984e-08,0.0
161,9720.0,9720,27.82260146089268,27.82260146089268,165.50300385069602,0.0,27.822601511171936,-5.027924902020071e-08,0.0
162,9780.0,9780,27.822601460853104,27.822601460853104,165.8971573712663,0.0,27.822601511132685,-5.0279583701490314e-08,0.0
163,9840.0,9840,27.82260146081504,27.82260146081504,166.29131089183602,0.0,27.822601511094934,-5.027989301453913e-08,0.0
164,9900.0,9900,27.822601460778476,27.822601460778476,166.6854644124052,0.0,27.822601511058657,-5.0280177195687756e-08,0.0
165,9960.0,9960,27.822601460743407,27.822601460743407,167.07961793297383,0.0,27.82260151102384,-5.0280436459507735e-08,0.0
166,10020.0,10020,27.822601460709816,27.822601460709816,167.47377145354199,0.0,27.82260151099049,-5.0280670999454137e-08,0.0
167,10080.0,10080,27.822601460677703,27.822601460677703,167.86792497410968,0.0,27.822601510958584,-5.028088098833386e-08,0.0
168,10140.0,10140,27.822601740434923,-122.17739825956508,168.2620784946769,150.0,5.135777310434219e-08,-122.17739831092284,0.0
169,10200.0,10200,27.822601740434084,-122.17739825956593,166.2257885235558,150.0,5.1358105083752017e-08,-122.17739831092403,0.0
170,10260.0,10260,27.822601740433214,-122.1773982595668,164.1894985524346,150.0,5.1358454047137094e-08,-122.17739831092524,0.0
171,10320.0,10320,27.822601740432308,-122.1773982595677,162.15320858131344,150.0,5.135882003484401e-08,-122.17739831092652,0.0
172,10380.0,10380,27.82260174043137,-122.17739825956862,160.11691861019224,150.0,5.1359203087369826e-08,-122.17739831092783,0.0
173,10440.0,10440,27.822601740430393,-122.17739825956961,158.08062863907102,150.0,5.135960324527929e-08,-122.17739831092922,0.0
174,10500.0,10500,27.822601740429384,-122.17739825957061,156.04433866794977,150.0,5.13600205491616e-08,-122.17739831093064,0.0
175,10560.0,10560,27.82260174042834,-122.17739825957167,154.00804869682852,150.0,5.136045503953637e-08,-122.17739831093213,0.0
176,10620.0,10620,27.82260174042726,-122.17739825957275,151.97175872570725,150.0,5.136090675676712e-08,-122.17739831093367,0.0
177,10680.0,10680,27.822601740426144,-122.17739825957388,149.93546875458597,150.0,5.136137574094656e-08,-122.17739831093526,0.0
178,10740.0,10740,27.82260174042499,-122.17739825957503,147.89917878346466,150.0,5.136186203176678e-08,-122.17739831093691,0.0
179,10800.0,10800,27.822601740423803,-122.17739825957621,145.86288881234336,150.0,5.1362365668383906e-08,-122.17739831093857,0.0
180,10860.0,10860,27.82260174042258,-122.17739825957744,143.82659884122202,150.0,5.136288668923091e-08,-122.17739831094032,0.0
181,10920.0,10920,27.822601740421323,-122.1773982595787,141.79030887010063,150.0,5.136342513184087e-08,-122.17739831094211,0.0
182,10980.0,10980,27.822601740420026,-122.17739825957997,139.75401889897924,150.0,5.1363981032624076e-08,-122.17739831094396,0.0
183,11040.0,11040,27.822601740418698,-122.1773982595813,137.71772892785782,150.0,5.1364554426642357e-08,-122.17739831094585,0.0
184,11100.0,11100,27.822601740417326,-122.17739825958267,135.6814389567364,150.0,5.1365145347311e-08,-122.17739831094781,0.0
185,11160.0,11160,27.822601740415926,-122.17739825958408,133.64514898561492,150.0,5.13657538261251e-08,-122.17739831094985,0.0
186,11220.0,11220,27.822601740414484,-122.17739825958554,131.60885901449342,150.0,5.136637989231256e-08,-122.17739831095192,0.0
187,11280.0,11280,27.82260174041301,-122.17739825958701,129.5725690433719,150.0,5.136702357245328e-08,-122.17739831095402,0.0
188,11340.0,11340,27.8226017404115,-122.1773982595885,127.53627907225038,150.0,5.136768489007947e-08,-122.17739831095618,0.0
189,11400.0,11400,27.822601740409947,-122.17739825959005,125.49998910112882,150.0,5.136836386518389e-08,-122.17739831095842,0.0
190,11460.0,11460,27.822601740408363,-122.17739825959164,123.4636991300072,150.0,5.1369060513728944e-08,-122.17739831096073,0.0
191,11520.0,11520,27.822601740406743,-122.17739825959328,121.42740915888558,150.0,5.136977484706089e-08,-122.17739831096304,0.0
192,11580.0,11580,27.82260174040508,-122.17739825959492,119.39111918776393,150.0,5.137050687127694e-08,-122.17739831096543,0.0
193,11640.0,11640,27.822601699663846,-44.67739830033631,117.35482921664224,72.50000000000014,1.5211424426801194e-07,-44.67739845245055,0.0
194,11700.0,11700,27.822601753804083,-272.17739824619593,116.61020591125636,300.0,5.068877794297765e-08,-272.17739829688475,0.0
195,11760.0,11760,27.822601753804,-272.177398246196,112.0739159403597,300.0,5.068926600691333e-08,-272.17739829688526,0.0
196,11820.0,11820,27.822601753803927,-272.1773982461961,107.53762596946304,300.0,5.0689810732005593e-08,-272.1773982968859,0.0
197,11880.0,11880,27.822601753803838,-272.1773982461962,103.00133599856638,300.0,5.0690416228357786e-08,-272.1773982968866,0.0
198,11940.0,11940,27.82260175380374,-272.1773982461963,98.4650460276697,300.0,5.0691087335397206e-08,-272.1773982968874,0.0
199,12000.0,12000,27.822601753803625,-272.1773982461964,93.92875605677304,300.0,5.069182975453097e-08,-272.1773982968882,0.0
200,12060.0,12060,27.82260175380349,-272.1773982461965,89.39246608587636,300.0,5.06926502185376e-08,-272.1773982968892,0.0
201,12120.0,12120,27.822601753803323,-272.17739824619673,84.8561761149797,300.0,5.0693556709871725e-08,-272.17739829689026,0.0
202,12180.0,12180,27.822601753803124,-272.1773982461969,80.31988614408301,300.0,5.069455874488818e-08,-272.17739829689145,0.0
203,12240.0,12240,27.82260175380287,-272.17739824619713,75.78359617318633,300.0,5.069566774842605e-08,-272.1773982968928,0.0
204,12300.0,12300,27.822601753802562,-272.17739824619747,71.24730620228962,300.0,5.069689755405905e-08,-272.17739829689435,0.0
205,12360.0,12360,27.82260175380217,-272.1773982461978,66.71101623139292,300.0,5.069826508230112e-08,-272.1773982968961,0.0
206,12420.0,12420,27.822601740702073,-192.1773982592978,62.174726260496215,219.99999999999983,5.075574071862e-08,-192.17739831005352,0.0
207,12480.0,12480,27.822601753801138,-272.1773982461989,58.971769622714355,300.0,5.070142070209124e-08,-272.1773982969003,0.0
208,12540.0,12540,27.822601753800445,-272.1773982461996,54.43547965181761,300.0,5.070325291070983e-08,-272.1773982969028,0.0
209,12600.0,12600,27.82260175379957,-272.1773982462005,49.899189680920855,300.0,5.070532655708167e-08,-272.1773982969058,0.0
210,12660.0,12660,27.822601753798452,-272.1773982462016,45.36289971002409,300.0,5.070769237441125e-08,-272.1773982969093,0.0
211,12720.0,12720,27.822601753797016,-272.17739824620304,40.826609739127285,300.0,5.0710418493211254e-08,-272.17739829691345,0.0
212,12780.0,12780,27.82260175379515,-272.17739824620486,36.29031976823046,300.0,5.071359892535986e-08,-272.17739829691845,0.0
213,12840.0,12840,27.822601753792696,-272.1773982462073,31.754029797333587,300.0,5.0717367725130994e-08,-272.1773982969247,0.0
214,12900.0,12900,27.822601753789392,-272.1773982462106,27.217739826436663,300.0,5.07219240406176e-08,-272.17739829693255,0.0
215,12960.0,12960,27.822601753784856,-272.17739824621515,22.68144985553968,300.0,5.072757997577952e-08,-272.1773982969428,0.0
216,13020.0,13020,27.822601753778386,-272.1773982462216,18.145159884642606,300.0,5.073486227592448e-08,-272.1773982969565,0.0
217,13080.0,13080,27.822601753768677,-272.17739824623135,13.6088699137454,300.0,5.074476438115405e-08,-272.1773982969761,0.0
218,13140.0,13140,27.82260175375276,-272.17739824624726,9.07257994284801,300.0,5.075954258467345e-08,-272.1773982970068,0.0
219,13200.0,13200,27.82260175372105,-272.177398246279,4.536289971950319,300.0,5.0786671169014097e-08,-272.1773982970657,0.0
220,13260.0,13260,27.822587805727753,2.8225878057274696,1.0520328046367169e-09,25.000000000000284,2.8225878554577255,-4.9730254795354704e-08,0.0
221,13320.0,13320,27.822595146738585,27.822595146738585,0.03998666150888139,0.0,27.82259519927966,-5.254107188574175e-08,0.0
222,13380.0,13380,27.822595179825655,27.822595179825655,0.434140092623039,0.0,27.82259523230959,-5.24839366309639e-08,0.0
223,13440.0,13440,27.82259517300138,27.82259517300138,0.8282935242060732,0.0,27.822595225486616,-5.2485232141169453e-08,0.0
224,13500.0,13500,27.822595161087754,27.822595161087754,1.2224469556924302,0.0,27.822595213592535,-5.250477951014254e-08,0.0
225,13560.0,13560,27.822595155901713,27.822595155901716,1.61660038700996,0.0,27.822595208434148,-5.2532431057269226e-08,0.0
226,13620.0,13620,27.82259516266703,27.822595162667035,2.0107538182539537,0.0,27.82259521523123,-5.256419761177533e-08,0.0
227,13680.0,13680,27.82259518358908,27.82259518358908,2.4049072495937156,0.0,27.822595236187148,-5.2598066701365065e-08,0.0
228,13740.0,13740,27.82259521857704,27.822595218577042,2.7990606812297805,0.0,27.822595271209913,-5.263287167148709e-08,0.0
229,13800.0,13800,27.82259526601089,27.822595266010893,3.1932141133614267,0.0,27.822595318678804,-5.266790902449013e-08,0.0
230,13860.0,13860,27.82259532365755,27.82259532365755,3.5873675461649612,0.0,27.822595376360315,-5.2702765754438316e-08,0.0
231,13920.0,13920,27.82259538932212,27.82259538932212,3.9815209797850724,0.0,27.822595442059338,-5.273721550731905e-08,0.0
232,13980.0,13980,27.82259546113529,27.82259546113529,4.375674414335343,0.0,27.82259551390644,-5.277114860517449e-08,0.0
233,14040.0,14040,27.822595537600286,27.82259553760029,4.769827849902886,0.0,27.822595590404816,-5.280452511657283e-08,0.0
234,14100.0,14100,27.822595617538575,27.82259561753858,5.163981286553601,0.0,27.822595670375925,-5.2837344511860894e-08,0.0
235,14160.0,14160,27.822595700015537,27.82259570001554,5.558134724336689,0.0,27.822595752885167,-5.28696267631659e-08,0.0
236,14220.0,14220,27.82259578427808,27.82259578427808,5.952288163288121,0.0,27.82259583717948,-5.290140097479238e-08,0.0
237,14280.0,14280,27.822595869710316,27.822595869710316,6.346441603433187,0.0,27.822595922643018,-5.2932698793795144e-08,0.0
238,14340.0,14340,27.82259595580411,27.822595955804115,6.740595044788473,0.0,27.822596008767665,-5.296355077730584e-08,0.0
239,14400.0,14400,27.82259604213948,27.822596042139484,7.13474848736334,0.0,27.82259609513347,-5.2993984550792815e-08,0.0
240,14460.0,14460,27.822596128370886,27.82259612837089,7.528901931161216,0.0,27.822596181394914,-5.302402402834007e-08,0.0
241,14520.0,14520,27.822596214216748,27.822596214216748,7.923055376180626,0.0,27.82259626727044,-5.3053689245509777e-08,0.0
242,14580.0,14580,27.82259629945074,27.82259629945074,8.317208822416115,0.0,27.822596352533736,-5.308299653046971e-08,0.0
243,14640.0,14640,27.822596383894073,27.822596383894073,8.711362269859011,0.0,27.822596437006034,-5.31119588477122e-08,0.0
244,14700.0,14700,27.822596467408488,27.822596467408488,9.105515718498118,0.0,27.822596520549077,-5.3140586215684585e-08,0.0
245,14760.0,14760,27.822596549889838,27.82259654988984,9.499669168320267,0.0,27.822596603058727,-5.316888614072706e-08,0.0
246,14820.0,14820,27.82259663126228,27.822596631262282,9.893822619310843,0.0,27.822596684459146,-5.319686403512157e-08,0.0
247,14880.0,14880,27.822596711473047,27.822596711473047,10.287976071454114,0.0,27.822596764697575,-5.322452360230273e-08,0.0
248,14940.0,14940,27.822596790487864,27.822596790487864,10.682129524733638,0.0,27.82259684373973,-5.325186718167887e-08,0.0
249,15000.0,15000,27.822596868286972,27.822596868286972,11.076282979132474,0.0,27.82259692156587,-5.327889605090055e-08,0.0
250,15060.0,15060,27.822596944861754,27.822596944861758,11.470436434633394,0.0,27.822596998167366,-5.3305610686729145e-08,0.0
251,15120.0,15120,27.822597020211887,27.822597020211887,11.86458989121906,0.0,27.822597073543896,-5.333201098714154e-08,0.0
252,15180.0,15180,27.822597094342992,27.822597094342996,12.258743348872118,0.0,27.822597147701096,-5.335809645828365e-08,0.0
253,15240.0,15240,27.82259716726479,27.82259716726479,12.652896807575297,0.0,27.82259722064866,-5.338386637009335e-08,0.0
254,15300.0,15300,27.822597238989548,27.822597238989548,13.047050267311475,0.0,27.82259729239887,-5.340931988443994e-08,0.0
255,15360.0,15360,27.822597309530934,27.822597309530938,13.441203728063687,0.0,27.822597362965393,-5.343445615920373e-08,0.0
256,15420.0,15420,27.822597378903144,27.822597378903144,13.835357189815173,0.0,27.822597432362418,-5.345927443178748e-08,0.0
257,15480.0,15480,27.822597447120227,27.822597447120227,14.229510652549374,0.0,27.822597500604004,-5.3483774084888165e-08,0.0
258,15540.0,15540,27.822597514195646,27.82259751419565,14.623664116249918,0.0,27.822597567703603,-5.3507954697185464e-08,0.0
259,15600.0,15600,27.82259758014197,27.822597580141974,15.017817580900639,0.0,27.82259763367379,-5.353181608128485e-08,0.0
260,15660.0,15660,27.822597644970696,27.8225976449707,15.411971046485535,0.0,27.822597698526057,-5.355535831092092e-08,0.0
261,15720.0,15720,27.82259770869217,27.82259770869217,15.806124512988784,0.0,27.822597762270757,-5.35785817391447e-08,0.0
262,15780.0,15780,27.82259777131559,27.82259777131559,16.2002779803947,0.0,27.82259782491708,-5.360148700905769e-08,0.0
263,15840.0,15840,27.82259783284904,27.82259783284904,16.59443144868771,0.0,27.822597886473115,-5.3624075058376344e-08,0.0
264,15900.0,15900,27.822597893299598,27.822597893299598,16.9885849178524,0.0,27.822597946945947,-5.3646347118947756e-08,0.0
265,15960.0,15960,27.822597952673437,27.822597952673437,17.38273838787341,0.0,27.822598006341742,-5.3668304712147634e-08,0.0
266,16020.0,16020,27.822598010975973,27.822598010975973,17.7768918587355,0.0,27.822598064665925,-5.368994964108009e-08,0.0
267,16080.0,16080,27.822598068211995,27.822598068212,18.171045330423485,0.0,27.822598121923285,-5.3711283980123765e-08,0.0
268,16140.0,16140,27.822598124385824,27.822598124385824,18.565198802922257,0.0,27.822598178118135,-5.3732310062569113e-08,0.0
269,16200.0,16200,27.822598179501423,27.822598179501423,18.959352276216773,0.0,27.822598233254457,-5.375303046674165e-08,0.0
270,16260.0,16260,27.82259823356258,27.82259823356258,19.353505750292047,0.0,27.82259828733603,-5.377344800108615e-08,0.0
271,16320.0,16320,27.822598286573,27.822598286573,19.747659225133134,0.0,27.822598340366568,-5.379356568853993e-08,0.0
272,16380.0,16380,27.822598338536437,27.822598338536437,20.14181270072515,0.0,27.822598392349825,-5.3813386750521534e-08,0.0
273,16440.0,16440,27.822598389456783,27.822598389456783,20.535966177053268,0.0,27.8225984432897,-5.383291459072574e-08,0.0
274,16500.0,16500,27.82259843933819,27.82259843933819,20.930119654102704,0.0,27.822598493190345,-5.385215277899372e-08,0.0
275,16560.0,16560,27.822598488185122,27.822598488185122,21.324273131858746,0.0,27.822598542056227,-5.387110503536851e-08,0.0
276,16620.0,16620,27.822598536002445,27.822598536002445,21.71842661030674,0.0,27.82259858989222,-5.388977521448241e-08,0.0
277,16680.0,16680,27.822598582795464,27.822598582795468,22.112580089432104,0.0,27.822598636703635,-5.3908167290388205e-08,0.0
278,16740.0,16740,27.82259862857,27.82259862857,22.506733569220316,0.0,27.822598682496285,-5.392628534194052e-08,0.0
279,16800.0,16800,27.82259867333237,27.82259867333237,22.900887049656955,0.0,27.822598727276507,-5.3944133538689664e-08,0.0
280,16860.0,16860,27.822598717089488,27.822598717089488,23.295040530727686,0.0,27.822598771051204,-5.396171612749292e-08,0.0
281,16920.0,16920,27.822598759848812,27.822598759848812,23.689194012418266,0.0,27.82259881382785,-5.397903741972112e-08,0.0
282,16980.0,16980,27.822598801618387,27.822598801618387,24.083347494714555,0.0,27.82259885561449,-5.399610177916484e-08,0.0
283,17040.0,17040,27.82259884240685,27.82259884240685,24.477500977602546,0.0,27.822598896419766,-5.4012913610629814e-08,0.0
284,17100.0,17100,27.822598882223403,27.822598882223403,24.871654461068328,0.0,27.822598936252884,-5.4029477349208527e-08,0.0
285,17160.0,17160,27.822598921077816,27.822598921077816,25.265807945098132,0.0,27.822598975123615,-5.4045797450262675e-08,0.0
286,17220.0,17220,27.82259895898041,27.82259895898041,25.659961429678336,0.0,27.822599013042293,-5.4061878380045074e-08,0.0
287,17280.0,17280,27.822598995942034,27.822598995942034,26.054114914795456,0.0,27.82259905001976,-5.4077724606983566e-08,0.0
288,17340.0,17340,27.82259903197404,27.82259903197404,26.448268400436156,0.0,27.82259908606738,-5.409334059364761e-08,0.0
289,17400.0,17400,27.822599067088255,27.822599067088255,26.84242188658727,0.0,27.822599121196987,-5.4108730789242455e-08,0.0
290,17460.0,17460,27.822599101296955,27.82259910129696,27.236575373235798,0.0,27.822599155420857,-5.412389962280755e-08,0.0
291,17520.0,17520,27.822599134612847,27.822599134612847,27.630728860368908,0.0,27.8225991887517,-5.413885149688241e-08,0.0
292,17580.0,17580,27.822599167049006,27.822599167049006,28.024882347973957,0.0,27.822599221202598,-5.4153590781776084e-08,0.0
293,17640.0,17640,27.82259919861886,27.82259919861886,28.419035836038482,0.0,27.822599252786983,-5.416812181034074e-08,0.0
294,17700.0,17700,27.822599229336163,27.822599229336163,28.813189324550212,0.0,27.822599283518613,-5.418244887321157e-08,0.0
295,17760.0,17760,27.82259925921495,27.82259925921495,29.207342813497068,0.0,27.82259931341153,-5.4196576214543324e-08,0.0
296,17820.0,17820,27.822599288269508,27.822599288269508,29.60149630286717,0.0,27.822599342480018,-5.421050802817831e-08,0.0
297,17880.0,17880,27.822599316514335,27.822599316514335,29.995649792648837,0.0,27.822599370738587,-5.42242484541822e-08,0.0
298,17940.0,17940,27.822599343964118,27.822599343964118,30.38980328283061,0.0,27.822599398201923,-5.4237801575849954e-08,0.0
299,18000.0,18000,27.822599370633693,27.822599370633693,30.78395677340122,0.0,27.822599424884867,-5.4251171416979734e-08,0.0
300,18060.0,18060,27.822599396538013,27.822599396538013,31.178110264349616,0.0,27.822599450802375,-5.426436193956531e-08,0.0
301,18120.0,18120,27.822599421692132,27.822599421692132,31.572263755664956,0.0,27.822599475969508,-5.427737704174419e-08,0.0
302,18180.0,18180,27.822599446111152,27.822599446111155,31.96641724733661,0.0,27.822599500401378,-5.429022055608433e-08,0.0
303,18240.0,18240,27.82259946981022,27.822599469810225,32.36057073935417,0.0,27.822599524113123,-5.4302896248127535e-08,0.0
304,18300.0,18300,27.822599492804486,27.82259949280449,32.75472423170744,0.0,27.822599547119896,-5.431540781516888e-08,0.0
305,18360.0,18360,27.82259951510908,27.82259951510908,33.14887772438642,0.0,27.82259956943684,-5.432775888530318e-08,0.0
306,18420.0,18420,27.822599536739094,27.822599536739094,33.54303121738136,0.0,27.822599591079047,-5.433995301666803e-08,0.0
307,18480.0,18480,27.822599557709555,27.822599557709555,33.9371847106827,0.0,27.82259961206155,-5.4351993696879606e-08,0.0
308,18540.0,18540,27.822599578035412,27.822599578035412,34.33133820428108,0.0,27.822599632399296,-5.436388434267435e-08,0.0
309,18600.0,18600,27.8225995977315,27.822599597731504,34.72549169816739,0.0,27.82259965210713,-5.437562829972377e-08,0.0
310,18660.0,18660,27.82259961681255,27.82259961681255,35.11964519233269,0.0,27.82259967119978,-5.4387228842562005e-08,0.0
311,18720.0,18720,27.822599635293145,27.822599635293145,35.51379868676828,0.0,27.822599689691835,-5.4398689174694914e-08,0.0
312,18780.0,18780,27.822599653187712,27.822599653187712,35.90795218146565,0.0,27.82259970759773,-5.441001242882763e-08,0.0
313,18840.0,18840,27.82259967051053,27.82259967051053,36.302105676416495,0.0,27.822599724931734,-5.442120166719934e-08,0.0
314,18900.0,18900,27.822599687275687,27.82259968727569,36.69625917161272,0.0,27.82259974170795,-5.443225988204405e-08,0.0
315,18960.0,18960,27.822599703497087,27.822599703497087,37.09041266704643,0.0,27.822599757940278,-5.444318999612187e-08,0.0
316,19020.0,19020,27.82259971918843,27.82259971918843,37.48456616270991,0.0,27.822599773642423,-5.445399486334436e-08,0.0
317,19080.0,19080,27.82259973436322,27.82259973436322,37.87871965859565,0.0,27.822599788827898,-5.4464677269502363e-08,0.0
318,19140.0,19140,27.822599749034737,27.822599749034737,38.27287315469634,0.0,27.822599803509977,-5.4475239933030485e-08,0.0
319,19200.0,19200,27.822599763216044,27.822599763216047,38.66702665100485,0.0,27.822599817701732,-5.4485685505838406e-08,0.0
320,19260.0,19260,27.822599776919976,27.822599776919976,39.06118014751424,0.0,27.822599831415996,-5.449601657421731e-08,0.0
321,19320.0,19320,27.82259979015914,27.822599790159142,39.455333644217745,0.0,27.82259984466538,-5.45062356597709e-08,0.0
322,19380.0,19380,27.822599802945902,27.822599802945902,39.849487141108774,0.0,27.822599857462247,-5.4516345220394265e-08,0.0
323,19440.0,19440,27.822599815292396,27.822599815292396,40.24364063818093,0.0,27.822599869818742,-5.4526347651307307e-08,0.0
324,19500.0,19500,27.822599827210507,27.822599827210507,40.63779413542797,0.0,27.82259988174675,-5.453624528607601e-08,0.0
325,19560.0,19560,27.822599838711884,27.822599838711884,41.03194763284382,0.0,27.82259989325793,-5.454604039770412e-08,0.0
326,19620.0,19620,27.822599849807943,27.822599849807943,41.42610113042258,0.0,27.822599904363678,-5.45557351997306e-08,0.0
327,19680.0,19680,27.82259986050984,27.82259986050984,41.82025462815851,0.0,27.82259991507517,-5.456533184732508e-08,0.0
328,19740.0,19740,27.822599870828498,27.822599870828498,42.21440812604603,0.0,27.822599925403328,-5.4574832438421014e-08,0.0
329,19800.0,19800,27.822599880774593,27.822599880774593,42.608561624079705,0.0,27.822599935358834,-5.458423901485629e-08,0.0
330,19860.0,19860,27.82259989035857,27.82259989035857,43.00271512225426,0.0,27.822599944952124,-5.459355356350451e-08,0.0
331,19920.0,19920,27.82259989959064,27.82259989959064,43.39686862056457,0.0,27.822599954193418,-5.4602778017436264e-08,0.0
332,19980.0,19980,27.82259990848075,27.82259990848075,43.79102211900563,0.0,27.822599963092667,-5.461191425704668e-08,0.0
333,20040.0,20040,27.82259991703865,27.822599917038655,44.18517561757262,0.0,27.82259997165962,-5.462096411120916e-08,0.0
334,20100.0,20100,27.822599925273845,27.822599925273845,44.57932911626083,0.0,27.822599979903774,-5.4629929358433943e-08,0.0
335,20160.0,20160,27.8225999331956,27.8225999331956,44.97348261506568,0.0,27.822599987834412,-5.4638811727972983e-08,0.0
336,20220.0,20220,27.822599940812974,27.822599940812978,45.367636113982726,0.0,27.82259999546059,-5.4647612900985064e-08,0.0
337,20280.0,20280,27.822599948134805,27.82259994813481,45.76178961300767,0.0,27.822600002791138,-5.4656334511636915e-08,0.0
338,20340.0,20340,27.822599955169707,27.822599955169707,46.155943112136306,0.0,27.822600009834684,-5.4664978148218503e-08,0.0
339,20400.0,20400,27.822599961926084,27.822599961926084,46.5500966113646,0.0,27.822600016599633,-5.4673545354246034e-08,0.0
340,20460.0,20460,27.822599968412142,27.822599968412145,46.94425011068858,0.0,27.822600023094182,-5.4682037629558404e-08,0.0
341,20520.0,20520,27.822599974635875,27.822599974635875,47.33840361010442,0.0,27.82260002932633,-5.469045643137604e-08,0.0
342,20580.0,20580,27.82259998060508,27.82259998060508,47.7325571096084,0.0,27.82260003530389,-5.4698803175374776e-08,0.0
343,20640.0,20640,27.82259998632736,27.822599986327365,48.126710609196934,0.0,27.822600041034445,-5.470707923673245e-08,0.0
344,20700.0,20700,27.822599991810137,27.82259999181014,48.52086410886652,0.0,27.822600046525427,-5.471528595113603e-08,0.0
345,20760.0,20760,27.822599997060635,27.822599997060635,48.915017608613745,0.0,27.82260005178406,-5.4723424615834804e-08,0.0
346,20820.0,20820,27.822600002085906,27.822600002085906,49.309171108435336,0.0,27.822600056817404,-5.473149649059764e-08,0.0
347,20880.0,20880,27.82260000689282,27.822600006892827,49.703324608328096,0.0,27.822600061632325,-5.473950279873046e-08,0.0
348,20940.0,20940,27.822600011488092,27.822600011488092,50.09747810828893,0.0,27.822600066235537,-5.4747444727995896e-08,0.0
349,21000.0,21000,27.822600015878255,27.822600015878255,50.491631608314854,0.0,27.822600070633577,-5.475532343159501e-08,0.0
350,21060.0,21060,27.822600020069682,27.822600020069682,50.88578510840295,0.0,27.822600074832824,-5.476314002907096e-08,0.0
351,21120.0,21120,27.8226000240686,27.8226000240686,51.2799386085504,0.0,27.822600078839496,-5.477089560722776e-08,0.0
352,21180.0,21180,27.822600027881077,27.822600027881077,51.674092108754486,0.0,27.82260008265967,-5.477859122101602e-08,0.0
353,21240.0,21240,27.82260003151303,27.82260003151303,52.06824560901256,0.0,27.82260008629926,-5.4786227894400957e-08,0.0
354,21300.0,21300,27.82260003497024,27.82260003497024,52.46239910932207,0.0,27.822600089764048,-5.479380662121901e-08,0.0
355,21360.0,21360,27.82260003825834,27.82260003825834,52.85655260968054,0.0,27.82260009305967,-5.4801328366005366e-08,0.0
356,21420.0,21420,27.82260004138284,27.82260004138284,53.25070611008556,0.0,27.822600096191636,-5.4808794064835566e-08,0.0
357,21480.0,21480,27.822600044349116,27.822600044349116,53.64485961053483,0.0,27.822600099165317,-5.4816204626070246e-08,0.0
358,21540.0,21540,27.822600047162403,27.822600047162403,54.03901311102611,0.0,27.822600101985966,-5.48235609311949e-08,0.0
359,21600.0,21600,27.822600049827837,27.822600049827837,54.433166611557226,0.0,27.8226001046587,-5.483086383553922e-08,0.0
360,21660.0,21660,27.822600052350417,27.822600052350417,54.82732011212608,0.0,27.822600107188535,-5.483811416904349e-08,0.0
361,21720.0,21720,27.822600054735044,27.822600054735044,55.22147361273065,0.0,27.82260010958036,-5.4845312736960095e-08,0.0
362,21780.0,21780,27.82260005698649,27.82260005698649,55.61562711336899,0.0,27.822600111838952,-5.4852460320589776e-08,0.0
363,21840.0,21840,27.822600059109437,27.822600059109437,56.009780614039194,0.0,27.822600113968992,-5.48595576779531e-08,0.0
364,21900.0,21900,27.822600061108442,27.822600061108442,56.40393411473948,0.0,27.82260011597505,-5.4866605544473103e-08,0.0
365,21960.0,21960,27.822600062987984,27.822600062987988,56.79808761546804,0.0,27.822600117861594,-5.4873604633626025e-08,0.0
366,22020.0,22020,27.822600064752436,27.822600064752436,57.19224111622322,0.0,27.822600119632995,-5.4880555637589215e-08,0.0
367,22080.0,22080,27.822600066406075,27.822600066406075,57.58639461700339,0.0,27.82260012129353,-5.488745922785707e-08,0.0
368,22140.0,22140,27.82260006795308,27.82260006795308,57.98054811780696,0.0,27.822600122847398,-5.4894316055858815e-08,0.0
369,22200.0,22200,27.82260006939756,27.82260006939756,58.374701618632436,0.0,27.82260012429869,-5.490112675353684e-08,0.0
370,22260.0,22260,27.82260007074353,27.82260007074353,58.768855119478346,0.0,27.822600125651423,-5.490789193393817e-08,0.0
371,22320.0,22320,27.822600071994916,27.822600071994916,59.16300862034331,0.0,27.822600126909528,-5.491461219177022e-08,0.0
372,22380.0,22380,27.822600073155577,27.822600073155577,59.557162121225986,0.0,27.822600128076868,-5.492128810394618e-08,0.0
373,22440.0,22440,27.822600074229285,27.822600074229285,59.95131562212509,0.0,27.822600129157205,-5.4927920230116334e-08,0.0
374,22500.0,22500,27.822600075219743,27.822600075219746,60.345469123039386,0.0,27.82260013015425,-5.493450911318994e-08,0.0
375,22560.0,22560,27.82260007613058,27.82260007613058,60.739622623967705,0.0,27.822600131071635,-5.4941055279831724e-08,0.0
376,22620.0,22620,27.822600076965355,27.822600076965355,61.1337761249089,0.0,27.822600131912917,-5.4947559240965936e-08,0.0
377,22680.0,22680,27.822600077727557,27.822600077727557,61.52792962586191,0.0,27.822600132681583,-5.495402149223709e-08,0.0
378,22740.0,22740,27.82260007842062,27.82260007842062,61.9220831268257,0.0,27.822600133381062,-5.49604425144858e-08,0.0
379,22800.0,22800,27.8226000790479,27.8226000790479,62.3162366277993,0.0,27.822600134014724,-5.4966822774187917e-08,0.0
380,22860.0,22860,27.822600079612695,27.822600079612695,62.710390128781754,0.0,27.822600134585862,-5.497316272390495e-08,0.0
381,22920.0,22920,27.822600080118256,27.822600080118256,63.1045436297722,0.0,27.822600135097716,-5.497946280270348e-08,0.0
382,22980.0,22980,27.822600080567753,27.822600080567753,63.498697130769806,0.0,27.82260013555348,-5.498572343657076e-08,0.0
383,23040.0,23040,27.82260008096432,27.82260008096432,63.89285063177375,0.0,27.822600135956264,-5.499194503880971e-08,0.0
384,23100.0,23100,27.822600081311023,27.82260008131103,64.28700413278331,0.0,27.822600136309156,-5.4998128010433806e-08,0.0
385,23160.0,23160,27.822600081610886,27.82260008161089,64.68115763379775,0.0,27.822600136615165,-5.500427274057054e-08,0.0
386,23220.0,23220,27.82260008186687,27.82260008186687,65.07531113481643,0.0,27.822600136877256,-5.501037960677735e-08,0.0
387,23280.0,23280,27.82260008208189,27.82260008208189,65.46946463583872,0.0,27.822600137098345,-5.501644897545914e-08,0.0
388,23340.0,23340,27.822600082258816,27.822600082258816,65.86361813686403,0.0,27.822600137281302,-5.5022481202169194e-08,0.0
389,23400.0,23400,27.82260008240046,27.82260008240046,66.25777163789184,0.0,27.822600137428935,-5.502847663198061e-08,0.0
390,23460.0,23460,27.822600082509588,27.822600082509588,66.65192513892165,0.0,27.822600137544026,-5.5034435599785325e-08,0.0
391,23520.0,23520,27.82260008258893,27.82260008258893,67.04607863995298,0.0,27.82260013762929,-5.504035843063926e-08,0.0
392,23580.0,23580,27.822600082641166,27.822600082641166,67.44023214098543,0.0,27.822600137687413,-5.504624544005471e-08,0.0
393,23640.0,23640,27.822600082668927,27.822600082668927,67.83438564201859,0.0,27.822600137721025,-5.5052096934305054e-08,0.0
394,23700.0,23700,27.822600082674807,27.822600082674807,68.22853914305215,0.0,27.82260013773272,-5.505791321072002e-08,0.0
395,23760.0,23760,27.822600082661353,27.822600082661353,68.62269264408575,0.0,27.822600137725047,-5.5063694557953676e-08,0.0
396,23820.0,23820,27.822600082631077,27.822600082631077,69.01684614511916,0.0,27.82260013770052,-5.5069441256289115e-08,0.0
397,23880.0,23880,27.822600082586444,27.822600082586444,69.41099964615212,0.0,27.822600137661595,-5.507515357786131e-08,0.0
398,23940.0,23940,27.822600082529878,27.822600082529878,69.80515314718444,0.0,27.82260013761071,-5.508083178696178e-08,0.0
399,24000.0,24000,27.82260008246377,27.82260008246377,70.19930664821595,0.0,27.822600137550246,-5.508647614025394e-08,0.0
400,24060.0,24060,27.82260008239047,27.82260008239047,70.5934601492465,0.0,27.822600137482556,-5.509208688703545e-08,0.0
401,24120.0,24120,27.822600082312285,27.822600082312285,70.987613650276,0.0,27.82260013740995,-5.5097664269461106e-08,0.0
402,24180.0,24180,27.822600082231492,27.822600082231492,71.38176715130437,0.0,27.8226001373347,-5.5103208522778816e-08,0.0
403,24240.0,24240,27.822600082150323,27.822600082150323,71.77592065233159,0.0,27.822600137259045,-5.5108719875560025e-08,0.0
404,24300.0,24300,27.82260008207098,27.82260008207098,72.17007415335766,0.0,27.82260013718518,-5.511419854989624e-08,0.0
405,24360.0,24360,27.822600081995624,27.822600081995624,72.56422765438258,0.0,27.82260013711527,-5.511964476162001e-08,0.0
406,24420.0,24420,27.822600081926385,27.822600081926385,72.95838115540641,0.0,27.82260013705144,-5.512505872050521e-08,0.0
407,24480.0,24480,27.822600081865346,27.822600081865346,73.35253465642926,0.0,27.82260013699579,-5.5130440630457944e-08,0.0
408,24540.0,24540,27.822600081814574,27.822600081814574,73.74668815745122,0.0,27.822600136950363,-5.513579068971496e-08,0.0
409,24600.0,24600,27.822600081776077,27.822600081776077,74.14084165847247,0.0,27.82260013691719,-5.5141109091025114e-08,0.0
410,24660.0,24660,27.822600081751855,27.822600081751855,74.53499515949314,0.0,27.82260013689825,-5.5146396021821504e-08,0.0
411,24720.0,24720,27.822600081743847,27.822600081743847,74.92914866051345,0.0,27.8226001368955,-5.5151651664400085e-08,0.0
412,24780.0,24780,27.82260008175398,27.82260008175398,75.32330216153365,0.0,27.822600136910857,-5.51568761960927e-08,0.0
413,24840.0,24840,27.822600081784135,27.822600081784135,75.71745566255395,0.0,27.822600136946207,-5.5162069789420393e-08,0.0
414,24900.0,24900,27.82260008183616,27.82260008183616,76.11160916357468,0.0,27.82260013700339,-5.5167232612254176e-08,0.0
415,24960.0,24960,27.82260008191187,27.82260008191187,76.50576266459613,0.0,27.822600137084237,-5.517236482797019e-08,0.0
416,25020.0,25020,27.822600082013054,27.822600082013054,76.89991616561866,0.0,27.82260013719052,-5.5177466595595467e-08,0.0
417,25080.0,25080,27.822600082141452,27.822600082141452,77.2940696666426,0.0,27.82260013732399,-5.518253806995557e-08,0.0
418,25140.0,25140,27.822600082298784,27.822600082298788,77.68822316766835,0.0,27.822600137486365,-5.518757940180246e-08,0.0
419,25200.0,25200,27.822600082486737,27.822600082486737,78.08237666869631,0.0,27.822600137679327,-5.5192590737954623e-08,0.0
420,25260.0,25260,27.822600082706956,27.822600082706956,78.47653016972691,0.0,27.82260013790453,-5.519757222144754e-08,0.0
421,25320.0,25320,27.822600082961063,27.822600082961063,78.87068367076064,0.0,27.822600138163587,-5.520252399161827e-08,0.0
422,25380.0,25380,27.82260008325063,27.822600083250634,79.26483717179796,0.0,27.822600138458082,-5.520744618426537e-08,0.0
423,25440.0,25440,27.82260008357722,27.82260008357722,79.65899067283934,0.0,27.822600138789564,-5.5212338931749464e-08,0.0
424,25500.0,25500,27.82260008394235,27.82260008394235,80.05314417388536,0.0,27.822600139159555,-5.521720236310611e-08,0.0
425,25560.0,25560,27.822600084347506,27.822600084347506,80.44729767493652,0.0,27.82260013956954,-5.522203660418028e-08,0.0
426,25620.0,25620,27.822600084794132,27.822600084794132,80.84145117599343,0.0,27.822600140020977,-5.522684177768461e-08,0.0
427,25680.0,25680,27.82260008528366,27.82260008528366,81.23560467705663,0.0,27.82260014051528,-5.523161800336402e-08,0.0
428,25740.0,25740,27.82260008581747,27.82260008581747,81.62975817812678,0.0,27.822600141053837,-5.523636539804742e-08,0.0
429,25800.0,25800,27.82260008639692,27.82260008639692,82.02391167920446,0.0,27.822600141638006,-5.5241084075784956e-08,0.0
430,25860.0,25860,27.822600087023332,27.822600087023336,82.41806518029034,0.0,27.822600142269106,-5.524577414790073e-08,0.0
431,25920.0,25920,27.822600087698,27.822600087698,82.81221868138509,0.0,27.82260014294843,-5.525043572310938e-08,0.0
432,25980.0,25980,27.822600088422167,27.822600088422167,83.20637218248939,0.0,27.82260014367724,-5.525506890761479e-08,0.0
433,26040.0,26040,27.822600089197074,27.822600089197074,83.60052568360392,0.0,27.822600144456747,-5.52596738051722e-08,0.0
434,26100.0,26100,27.822600090023908,27.822600090023908,83.99467918472942,0.0,27.82260014528816,-5.526425051717656e-08,0.0
435,26160.0,26160,27.822600090903826,27.822600090903826,84.38883268586663,0.0,27.82260014617263,-5.526879914274906e-08,0.0
436,26220.0,26220,27.82260009183796,27.82260009183796,84.78298618701629,0.0,27.822600147111277,-5.527331977881519e-08,0.0
437,26280.0,26280,27.822600092827397,27.822600092827397,85.17713968817918,0.0,27.82260014810521,-5.5277812520176174e-08,0.0
438,26340.0,26340,27.822600093873206,27.822600093873206,85.57129318935607,0.0,27.82260014915548,-5.528227745957577e-08,0.0
439,26400.0,26400,27.822600094976412,27.822600094976412,85.96544669054776,0.0,27.822600150263124,-5.528671468778204e-08,0.0
440,26460.0,26460,27.822600096138014,27.822600096138014,86.35960019175508,0.0,27.82260015142914,-5.529112429364006e-08,0.0
441,26520.0,26520,27.82260009735898,27.82260009735898,86.75375369297885,0.0,27.822600152654484,-5.529550636415181e-08,0.0
442,26580.0,26580,27.822600098640233,27.822600098640233,87.14790719421988,0.0,27.822600153940094,-5.529986098454201e-08,0.0
443,26640.0,26640,27.822600099982683,27.822600099982683,87.54206069547907,0.0,27.822600155286867,-5.530418823829857e-08,0.0
444,26700.0,26700,27.822600101387184,27.822600101387184,87.93621419675726,0.0,27.822600156695675,-5.530848820724684e-08,0.0
445,26760.0,26760,27.822600102854587,27.822600102854587,88.33036769805533,0.0,27.82260015816735,-5.531276097160701e-08,0.0
446,26820.0,26820,27.822600104385685,27.822600104385685,88.72452119937418,0.0,27.822600159702695,-5.531700661004488e-08,0.0
447,26880.0,26880,27.82260010598125,27.82260010598125,89.1186747007147,0.0,27.822600161302475,-5.5321225199726384e-08,0.0
448,26940.0,26940,27.822600107642018,27.822600107642018,89.51282820207783,0.0,27.822600162967433,-5.532541681637214e-08,0.0
449,27000.0,27000,27.822600109368693,27.822600109368693,89.90698170346447,0.0,27.822600164698276,-5.5329581534297896e-08,0.0
450,27060.0,27060,27.82260011116195,27.822600111161954,90.30113520487556,0.0,27.822600166495672,-5.533371942647375e-08,0.0
451,27120.0,27120,27.822600113022432,27.822600113022432,90.69528870631206,0.0,27.822600168360264,-5.533783056456835e-08,0.0
452,27180.0,27180,27.822600114950745,27.822600114950745,91.08944220777487,0.0,27.822600170292663,-5.5341915018981846e-08,0.0
453,27240.0,27240,27.82260011694747,27.82260011694747,91.48359570926502,0.0,27.82260017229344,-5.534597285890412e-08,0.0
454,27300.0,27300,27.822600119013146,27.822600119013146,91.87774921078342,0.0,27.82260017436315,-5.535000415235059e-08,0.0
455,27360.0,27360,27.822600121148284,27.822600121148284,92.27190271233108,0.0,27.822600176502295,-5.535400896620354e-08,0.0
456,27420.0,27420,27.82260012335337,27.82260012335337,92.666056213909,0.0,27.82260017871136,-5.5357987366244094e-08,0.0
457,27480.0,27480,27.822600125628853,27.822600125628853,93.06020971551813,0.0,27.822600180990793,-5.536193941719928e-08,0.0
458,27540.0,27540,27.822600127975146,27.822600127975146,93.45436321715948,0.0,27.822600183341013,-5.536586518276453e-08,0.0
459,27600.0,27600,27.82260013039264,27.82260013039264,93.84851671883409,0.0,27.822600185762408,-5.536976472566485e-08,0.0
460,27660.0,27660,27.82260013288169,27.82260013288169,94.2426702205429,0.0,27.822600188255326,-5.5373638107652925e-08,0.0
461,27720.0,27720,27.82260013544261,27.82260013544261,94.636823722287,0.0,27.822600190820094,-5.537748538957025e-08,0.0
462,27780.0,27780,27.822600138075696,27.822600138075696,95.03097722406736,0.0,27.822600193457003,-5.538130663136779e-08,0.0
463,27840.0,27840,27.82260014078121,27.822600140781212,95.425130725885,0.0,27.822600196166313,-5.5385101892121065e-08,0.0
464,27900.0,27900,27.822600143559377,27.822600143559377,95.81928422774097,0.0,27.822600198948248,-5.538887123008936e-08,0.0
465,27960.0,27960,27.822600146410398,27.8226001464104,96.21343772963628,0.0,27.822600201803017,-5.539261470271951e-08,0.0
466,28020.0,28020,27.822600149334445,27.822600149334445,96.60759123157196,0.0,27.82260020473078,-5.5396332366682557e-08,0.0
467,28080.0,28080,27.82260015233165,27.82260015233165,97.00174473354907,0.0,27.82260020773167,-5.540002427789255e-08,0.0
468,28140.0,28140,27.82260015540211,27.82260015540211,97.39589823556864,0.0,27.822600210805806,-5.540369049153668e-08,0.0
469,28200.0,28200,27.822600158545917,27.822600158545917,97.79005173763169,0.0,27.82260021395325,-5.54073310621006e-08,0.0
470,28260.0,28260,27.82260016176311,27.82260016176311,98.18420523973924,0.0,27.822600217174056,-5.5410946043382594e-08,0.0
471,28320.0,28320,27.8226001650537,27.8226001650537,98.57835874189239,0.0,27.822600220468235,-5.5414535488532106e-08,0.0
472,28380.0,28380,27.82260016841768,27.82260016841768,98.97251224409213,0.0,27.822600223835778,-5.541809945004126e-08,0.0
473,28440.0,28440,27.822600171854997,27.822600171854997,99.3666657463395,0.0,27.822600227276638,-5.5421637979797545e-08,0.0
474,28500.0,28500,27.82260017536559,27.82260017536559,99.7608192486356,0.0,27.822600230790744,-5.5425151129082865e-08,0.0
475,28560.0,28560,27.822600178949344,27.822600178949347,100.1549727509814,0.0,27.822600234377983,-5.542863894859612e-08,0.0
476,28620.0,28620,27.822600182606134,27.822600182606138,100.54912625337795,0.0,27.822600238038238,-5.543210148847761e-08,0.0
477,28680.0,28680,27.8226001863358,27.8226001863358,100.94327975582632,0.0,27.82260024177134,-5.5435538798317574e-08,0.0
478,28740.0,28740,27.82260019013815,27.82260019013815,101.33743325832751,0.0,27.822600245577103,-5.543895092717116e-08,0.0
479,28800.0,28800,27.822600194012967,27.822600194012967,101.73158676088256,0.0,27.822600249455306,-5.54423379235848e-08,0.0
480,28860.0,28860,27.82260019796,27.82260019796,102.1257402634925,0.0,27.822600253405703,-5.544569983560089e-08,0.0
481,28920.0,28920,27.822600201978982,27.822600201978982,102.51989376615833,0.0,27.822600257428018,-5.544903671077851e-08,0.0
482,28980.0,28980,27.822600206069605,27.822600206069605,102.9140472688811,0.0,27.82260026152196,-5.545234859619526e-08,0.0
483,29040.0,29040,27.822600210231546,27.822600210231546,103.30820077166182,0.0,27.822600265687182,-5.545563553847832e-08,0.0
484,29100.0,29100,27.822600214464444,27.822600214464444,103.70235427450147,0.0,27.822600269923345,-5.545889758379974e-08,0.0
485,29160.0,29160,27.822600218767917,27.822600218767917,104.0965077774011,0.0,27.82260027423005,-5.546213477790183e-08,0.0
486,29220.0,29220,27.822600223141553,27.822600223141553,104.49066128036166,0.0,27.8226002786069,-5.54653471660981e-08,0.0
487,29280.0,29280,27.822600227584914,27.822600227584914,104.88481478338419,0.0,27.82260028305345,-5.546853479328832e-08,0.0
488,29340.0,29340,27.82260023209754,27.82260023209754,105.27896828646965,0.0,27.822600287569237,-5.547169770396601e-08,0.0
489,29400.0,29400,27.82260023667894,27.82260023667894,105.67312178961905,0.0,27.822600292153773,-5.547483594222411e-08,0.0
490,29460.0,29460,27.822600241328598,27.822600241328598,106.06727529283333,0.0,27.822600296806545,-5.5477949551786e-08,0.0
491,29520.0,29520,27.822600246045976,27.822600246045976,106.46142879611348,0.0,27.82260030152701,-5.5481038575979186e-08,0.0
492,29580.0,29580,27.822600250830504,27.822600250830504,106.85558229946044,0.0,27.822600306314605,-5.5484103057776646e-08,0.0
493,29640.0,29640,27.8226002556816,27.8226002556816,107.24973580287518,0.0,27.822600311168742,-5.548714303977429e-08,0.0
494,29700.0,29700,27.822600260598637,27.822600260598637,107.64388930635864,0.0,27.8226003160888,-5.549015856422386e-08,0.0
495,29760.0,29760,27.822600265580988,27.82260026558099,108.03804280991174,0.0,27.82260032107414,-5.549314967302727e-08,0.0
496,29820.0,29820,27.82260027062799,27.82260027062799,108.43219631353543,0.0,27.822600326124107,-5.549611640774041e-08,0.0
497,29880.0,29880,27.82260027573895,27.82260027573895,108.8263498172306,0.0,27.822600331238007,-5.5499058809589106e-08,0.0
498,29940.0,29940,27.82260028091316,27.82260028091316,109.22050332099818,0.0,27.82260033641514,-5.550197691946439e-08,0.0
499,30000.0,30000,27.822600286149893,27.822600286149893,109.61465682483905,0.0,27.822600341654763,-5.550487077793198e-08,0.0
500,30060.0,30060,27.822600291448385,27.822600291448385,110.00881032875408,0.0,27.82260034695613,-5.550774042523782e-08,0.0
501,30120.0,30120,27.822600296807867,27.822600296807867,110.40296383274419,0.0,27.822600352318453,-5.551058590131478e-08,0.0
502,30180.0,30180,27.82260030222754,27.82260030222754,110.79711733681023,0.0,27.822600357740946,-5.5513407245771265e-08,0.0
503,30240.0,30240,27.822600307706576,27.822600307706576,111.19127084095301,0.0,27.822600363222783,-5.5516204497932644e-08,0.0
504,30300.0,30300,27.82260031324414,27.82260031324414,111.58542434517342,0.0,27.822600368763123,-5.551897769679235e-08,0.0
505,30360.0,30360,27.82260031883937,27.82260031883937,111.97957784947228,0.0,27.822600374361098,-5.552172688105419e-08,0.0
506,30420.0,30420,27.822600324491383,27.822600324491383,112.37373135385037,0.0,27.82260038001583,-5.552445208913234e-08,0.0
507,30480.0,30480,27.822600330199272,27.822600330199272,112.76788485830853,0.0,27.822600385726425,-5.5527153359124073e-08,0.0
508,30540.0,30540,27.822600335962115,27.822600335962115,113.16203836284755,0.0,27.822600391491946,-5.552983072884456e-08,0.0
509,30600.0,30600,27.82260034177897,27.822600341778973,113.55619186746821,0.0,27.822600397311458,-5.5532484235820305e-08,0.0
510,30660.0,30660,27.822600347648883,27.822600347648883,113.95034537217127,0.0,27.822600403183998,-5.5535113917283445e-08,0.0
511,30720.0,30720,27.822600353570866,27.822600353570866,114.34449887695746,0.0,27.82260040910859,-5.5537719810169e-08,0.0
512,30780.0,30780,27.822600359543923,27.822600359543923,114.73865238182756,0.0,27.822600415084228,-5.5540301951147735e-08,0.0
513,30840.0,30840,27.822600365567045,27.822600365567045,115.13280588678226,0.0,27.822600421109907,-5.554286037657917e-08,0.0
514,30900.0,30900,27.82260037163919,27.82260037163919,115.5269593918223,0.0,27.822600427184586,-5.554539512254259e-08,0.0
515,30960.0,30960,27.822600377759315,27.822600377759315,115.92111289694833,0.0,27.82260043330722,-5.5547906224843644e-08,0.0
516,31020.0,31020,27.82260038392635,27.82260038392635,116.31526640216107,0.0,27.82260043947674,-5.555039371899835e-08,0.0
517,31080.0,31080,27.822600390139208,27.822600390139208,116.70941990746115,0.0,27.822600445692068,-5.5552857640235e-08,0.0
518,31140.0,31140,27.8226003963968,27.8226003963968,117.10357341284927,0.0,27.8226004519521,-5.5555298023498804e-08,0.0
519,31200.0,31200,27.822600402698004,27.822600402698004,117.49772691832602,0.0,27.82260045825572,-5.5557714903449135e-08,0.0
520,31260.0,31260,27.822600409041698,27.822600409041698,117.89188042389203,0.0,27.822600464601805,-5.5560108314463255e-08,0.0
521,31320.0,31320,27.82260041542673,27.82260041542673,118.28603392954791,0.0,27.82260047098921,-5.556247829063444e-08,0.0
522,31380.0,31380,27.822600421851952,27.822600421851952,118.68018743529423,0.0,27.822600477416774,-5.556482486576539e-08,0.0
523,31440.0,31440,27.822600428316186,27.822600428316186,119.07434094113157,0.0,27.822600483883335,-5.5567148073372004e-08,0.0
524,31500.0,31500,27.82260043481825,27.82260043481825,119.4684944470605,0.0,27.822600490387696,-5.556944794668809e-08,0.0
525,31560.0,31560,27.822600441356936,27.822600441356936,119.8626479530815,0.0,27.82260049692866,-5.557172451865874e-08,0.0
526,31620.0,31620,27.822600447931052,27.822600447931052,120.25680145919513,0.0,27.822600503505026,-5.557397782192441e-08,0.0
527,31680.0,31680,27.82260045453936,27.82260045453936,120.65095496540191,0.0,27.822600510115567,-5.557620788885376e-08,0.0
528,31740.0,31740,27.822600461180635,27.822600461180635,121.04510847170229,0.0,27.82260051675905,-5.5578414751506096e-08,0.0
529,31800.0,31800,27.82260046785363,27.82260046785363,121.43926197809675,0.0,27.822600523434225,-5.558059844166049e-08,0.0
530,31860.0,31860,27.822600474557085,27.822600474557085,121.83341548458573,0.0,27.822600530139844,-5.558275899078384e-08,0.0
531,31920.0,31920,27.822600481289737,27.822600481289737,122.22756899116968,0.0,27.82260053687463,-5.558489643005526e-08,0.0
532,31980.0,31980,27.82260048805031,27.82260048805031,122.621722497849,0.0,27.82260054363732,-5.558701079035204e-08,0.0
533,32040.0,32040,27.82260049483752,27.82260049483752,123.0158760046241,0.0,27.82260055042662,-5.5589102102241153e-08,0.0
534,32100.0,32100,27.82260050165007,27.82260050165007,123.41002951149534,0.0,27.822600557241238,-5.559117039599429e-08,0.0
535,32160.0,32160,27.822600508486655,27.822600508486655,123.80418301846306,0.0,27.82260056407987,-5.559321570158412e-08,0.0
536,32220.0,32220,27.822600515345968,27.822600515345968,124.19833652552768,0.0,27.822600570941205,-5.559523804864479e-08,0.0
537,32280.0,32280,27.822600522226686,27.822600522226686,124.59249003268943,0.0,27.822600577823927,-5.5597237466527395e-08,0.0
538,32340.0,32340,27.822600529127484,27.822600529127484,124.98664353994866,0.0,27.822600584726697,-5.5599213984252965e-08,0.0
539,32400.0,32400,27.82260053604703,27.82260053604703,125.38079704730565,0.0,27.8226005916482,-5.560116763053693e-08,0.0
540,32460.0,32460,27.822600542983984,27.822600542983984,125.77495055476068,0.0,27.822600598587083,-5.560309843376652e-08,0.0
541,32520.0,32520,27.822600549937,27.822600549937,126.16910406231395,0.0,27.822600605542007,-5.56050064220055e-08,0.0
542,32580.0,32580,27.822600556904728,27.822600556904728,126.56325756996571,0.0,27.822600612511618,-5.560689162300732e-08,0.0
543,32640.0,32640,27.82260056388581,27.82260056388581,126.9574110777162,0.0,27.822600619494565,-5.560875406417843e-08,0.0
544,32700.0,32700,27.822600570878883,27.822600570878883,127.35156458556557,0.0,27.82260062648948,-5.5610593772601806e-08,0.0
545,32760.0,32760,27.82260057788259,27.82260057788259,127.74571809351401,0.0,27.822600633495,-5.5612410775037887e-08,0.0
546,32820.0,32820,27.822600584895557,27.822600584895557,128.13987160156165,0.0,27.822600640509762,-5.561420509789636e-08,0.0
547,32880.0,32880,27.82260059191641,27.82260059191641,128.53402510970867,0.0,27.822600647532386,-5.5615976767254036e-08,0.0
548,32940.0,32940,27.82260059894378,27.82260059894378,128.92817861795513,0.0,27.82260065456151,-5.561772580884448e-08,0.0
549,33000.0,33000,27.82260060597629,27.82260060597629,129.32233212630112,0.0,27.82260066159574,-5.561945224805428e-08,0.0
550,33060.0,33060,27.822600613012554,27.822600613012554,129.71648563474676,0.0,27.82260066863371,-5.562115610992211e-08,0.0
551,33120.0,33120,27.8226006200512,27.8226006200512,130.11063914329208,0.0,27.82260067567404,-5.562283741913868e-08,0.0
552,33180.0,33180,27.82260062709084,27.82260062709084,130.50479265193707,0.0,27.822600682715336,-5.562449620003458e-08,0.0
553,33240.0,33240,27.822600634130097,27.822600634130097,130.89894616068182,0.0,27.82260068975623,-5.562613247658493e-08,0.0
554,33300.0,33300,27.822600641167583,27.822600641167583,131.29309966952627,0.0,27.82260069679533,-5.562774627240752e-08,0.0
555,33360.0,33360,27.82260064820192,27.82260064820192,131.6872531784704,0.0,27.82260070383126,-5.5629337610742134e-08,0.0
556,33420.0,33420,27.822600655231728,27.822600655231728,132.0814066875142,0.0,27.82260071086263,-5.5630906514484365e-08,0.0
557,33480.0,33480,27.82260066225562,27.82260066225562,132.4755601966576,0.0,27.822600717888072,-5.563245300613957e-08,0.0
558,33540.0,33540,27.822600669272223,27.822600669272223,132.8697137059005,0.0,27.822600724906202,-5.5633977107835106e-08,0.0
559,33600.0,33600,27.82260067628016,27.82260067628016,133.26386721524275,0.0,27.82260073191564,-5.5635478841347545e-08,0.0
560,33660.0,33660,27.822600683278054,27.822600683278054,133.65802072468432,0.0,27.822600738915014,-5.563695822804726e-08,0.0
561,33720.0,33720,27.822600690264533,27.822600690264533,134.05217423422502,0.0,27.822600745902953,-5.563841528893975e-08,0.0
562,33780.0,33780,27.822600697238236,27.822600697238236,134.44632774386469,0.0,27.82260075287809,-5.563985004462617e-08,0.0
563,33840.0,33840,27.822600704197793,27.822600704197793,134.84048125360314,0.0,27.822600759839055,-5.564126251532965e-08,0.0
564,33900.0,33900,27.82260071114184,27.82260071114184,135.23463476344017,0.0,27.82260076678449,-5.564265272088026e-08,0.0
565,33960.0,33960,27.822600718069026,27.822600718069026,135.6287882733756,0.0,27.822600773713045,-5.5644020680706545e-08,0.0
566,34020.0,34020,27.822600724977995,27.822600724977995,136.02294178340912,0.0,27.82260078062336,-5.564536641383928e-08,0.0
567,34080.0,34080,27.82260073186741,27.82260073186741,136.41709529354054,0.0,27.822600787514098,-5.564668993891428e-08,0.0
568,34140.0,34140,27.82260073873592,27.82260073873592,136.8112488037696,0.0,27.822600794383913,-5.564799127414893e-08,0.0
569,34200.0,34200,27.822600745582207,27.822600745582207,137.20540231409586,0.0,27.822600801231477,-5.564927043735906e-08,0.0
570,34260.0,34260,27.822600752404927,27.822600752404927,137.59955582451917,0.0,27.822600808055455,-5.56505274459524e-08,0.0
571,34320.0,34320,27.82260075920277,27.82260075920277,137.9937093350391,0.0,27.822600814854532,-5.565176231691448e-08,0.0
572,34380.0,34380,27.82260076597442,27.82260076597442,138.38786284565538,0.0,27.822600821627397,-5.5652975066818926e-08,0.0
573,34440.0,34440,27.822600772718573,27.822600772718573,138.78201635636756,0.0,27.82260082837274,-5.5654165711812475e-08,0.0
574,34500.0,34500,27.822600779433934,27.822600779433934,139.17616986717528,0.0,27.82260083508927,-5.5655334267629025e-08,0.0
575,34560.0,34560,27.822600786119207,27.822600786119207,139.57032337807811,0.0,27.82260084177569,-5.565648074955959e-08,0.0
576,34620.0,34620,27.82260079277312,27.82260079277312,139.96447688907568,0.0,27.822600848430728,-5.56576051724833e-08,0.0
577,34680.0,34680,27.8226007993944,27.8226007993944,140.3586304001675,0.0,27.822600855053107,-5.5658707550840155e-08,0.0
578,34740.0,34740,27.82260080598179,27.82260080598179,140.75278391135313,0.0,27.82260086164158,-5.565978789862535e-08,0.0
579,34800.0,34800,27.822600812534038,27.822600812534038,141.14693742263205,0.0,27.822600868194883,-5.5660846229418465e-08,0.0
580,34860.0,34860,27.8226008190499,27.8226008190499,141.54109093400382,0.0,27.82260087471178,-5.566188255633078e-08,0.0
581,34920.0,34920,27.82260082552815,27.82260082552815,141.93524444546787,0.0,27.822600881191047,-5.566289689205699e-08,0.0
582,34980.0,34980,27.82260083196757,27.82260083196757,142.3293979570237,0.0,27.82260088763146,-5.566388924882633e-08,0.0
583,35040.0,35040,27.822600838366956,27.822600838366956,142.72355146867076,0.0,27.822600894031815,-5.566485963842796e-08,0.0
584,35100.0,35100,27.82260084472511,27.82260084472511,143.11770498040846,0.0,27.822600900390913,-5.566580807220812e-08,0.0
585,35160.0,35160,27.822600851040846,27.822600851040846,143.51185849223623,0.0,27.82260090670758,-5.5666734561042867e-08,0.0
586,35220.0,35220,27.822600857313002,27.822600857313002,143.9060120041535,0.0,27.822600912980644,-5.5667639115366324e-08,0.0
587,35280.0,35280,27.822600863540416,27.822600863540416,144.30016551615958,0.0,27.82260091920894,-5.5668521745147116e-08,0.0
588,35340.0,35340,27.82260086972195,27.82260086972195,144.69431902825394,0.0,27.82260092539133,-5.566938245989969e-08,0.0
589,35400.0,35400,27.822600875856466,27.822600875856466,145.08847254043584,0.0,27.822600931526683,-5.5670221268666446e-08,0.0
590,35460.0,35460,27.822600881942844,27.822600881942844,145.48262605270466,0.0,27.822600937613885,-5.5671038180039336e-08,0.0
591,35520.0,35520,27.822600887979995,27.822600887979995,145.87677956505968,0.0,27.82260094365183,-5.5671833202126996e-08,0.0
592,35580.0,35580,27.822600893966822,27.822600893966822,146.27093307750025,0.0,27.82260094963943,-5.567260634258197e-08,0.0
593,35640.0,35640,27.822600899902255,27.822600899902255,146.66508659002557,0.0,27.82260095557561,-5.5673357608583825e-08,0.0
594,35700.0,35700,27.822600905785233,27.822600905785233,147.05924010263502,0.0,27.82260096145932,-5.5674087006827844e-08,0.0
595,35760.0,35760,27.822600911614717,27.822600911614717,147.4533936153278,0.0,27.822600967289507,-5.5674794543548534e-08,0.0
596,35820.0,35820,27.82260091738967,27.82260091738967,147.84754712810314,0.0,27.822600973065153,-5.567548022450365e-08,0.0
597,35880.0,35880,27.822600923109096,27.822600923109096,148.24170064096032,0.0,27.82260097878524,-5.5676144054957266e-08,0.0
598,35940.0,35940,27.822600928771987,27.822600928771987,148.6358541538985,0.0,27.822600984448773,-5.567678603970891e-08,0.0
599,36000.0,36000,27.82260093437737,27.82260093437737,149.03000766691693,0.0,27.822600990054777,-5.5677406183073856e-08,0.0
600,36060.0,36060,27.822600939924282,27.822600939924282,149.42416118001472,0.0,27.822600995602286,-5.5678004488873673e-08,0.0
601,36120.0,36120,27.822600945411775,27.822600945411775,149.81831469319116,0.0,27.82260100109036,-5.567858096046258e-08,0.0
602,36180.0,36180,27.82260095083893,27.82260095083893,150.21246820644524,0.0,27.822601006518063,-5.567913560069078e-08,0.0
603,36240.0,36240,27.822600956204827,27.822600956204827,150.60662171977629,0.0,27.822601011884498,-5.567966841193547e-08,0.0
604,36300.0,36300,27.822600961508574,27.822600961508577,151.00077523318336,0.0,27.822601017188756,-5.5680179396077345e-08,0.0
605,36360.0,36360,27.822600966749302,27.822600966749302,151.39492874666553,0.0,27.82260102242997,-5.568066855450625e-08,0.0
606,36420.0,36420,27.822600971926153,27.822600971926153,151.78908226022193,0.0,27.822601027607288,-5.568113588812867e-08,0.0
607,36480.0,36480,27.822600977038284,27.822600977038284,152.18323577385172,0.0,27.822601032719863,-5.56815813973452e-08,0.0
608,36540.0,36540,27.822600982084875,27.822600982084875,152.57738928755387,0.0,27.82260103776688,-5.56820050820853e-08,0.0
609,36600.0,36600,27.822600987065133,27.822600987065133,152.97154280132756,0.0,27.82260104274754,-5.568240694176128e-08,0.0
610,36660.0,36660,27.822600991978266,27.822600991978266,153.3656963151718,0.0,27.822601047661053,-5.568278697530394e-08,0.0
611,36720.0,36720,27.82260099682352,27.82260099682352,153.7598498290856,0.0,27.822601052506666,-5.5683145181147604e-08,0.0
612,36780.0,36780,27.82260100160014,27.82260100160014,154.15400334306807,0.0,27.822601057283627,-5.5683481557226336e-08,0.0
613,36840.0,36840,27.822601006307416,27.822601006307416,154.54815685711824,0.0,27.82260106199121,-5.5683796100978615e-08,0.0
614,36900.0,36900,27.82260101094463,27.82260101094463,154.94231037123504,0.0,27.822601066628717,-5.56840888093502e-08,0.0
615,36960.0,36960,27.822601015511104,27.822601015511104,155.33646388541752,0.0,27.822601071195464,-5.5684359678778094e-08,0.0
616,37020.0,37020,27.82260102000617,27.82260102000617,155.7306173996647,0.0,27.822601075690784,-5.56846087052207e-08,0.0
617,37080.0,37080,27.82260102442919,27.82260102442919,156.1247709139756,0.0,27.822601080114023,-5.568483588411356e-08,0.0
618,37140.0,37140,27.822601028779534,27.822601028779534,156.51892442834912,0.0,27.822601084464573,-5.568504121041545e-08,0.0
619,37200.0,37200,27.822601033056596,27.822601033056596,156.9130779427843,0.0,27.82260108874182,-5.5685224678573636e-08,0.0
620,37260.0,37260,27.822601037259794,27.822601037259794,157.30723145728007,0.0,27.82260109294518,-5.568538628253978e-08,0.0
621,37320.0,37320,27.822601041388566,27.822601041388566,157.70138497183538,0.0,27.82260109707409,-5.568552601577e-08,0.0
622,37380.0,37380,27.82260104544237,27.82260104544237,158.09553848644916,0.0,27.82260110112801,-5.5685643871218274e-08,0.0
623,37440.0,37440,27.82260104942068,27.82260104942068,158.4896920011204,0.0,27.822601105106422,-5.5685739841345815e-08,0.0
624,37500.0,37500,27.822601053323,27.822601053323,158.88384551584795,0.0,27.822601109008815,-5.568581391810701e-08,0.0
625,37560.0,37560,27.82260105714885,27.82260105714885,159.27799903063084,0.0,27.822601112834718,-5.568586609296444e-08,0.0
626,37620.0,37620,27.822601060897767,27.822601060897767,159.67215254546787,0.0,27.822601116583666,-5.5685896356886976e-08,0.0
627,37680.0,37680,27.822601064569323,27.822601064569323,160.06630606035807,0.0,27.82260112025523,-5.568590470033857e-08,0.0
628,37740.0,37740,27.82260106816309,27.82260106816309,160.46045957530023,0.0,27.82260112384898,-5.5685891113300737e-08,0.0
629,37800.0,37800,27.82260107167868,27.82260107167868,160.85461309029333,0.0,27.822601127364532,-5.5685855585241576e-08,0.0
630,37860.0,37860,27.822601075115713,27.822601075115713,161.24876660533627,0.0,27.822601130801512,-5.56857981051496e-08,0.0
631,37920.0,37920,27.822601078473845,27.822601078473845,161.64292012042785,0.0,27.82260113415956,-5.568571866151872e-08,0.0
632,37980.0,37980,27.822601081752733,27.822601081752733,162.03707363556703,0.0,27.82260113743835,-5.5685617242340666e-08,0.0
633,38040.0,38040,27.822601084952076,27.822601084952076,162.43122715075262,0.0,27.82260114063757,-5.568549383512857e-08,0.0
634,38100.0,38100,27.822601088071583,27.822601088071583,162.82538066598357,0.0,27.822601143756934,-5.5685348426896205e-08,0.0
635,38160.0,38160,27.82260109111099,27.82260109111099,163.21953418125872,0.0,27.822601146796167,-5.5685181004174026e-08,0.0
636,38220.0,38220,27.822601094070045,27.822601094070045,163.6136876965769,0.0,27.822601149755037,-5.568499155299786e-08,0.0
637,38280.0,38280,27.822601096948528,27.822601096948528,164.007841211937,0.0,27.822601152633304,-5.568478005893241e-08,0.0
638,38340.0,38340,27.822601099746233,27.822601099746233,164.40199472733795,0.0,27.822601155430778,-5.568454650704119e-08,0.0
639,38400.0,38400,27.82260110246298,27.82260110246298,164.79614824277843,0.0,27.82260115814727,-5.5684290881909996e-08,0.0
640,38460.0,38460,27.822601105098602,27.822601105098602,165.19030175825748,0.0,27.82260116078262,-5.568401316765636e-08,0.0
641,38520.0,38520,27.82260110765297,27.82260110765297,165.5844552737738,0.0,27.822601163336685,-5.568371334789375e-08,0.0
642,38580.0,38580,27.82260111012597,27.82260111012597,165.97860878932636,0.0,27.822601165809356,-5.5683391405782415e-08,0.0
643,38640.0,38640,27.822601112517486,27.822601112517486,166.37276230491395,0.0,27.82260116820053,-5.568304732399361e-08,0.0
644,38700.0,38700,27.822601114827453,27.822601114827453,166.7669158205354,0.0,27.822601170510136,-5.568268108473031e-08,0.0
645,38760.0,38760,27.822601117055818,27.822601117055818,167.1610693361896,0.0,27.822601172738114,-5.568229266971965e-08,0.0
646,38820.0,38820,27.82260111920255,27.82260111920255,167.55522285187536,0.0,27.822601174884433,-5.568188206022425e-08,0.0
647,38880.0,38880,27.822601121267624,27.822601121267624,167.9493763675915,0.0,27.822601176949075,-5.5681449237033735e-08,0.0
648,38940.0,38940,27.82260112325106,27.82260112325106,168.3435298833369,0.0,27.822601178932054,-5.5680994180485415e-08,0.0
649,39000.0,39000,27.82260112515288,27.82260112515288,168.7376833991104,0.0,27.8226011808334,-5.568051687043984e-08,0.0
650,39060.0,39060,27.822601126973133,27.822601126973133,169.1318369149109,0.0,27.82260118265315,-5.568001728630716e-08,0.0
651,39120.0,39120,27.82260112871189,27.82260112871189,169.52599043073712,0.0,27.822601184391385,-5.5679495407048936e-08,0.0
652,39180.0,39180,27.82260113036924,27.82260113036924,169.920143946588,0.0,27.82260118604819,-5.567895121114812e-08,0.0
653,39240.0,39240,27.822601131945294,27.822601131945294,170.3142974624624,0.0,27.82260118762368,-5.567838467666828e-08,0.0
654,39300.0,39300,27.822601133440184,27.822601133440184,170.7084509783591,0.0,27.822601189117975,-5.567779578119242e-08,0.0
655,39360.0,39360,27.82260113485405,27.82260113485405,171.102604494277,0.0,27.822601190531234,-5.56771845018889e-08,0.0
656,39420.0,39420,27.82260113618707,27.82260113618707,171.49675801021488,0.0,27.822601191863626,-5.567655081546434e-08,0.0
657,39480.0,39480,27.822601137439435,27.822601137439435,171.8909115261717,0.0,27.822601193115332,-5.567589469819469e-08,0.0
658,39540.0,39540,27.822601138611354,27.822601138611354,172.28506504214621,0.0,27.82260119428657,-5.567521612591769e-08,0.0
659,39600.0,39600,27.822601139703046,27.822601139703046,172.67921855813734,0.0,27.822601195377562,-5.567451507404324e-08,0.0
660,39660.0,39660,27.82260114071477,27.82260114071477,173.07337207414395,0.0,27.822601196388558,-5.5673791517549594e-08,0.0
661,39720.0,39720,27.822601141646782,27.822601141646782,173.46752559016485,0.0,27.822601197319827,-5.567304543099281e-08,0.0
662,39780.0,39780,27.82260114249937,27.82260114249937,173.86167910619903,0.0,27.822601198171647,-5.5672276788501084e-08,0.0
663,39840.0,39840,27.822601143272838,27.822601143272838,174.25583262224524,0.0,27.822601198944323,-5.56714855637926e-08,0.0
664,39900.0,39900,27.82260114396751,27.82260114396751,174.6499861383024,0.0,27.82260119963818,-5.567067173017371e-08,0.0
665,39960.0,39960,27.82260114458372,27.82260114458372,175.04413965436942,0.0,27.822601200253555,-5.5669835260536024e-08,0.0
666,40020.0,40020,27.822601145121833,27.822601145121833,175.4382931704452,0.0,27.822601200790807,-5.56689761273659e-08,0.0
667,40080.0,40080,27.822601145582215,27.822601145582215,175.83244668652858,0.0,27.82260120125031,-5.5668094302748147e-08,0.0
668,40140.0,40140,27.82260114596527,27.82260114596527,176.22660020261847,0.0,27.822601201632455,-5.566718975837546e-08,0.0
669,40200.0,40200,27.822601146271392,27.822601146271392,176.6207537187138,0.0,27.82260120193766,-5.566626246554652e-08,0.0
670,40260.0,40260,27.822601146501025,27.822601146501025,177.0149072348135,0.0,27.82260120216634,-5.5665312395164126e-08,0.0
671,40320.0,40320,27.822601146654605,27.822601146654605,177.4090607509164,0.0,27.822601202318946,-5.566433951775493e-08,0.0
672,40380.0,40380,27.822601146732595,27.822601146732595,177.8032142670215,0.0,27.822601202395937,-5.5663343803471334e-08,0.0
673,40440.0,40440,27.822601146735465,27.822601146735465,178.19736778312773,0.0,27.82260120239779,-5.5662325222073616e-08,0.0
674,40500.0,40500,27.822601146663715,27.822601146663715,178.59152129923402,0.0,27.822601202325,-5.5661283742965644e-08,0.0
675,40560.0,40560,27.822601146517847,27.822601146517847,178.98567481533925,0.0,27.822601202178067,-5.5660219335192104e-08,0.0
676,40620.0,40620,27.82260114629839,27.82260114629839,179.37982833144244,0.0,27.822601201957525,-5.565913196741776e-08,0.0
677,40680.0,40680,27.82260114600588,27.82260114600588,179.7739818475425,0.0,27.8226012016639,-5.565802160797072e-08,0.0
678,40740.0,40740,27.822601145640867,27.822601145640867,180.16813536363847,0.0,27.822601201297758,-5.5656888224824604e-08,0.0
679,40800.0,40800,27.82260114520393,27.82260114520393,180.56228887972924,0.0,27.822601200859662,-5.565573178560416e-08,0.0
680,40860.0,40860,27.82260114469564,27.82260114469564,180.95644239581378,0.0,27.82260120035019,-5.5654552257593725e-08,0.0
681,40920.0,40920,27.822601144116597,27.822601144116597,181.3505959118912,0.0,27.82260119976995,-5.565334960775978e-08,0.0
682,40980.0,40980,27.822601143467416,27.822601143467416,181.74474942796033,0.0,27.822601199119536,-5.565212380271998e-08,0.0
683,41040.0,41040,27.822601142748713,27.822601142748713,182.13890294402034,0.0,27.822601198399592,-5.565087480878349e-08,0.0
684,41100.0,41100,27.822601141961133,27.822601141961133,182.53305646007016,0.0,27.822601197610734,-5.5649602591935116e-08,0.0
685,41160.0,41160,27.822601141105324,27.822601141105324,182.92720997610883,0.0,27.822601196753627,-5.564830711785399e-08,0.0
686,41220.0,41220,27.82260114018194,27.82260114018194,183.32136349213536,0.0,27.82260119582893,-5.5646988351914626e-08,0.0
687,41280.0,41280,27.82260113919166,27.82260113919166,183.71551700814882,0.0,27.822601194837308,-5.5645646259185875e-08,0.0
688,41340.0,41340,27.822601138135177,27.822601138135177,184.10967052414824,0.0,27.822601193779455,-5.56442808044517e-08,0.0
689,41400.0,41400,27.822601137013176,27.822601137013176,184.50382404013277,0.0,27.82260119265607,-5.564289195220267e-08,0.0
690,41460.0,41460,27.82260113582638,27.82260113582638,184.89797755610132,0.0,27.822601191467857,-5.5641479666659444e-08,0.0
691,41520.0,41520,27.822601134575493,27.822601134575493,185.29213107205308,0.0,27.822601190215536,-5.564004391175685e-08,0.0
692,41580.0,41580,27.82260113326126,27.82260113326126,185.68628458798713,0.0,27.822601188899842,-5.5638584651167344e-08,0.0
693,41640.0,41640,27.822601131884408,27.822601131884408,186.0804381039026,0.0,27.82260118752151,-5.5637101848311364e-08,0.0
694,41700.0,41700,27.822601130445697,27.822601130445697,186.4745916197985,0.0,27.822601186081293,-5.563559546634137e-08,0.0
695,41760.0,41760,27.822601128945884,27.822601128945884,186.8687451356741,0.0,27.82260118457995,-5.5634065468170943e-08,0.0
696,41820.0,41820,27.822601127385738,27.822601127385738,187.2628986515284,0.0,27.822601183018246,-5.5632511816475776e-08,0.0
697,41880.0,41880,27.82260112576603,27.82260112576603,187.6570521673606,0.0,27.822601181396966,-5.563093447369271e-08,0.0
698,41940.0,41940,27.822601124087555,27.822601124087555,188.05120568316985,0.0,27.82260117971689,-5.562933340203008e-08,0.0
699,42000.0,42000,27.822601122351102,27.822601122351102,188.4453591989554,0.0,27.822601177978814,-5.562770856349404e-08,0.0
700,42060.0,42060,27.822601120557476,27.822601120557476,188.83951271471628,0.0,27.82260117618354,-5.562605991985756e-08,0.0
701,42120.0,42120,27.82260111870749,27.822601118707485,189.23366623045177,0.0,27.822601174331876,-5.562438743271679e-08,0.0
702,42180.0,42180,27.82260111680195,27.82260111680195,189.62781974616107,0.0,27.82260117242464,-5.562269106344786e-08,0.0
703,42240.0,42240,27.82260111484168,27.82260111484168,190.02197326184336,0.0,27.82260117046265,-5.562097077324918e-08,0.0
704,42300.0,42300,27.82260111282752,27.82260111282752,190.4161267774979,0.0,27.82260116844674,-5.561922652313389e-08,0.0
705,42360.0,42360,27.822601110760292,27.822601110760292,190.8102802931239,0.0,27.82260116637775,-5.561745827395811e-08,0.0
706,42420.0,42420,27.822601108640846,27.822601108640846,191.20443380872064,0.0,27.82260116425651,-5.561566598640024e-08,0.0
707,42480.0,42480,27.822601106470024,27.822601106470024,191.59858732428734,0.0,27.822601162083874,-5.561384962097972e-08,0.0
708,42540.0,42540,27.82260110424868,27.82260110424868,191.99274083982326,0.0,27.82260115986069,-5.561200913808063e-08,0.0
709,42600.0,42600,27.822601101977664,27.822601101977664,192.3868943553278,0.0,27.822601157587805,-5.561014449794786e-08,0.0
710,42660.0,42660,27.822601099657838,27.822601099657838,192.7810478708001,0.0,27.822601155266092,-5.560825566068053e-08,0.0
711,42720.0,42720,27.822601097290065,27.822601097290065,193.1752013862396,0.0,27.822601152896407,-5.56063425862734e-08,0.0
712,42780.0,42780,27.822601094875214,27.822601094875214,193.56935490164548,0.0,27.822601150479617,-5.560440523460369e-08,0.0
713,42840.0,42840,27.822601092414146,27.822601092414146,193.9635084170172,0.0,27.822601148016588,-5.560244356544515e-08,0.0
714,42900.0,42900,27.822601089907742,27.822601089907742,194.3576619323541,0.0,27.8226011455082,-5.5600457538476604e-08,0.0
715,42960.0,42960,27.822601087356876,27.822601087356876,194.75181544765545,0.0,27.82260114295532,-5.559844711328374e-08,0.0
716,43020.0,43020,27.822601084762418,27.822601084762418,195.14596896292065,0.0,27.822601140358834,-5.559641224940619e-08,0.0
717,43080.0,43080,27.82260108212525,27.82260108212525,195.54012247814916,0.0,27.822601137719605,-5.559435290627731e-08,0.0
718,43140.0,43140,27.82260107944625,27.82260107944625,195.9342759933403,0.0,27.82260113503852,-5.5592269043306964e-08,0.0
719,43200.0,43200,27.8226010767263,27.8226010767263,196.32842950849346,0.0,27.822601132316464,-5.5590160619848594e-08,0.0
720,43260.0,43260,27.822601073966283,27.822601073966283,196.7225830236081,0.0,27.822601129554307,-5.5588027595219905e-08,0.0
721,43320.0,43320,27.822601071167064,27.822601071167064,197.11673653868368,0.0,27.822601126752936,-5.5585869928708496e-08,0.0
722,43380.0,43380,27.82260106832954,27.82260106832954,197.51089005371958,0.0,27.822601123913227,-5.558368757959353e-08,0.0
723,43440.0,43440,27.82260106545458,27.82260106545458,197.90504356871526,0.0,27.82260112103606,-5.558148050715415e-08,0.0
724,43500.0,43500,27.82260106254307,27.82260106254307,198.29919708367026,0.0,27.82260111812232,-5.5579248670674206e-08,0.0
725,43560.0,43560,27.822601059595886,27.822601059595886,198.69335059858403,0.0,27.82260111517288,-5.557699202944978e-08,0.0
726,43620.0,43620,27.82260174943738,-272.1773982505626,199.087504113456,300.0,5.297526935208166e-08,-272.17739830353787,0.0
727,43680.0,43680,27.82260174943968,-272.1773982505603,194.55121414248086,300.0,5.2974964015464715e-08,-272.1773983035353,0.0
728,43740.0,43740,27.822601749441574,-272.17739825055844,190.01492417150575,300.0,5.297471107538013e-08,-272.17739830353315,0.0
729,43800.0,43800,27.822601749443074,-272.17739825055696,185.47863420053062,300.0,5.2974510264090935e-08,-272.17739830353145,0.0
730,43860.0,43860,27.822601749444182,-272.1773982505558,180.94234422955557,300.0,5.297436147584555e-08,-272.1773983035302,0.0
731,43920.0,43920,27.822601749444917,-272.1773982505551,176.40605425858055,300.0,5.2974264772780305e-08,-272.17739830352934,0.0
732,43980.0,43980,27.82260174944528,-272.17739825055475,171.86976428760553,300.0,5.297422039201537e-08,-272.17739830352895,0.0
733,44040.0,44040,27.822601749445276,-272.17739825055475,167.33347431663051,300.0,5.2974228754473285e-08,-272.177398303529,0.0
734,44100.0,44100,27.8226017494449,-272.1773982505551,162.79718434565547,300.0,5.297429047568454e-08,-272.1773983035294,0.0
735,44160.0,44160,27.82260174944415,-272.1773982505559,158.26089437468045,300.0,5.2974406379148026e-08,-272.1773983035303,0.0
736,44220.0,44220,27.82260174944301,-272.177398250557,153.72460440370543,300.0,5.297457751277306e-08,-272.17739830353156,0.0
737,44280.0,44280,27.822601749441485,-272.17739825055855,149.18831443273038,300.0,5.297480516909212e-08,-272.1773983035334,0.0
738,44340.0,44340,27.82260174943955,-272.1773982505605,144.6520244617553,300.0,5.2975090910202704e-08,-272.1773983035356,0.0
739,44400.0,44400,27.822601723313184,-137.17739827668686,140.1157344907802,165.0,5.3362564218765356e-08,-137.1773983300494,0.0
740,44460.0,44460,27.822601024645138,27.822601024645138,137.82944451936865,0.0,27.82260108022647,-5.558133220002301e-08,0.0
741,44520.0,44520,27.822601022573064,27.822601022573064,138.2235980337455,0.0,27.822601078157117,-5.558405441114285e-08,0.0
742,44580.0,44580,27.8226010204082,27.8226010204082,138.617751548093,0.0,27.822601075994953,-5.558674959780774e-08,0.0
743,44640.0,44640,27.82260101815066,27.82260101815066,139.0119050624098,0.0,27.822601073740078,-5.558941781826382e-08,0.0
744,44700.0,44700,27.822601015800565,27.822601015800565,139.40605857669462,0.0,27.822601071392622,-5.559205913036884e-08,0.0
745,44760.0,44760,27.822601013358035,27.822601013358035,139.80021209094613,0.0,27.82260106895271,-5.5594673591542374e-08,0.0
746,44820.0,44820,27.822601010823217,27.822601010823217,140.19436560516306,0.0,27.82260106642048,-5.5597261258795854e-08,0.0
747,44880.0,44880,27.822601008196266,27.822601008196266,140.58851911934403,0.0,27.82260106379609,-5.5599822188718515e-08,0.0
748,44940.0,44940,27.82260100547735,27.82260100547735,140.98267263348782,0.0,27.822601061079702,-5.560235643748208e-08,0.0
749,45000.0,45000,27.82260100266664,27.82260100266664,141.37682614759308,0.0,27.822601058271502,-5.56048640608257e-08,0.0
750,45060.0,45060,27.822600999764333,27.822600999764333,141.7709796616585,0.0,27.82260105537168,-5.5607345114071016e-08,0.0
751,45120.0,45120,27.82260099677064,27.82260099677064,142.1651331756828,0.0,27.82260105238044,-5.5609799652095824e-08,0.0
752,45180.0,45180,27.82260099368576,27.82260099368576,142.5592866896647,0.0,27.822601049297987,-5.561222772937076e-08,0.0
753,45240.0,45240,27.82260099050994,27.82260099050994,142.95344020360287,0.0,27.822601046124568,-5.5614629399909423e-08,0.0
754,45300.0,45300,27.82260098724341,27.82260098724341,143.34759371749604,0.0,27.822601042860416,-5.561700471730041e-08,0.0
755,45360.0,45360,27.822600983886435,27.822600983886435,143.74174723134294,0.0,27.822601039505788,-5.5619353734699736e-08,0.0
756,45420.0,45420,27.82260098043928,27.822600980439276,144.13590074514227,0.0,27.822601036060956,-5.562167650481204e-08,0.0
757,45480.0,45480,27.822600976902223,27.822600976902223,144.53005425889276,0.0,27.822601032526194,-5.562397307991977e-08,0.0
758,45540.0,45540,27.822600973275566,27.822600973275566,144.92420777259315,0.0,27.822601028901808,-5.562624351183895e-08,0.0
759,45600.0,45600,27.822600969559613,27.822600969559613,145.31836128624218,0.0,27.8226010251881,-5.562848785195679e-08,0.0
760,45660.0,45660,27.822600965754688,27.822600965754688,145.71251479983852,0.0,27.822601021385392,-5.563070615121386e-08,0.0
761,45720.0,45720,27.822600961861127,27.822600961861127,146.10666831338094,0.0,27.822601017494026,-5.5632898460096524e-08,0.0
762,45780.0,45780,27.82260095787928,27.822600957879278,146.50082182686822,0.0,27.822601013514344,-5.5635064828647305e-08,0.0
763,45840.0,45840,27.822600953809506,27.822600953809506,146.89497534029908,0.0,27.82260100944671,-5.563720530644985e-08,0.0
764,45900.0,45900,27.822600949652184,27.822600949652184,147.2891288536723,0.0,27.822601005291506,-5.563931994265052e-08,0.0
765,45960.0,45960,27.822600945407707,27.822600945407707,147.68328236698662,0.0,27.82260100104912,-5.564140878592645e-08,0.0
766,46020.0,46020,27.822600941076477,27.822600941076477,148.07743588024078,0.0,27.82260099671995,-5.564347188450155e-08,0.0
767,46080.0,46080,27.822600936658908,27.822600936658908,148.4715893934336,0.0,27.822600992304416,-5.564550928615114e-08,0.0
768,46140.0,46140,27.82260093215544,27.82260093215544,148.8657429065638,0.0,27.822600987802957,-5.564752103818606e-08,0.0
769,46200.0,46200,27.822600927566505,27.822600927566505,149.25989641963022,0.0,27.822600983216013,-5.5649507187460095e-08,0.0
770,46260.0,46260,27.822600922892576,27.822600922892576,149.6540499326316,0.0,27.822600978544042,-5.56514677803644e-08,0.0
771,46320.0,46320,27.822600918134118,27.822600918134118,150.0482034455668,0.0,27.822600973787523,-5.565340286283406e-08,0.0
772,46380.0,46380,27.822600913291623,27.82260091329162,150.44235695843457,0.0,27.822600968946936,-5.565531248032646e-08,0.0
773,46440.0,46440,27.822600908365587,27.822600908365587,150.83651047123374,0.0,27.822600964022783,-5.565719667785797e-08,0.0
774,46500.0,46500,27.822600903356527,27.822600903356527,151.23066398396307,0.0,27.822600959015585,-5.565905549996254e-08,0.0
775,46560.0,46560,27.822600898264977,27.822600898264977,151.6248174966215,0.0,27.822600953925864,-5.5660888990715254e-08,0.0
776,46620.0,46620,27.82260089309147,27.82260089309147,152.01897100920775,0.0,27.822600948754168,-5.566269719372194e-08,0.0
777,46680.0,46680,27.82260088783657,27.82260088783657,152.41312452172073,0.0,27.822600943501044,-5.56644801521258e-08,0.0
778,46740.0,46740,27.822600882500836,27.822600882500836,152.80727803415922,0.0,27.822600938167074,-5.5666237908599844e-08,0.0
779,46800.0,46800,27.822600877084863,27.822600877084863,153.20143154652214,0.0,27.822600932752835,-5.566797050534221e-08,0.0
780,46860.0,46860,27.82260087158925,27.82260087158925,153.59558505880833,0.0,27.82260092725893,-5.566967798408462e-08,0.0
781,46920.0,46920,27.822600866014596,27.822600866014596,153.9897385710167,0.0,27.822600921685957,-5.567136038610179e-08,0.0
782,46980.0,46980,27.822600860361536,27.822600860361536,154.38389208314607,0.0,27.822600916034553,-5.567301775217569e-08,0.0
783,47040.0,47040,27.822600854630704,27.822600854630704,154.77804559519532,0.0,27.822600910305354,-5.567465012263224e-08,0.0
784,47100.0,47100,27.822600848822752,27.822600848822752,155.17219910716338,0.0,27.82260090449901,-5.567625753732433e-08,0.0
785,47160.0,47160,27.82260084293835,27.82260084293835,155.56635261904918,0.0,27.822600898616187,-5.5677840035628124e-08,0.0
786,47220.0,47220,27.822600836978168,27.822600836978168,155.9605061308516,0.0,27.822600892657565,-5.567939765644395e-08,0.0
787,47280.0,47280,27.822600830942907,27.822600830942907,156.35465964256954,0.0,27.822600886623835,-5.56809304382142e-08,0.0
788,47340.0,47340,27.822600824833263,27.822600824833263,156.74881315420205,0.0,27.8226008805157,-5.568243841889416e-08,0.0
789,47400.0,47400,27.822600818649963,27.822600818649963,157.142966665748,0.0,27.822600874333887,-5.568392163597646e-08,0.0
790,47460.0,47460,27.822600812393734,27.822600812393734,157.5371201772063,0.0,27.822600868079114,-5.5685380126472283e-08,0.0
791,47520.0,47520,27.82260080606532,27.82260080606532,157.93127368857597,0.0,27.822600861752136,-5.5686813926924503e-08,0.0
792,47580.0,47580,27.822600799665484,27.822600799665484,158.325427199856,0.0,27.82260085535371,-5.5688223073409596e-08,0.0
793,47640.0,47640,27.82260079319499,27.82260079319499,158.71958071104538,0.0,27.822600848884598,-5.568960760151975e-08,0.0
794,47700.0,47700,27.822600786654625,27.822600786654625,159.11373422214308,0.0,27.822600842345594,-5.569096754637227e-08,0.0
795,47760.0,47760,27.822600780045182,27.822600780045182,159.5078877331481,0.0,27.822600835737486,-5.5692302942631233e-08,0.0
796,47820.0,47820,27.82260077336747,27.82260077336747,159.9020412440595,0.0,27.82260082906108,-5.5693613824470783e-08,0.0
797,47880.0,47880,27.82260076662231,27.82260076662231,160.2961947548763,0.0,27.822600822317206,-5.569490022559771e-08,0.0
798,47940.0,47940,27.82260075981053,27.82260075981053,160.69034826559755,0.0,27.82260081550669,-5.569616217925427e-08,0.0
799,48000.0,48000,27.822600752932978,27.822600752932978,161.08450177622228,0.0,27.82260080863038,-5.5697399718205023e-08,0.0
800,48060.0,48060,27.822600745990513,27.822600745990513,161.47865528674959,0.0,27.822600801689127,-5.569861287474155e-08,0.0
801,48120.0,48120,27.822600738984004,27.822600738984004,161.87280879717855,0.0,27.822600794683805,-5.5699801680693684e-08,0.0
802,48180.0,48180,27.822600731914324,27.822600731914324,162.2669623075082,0.0,27.822600787615293,-5.570096616742301e-08,0.0
803,48240.0,48240,27.822600724782372,27.822600724782372,162.6611158177377,0.0,27.822600780484482,-5.5702106365817144e-08,0.0
804,48300.0,48300,27.82260071758905,27.82260071758905,163.05526932786623,0.0,27.822600773292276,-5.570322230628789e-08,0.0
805,48360.0,48360,27.822600710335273,27.822600710335273,163.4494228378928,0.0,27.822600766039585,-5.5704314018804166e-08,0.0
806,48420.0,48420,27.822600703021962,27.822600703021962,163.84357634781662,0.0,27.822600758727344,-5.570538153284777e-08,0.0
807,48480.0,48480,27.822600695650063,27.822600695650063,164.23772985763682,0.0,27.822600751356486,-5.570642487744444e-08,0.0
808,48540.0,48540,27.82260068822051,27.82260068822051,164.6318833673526,0.0,27.822600743927957,-5.5707444081157264e-08,0.0
809,48600.0,48600,27.82260068073428,27.82260068073428,165.0260368769631,0.0,27.822600736442716,-5.570843917208385e-08,0.0
810,48660.0,48660,27.822600673192323,27.822600673192323,165.42019038646757,0.0,27.822600728901737,-5.570941017786104e-08,0.0
811,48720.0,48720,27.822600665595633,27.822600665595633,165.81434389586516,0.0,27.82260072130599,-5.5710357125663974e-08,0.0
812,48780.0,48780,27.822600657945195,27.82260065794519,166.20849740515519,0.0,27.82260071365647,-5.5711280042212646e-08,0.0
813,48840.0,48840,27.822600650242002,27.822600650242002,166.60265091433678,0.0,27.822600705954176,-5.5712178953764406e-08,0.0
814,48900.0,48900,27.822600642487068,27.822600642487068,166.99680442340926,0.0,27.822600698200123,-5.5713053886129934e-08,0.0
815,48960.0,48960,27.822600634681418,27.822600634681418,167.3909579323719,0.0,27.822600690395323,-5.571390486465634e-08,0.0
816,49020.0,49020,27.822600626826073,27.822600626826073,167.7851114412239,0.0,27.822600682540806,-5.571473191423369e-08,0.0
817,49080.0,49080,27.822600618922074,27.822600618922074,168.17926494996465,0.0,27.82260067463761,-5.5715535059318586e-08,0.0
818,49140.0,49140,27.82260061097047,27.82260061097047,168.5734184585934,0.0,27.822600666686782,-5.5716314323892715e-08,0.0
819,49200.0,49200,27.82260060297231,27.82260060297231,168.9675719671095,0.0,27.82260065868938,-5.57170697315137e-08,0.0
820,49260.0,49260,27.82260059492867,27.82260059492867,169.36172547551234,0.0,27.82260065064647,-5.57178013052765e-08,0.0
821,49320.0,49320,27.822600586840622,27.822600586840622,169.75587898380118,0.0,27.822600642559127,-5.5718509067845383e-08,0.0
822,49380.0,49380,27.82260057870924,27.822600578709235,170.15003249197545,0.0,27.82260063442843,-5.571919304142481e-08,0.0
823,49440.0,49440,27.822600570535617,27.822600570535617,170.54418600003453,0.0,27.82260062625547,-5.571985324779419e-08,0.0
824,49500.0,49500,27.822600562320854,27.822600562320854,170.93833950797782,0.0,27.822600618041346,-5.572048970828814e-08,0.0
825,49560.0,49560,27.822600554066057,27.822600554066057,171.33249301580472,0.0,27.822600609787163,-5.572110244379933e-08,0.0
826,49620.0,49620,27.822600545772346,27.822600545772346,171.7266465235147,0.0,27.822600601494035,-5.572169147480103e-08,0.0
827,49680.0,49680,27.822600537440827,27.822600537440827,172.12080003110717,0.0,27.822600593163088,-5.5722256821317957e-08,0.0
828,49740.0,49740,27.82260052907265,27.82260052907265,172.51495353858158,0.0,27.822600584795442,-5.5722798502957315e-08,0.0
829,49800.0,49800,27.82260052066893,27.82260052066893,172.90910704593745,0.0,27.822600576392247,-5.572331653889375e-08,0.0
830,49860.0,49860,27.82260051223082,27.82260051223082,173.30326055317428,0.0,27.82260056795463,-5.5723810947875e-08,0.0
831,49920.0,49920,27.822600503759467,27.822600503759467,173.69741406029155,0.0,27.82260055948375,-5.572428174823597e-08,0.0
832,49980.0,49980,27.822600495256033,27.822600495256033,174.09156756728885,0.0,27.822600550980763,-5.5724728957875246e-08,0.0
833,50040.0,50040,27.822600486721676,27.822600486721676,174.48572107416567,0.0,27.82260054244683,-5.5725152594283325e-08,0.0
834,50100.0,50100,27.82260047815756,27.82260047815756,174.87987458092158,0.0,27.822600533883115,-5.572555267454633e-08,0.0
835,50160.0,50160,27.82260046956487,27.82260046956487,175.27402808755616,0.0,27.8226005252908,-5.572592921531972e-08,0.0
836,50220.0,50220,27.82260046094477,27.82260046094477,175.66818159406898,0.0,27.822600516671052,-5.5726282232858346e-08,0.0
837,50280.0,50280,27.82260045229846,27.82260045229846,176.0623351004597,0.0,27.822600508025072,-5.57266117430165e-08,0.0
838,50340.0,50340,27.822600443627127,27.822600443627127,176.45648860672796,0.0,27.822600499354042,-5.5726917761232814e-08,0.0
839,50400.0,50400,27.822600434931964,27.822600434931964,176.85064211287332,0.0,27.822600490659163,-5.572720030255098e-08,0.0
840,50460.0,50460,27.822600426214173,27.822600426214173,177.24479561889555,0.0,27.822600481941635,-5.572745938162069e-08,0.0
841,50520.0,50520,27.82260041747496,27.82260041747496,177.63894912479424,0.0,27.822600473202655,-5.572769501269011e-08,0.0
842,50580.0,50580,27.822600408715534,27.822600408715534,178.03310263056915,0.0,27.82260046444344,-5.572790720962185e-08,0.0
843,50640.0,50640,27.822600399937105,27.822600399937105,178.42725613622,0.0,27.8226004556652,-5.5728095985883586e-08,0.0
844,50700.0,50700,27.822600391140902,27.822600391140902,178.82140964174644,0.0,27.822600446869163,-5.57282613545659e-08,0.0
845,50760.0,50760,27.822600382328137,27.822600382328137,179.21556314714826,0.0,27.82260043805654,-5.5728403328377614e-08,0.0
846,50820.0,50820,27.822600373500038,27.822600373500038,179.60971665242525,0.0,27.822600429228558,-5.5728521919630704e-08,0.0
847,50880.0,50880,27.822600364657838,27.822600364657838,180.00387015757715,0.0,27.822600420386454,-5.5728617140288286e-08,0.0
848,50940.0,50940,27.822600355802763,27.822600355802763,180.39802366260383,0.0,27.822600411531457,-5.572868900192417e-08,0.0
849,51000.0,51000,27.822600346936056,27.822600346936056,180.79217716750506,0.0,27.822600402664794,-5.57287375157473e-08,0.0
850,51060.0,51060,27.82260033805895,27.82260033805895,181.1863306722806,0.0,27.822600393787713,-5.572876269260084e-08,0.0
851,51120.0,51120,27.822600329172687,27.822600329172687,181.58048417693047,0.0,27.822600384901452,-5.5728764542970625e-08,0.0
852,51180.0,51180,27.82260032027851,27.82260032027851,181.97463768145442,0.0,27.822600376007255,-5.57287430769842e-08,0.0
853,51240.0,51240,27.822600311377666,27.822600311377666,182.36879118585236,0.0,27.822600367106368,-5.57286983044099e-08,0.0
854,51300.0,51300,27.822600302471404,27.822600302471404,182.76294469012421,0.0,27.82260035820003,-5.5728630234669085e-08,0.0
855,51360.0,51360,27.822600293560967,27.822600293560967,183.1570981942699,0.0,27.822600349289505,-5.572853887683706e-08,0.0
856,51420.0,51420,27.822600284647613,27.822600284647613,183.55125169828935,0.0,27.822600340376034,-5.572842423964025e-08,0.0
857,51480.0,51480,27.822600275732587,27.822600275732587,183.9454052021825,0.0,27.822600331460876,-5.5728286331476914e-08,0.0
858,51540.0,51540,27.822600266817155,27.822600266817155,184.3395587059494,0.0,27.822600322545277,-5.5728125160396427e-08,0.0
859,51600.0,51600,27.82260025790256,27.82260025790256,184.73371220958995,0.0,27.8226003136305,-5.5727940734130346e-08,0.0
860,51660.0,51660,27.82260024899006,27.82260024899006,185.12786571310426,0.0,27.822600304717795,-5.572773306007168e-08,0.0
861,51720.0,51720,27.822600240080916,27.822600240080916,185.52201921649228,0.0,27.822600295808417,-5.5727502145287155e-08,0.0
862,51780.0,51780,27.822600231176384,27.822600231176384,185.91617271975412,0.0,27.822600286903633,-5.572724799653693e-08,0.0
863,51840.0,51840,27.822600222277718,27.822600222277718,186.31032622288978,0.0,27.82260027800469,-5.572697062026146e-08,0.0
864,51900.0,51900,27.822600213386178,27.822600213386178,186.7044797258994,0.0,27.822600269112847,-5.572667002257958e-08,0.0
865,51960.0,51960,27.822600204503015,27.822600204503015,187.09863322878306,0.0,27.822600260229365,-5.572634620931677e-08,0.0
866,52020.0,52020,27.822600195629494,27.822600195629494,187.49278673154086,0.0,27.822600251355492,-5.572599918598157e-08,0.0
867,52080.0,52080,27.822600186766863,27.822600186766863,187.88694023417298,0.0,27.822600242492495,-5.572562895779198e-08,0.0
868,52140.0,52140,27.82260017791639,27.82260017791639,188.2810937366795,0.0,27.822600233641623,-5.572523552967167e-08,0.0
869,52200.0,52200,27.82260016907932,27.82260016907932,188.67524723906067,0.0,27.822600224804138,-5.572481890624433e-08,0.0
870,52260.0,52260,27.8226001602569,27.8226001602569,189.06940074131666,0.0,27.822600215981282,-5.572437909185625e-08,0.0
871,52320.0,52320,27.8226001514504,27.8226001514504,189.46355424344765,0.0,27.822600207174315,-5.5723916090573494e-08,0.0
872,52380.0,52380,27.82260014266106,27.82260014266106,189.8577077454539,0.0,27.82260019838449,-5.572342990616687e-08,0.0
873,52440.0,52440,27.82260013389013,27.82260013389013,190.25186124733557,0.0,27.82260018961305,-5.5722920542157027e-08,0.0
874,52500.0,52500,27.82260012513886,27.82260012513886,190.64601474909304,0.0,27.822600180861247,-5.5722388001777835e-08,0.0
875,52560.0,52560,27.822600116408488,27.822600116408488,191.04016825072654,0.0,27.822600172130322,-5.572183228799797e-08,0.0
876,52620.0,52620,27.82260010770027,27.82260010770027,191.43432175223634,0.0,27.822600163421527,-5.572125340354633e-08,0.0
877,52680.0,52680,27.822600099015446,27.822600099015446,191.82847525362283,0.0,27.822600154736094,-5.572065135086499e-08,0.0
878,52740.0,52740,27.82260009035524,27.82260009035524,192.22262875488624,0.0,27.822600146075267,-5.5720026132164715e-08,0.0
879,52800.0,52800,27.822600081720903,27.822600081720903,192.616782256027,0.0,27.822600137440283,-5.5719377749407075e-08,0.0
880,52860.0,52860,27.822600073113662,27.822600073113662,193.0109357570454,0.0,27.82260012883237,-5.571870620430067e-08,0.0
881,52920.0,52920,27.822600064534747,27.822600064534747,193.40508925794185,0.0,27.822600120252762,-5.5718011498324686e-08,0.0
882,52980.0,52980,27.82260005598539,27.82260005598539,193.79924275871682,0.0,27.822600111702684,-5.571729363271849e-08,0.0
883,53040.0,53040,27.82260004746681,27.82260004746681,194.19339625937062,0.0,27.822600103183362,-5.5716552608492016e-08,0.0
884,53100.0,53100,27.822600038980223,27.822600038980223,194.5875497599038,0.0,27.82260009469601,-5.571578842643798e-08,0.0
885,53160.0,53160,27.822600030526846,27.822600030526846,194.9817032603167,0.0,27.82260008624185,-5.571500108711966e-08,0.0
886,53220.0,53220,27.822600022107903,27.822600022107903,195.37585676060985,0.0,27.82260007782209,-5.571419059087933e-08,0.0
887,53280.0,53280,27.82260001372459,27.82260001372459,195.77001026078375,0.0,27.822600069437943,-5.571335693786369e-08,0.0
888,53340.0,53340,27.82260000537811,27.82260000537811,196.1641637608389,0.0,27.82260006109061,-5.5712500127998454e-08,0.0
889,53400.0,53400,27.822599997069673,27.822599997069673,196.5583172607758,0.0,27.822600052781294,-5.571162016100057e-08,0.0
890,53460.0,53460,27.822599988800466,27.822599988800466,196.952470760595,0.0,27.82260004451118,-5.57107170364168e-08,0.0
891,53520.0,53520,27.822599980571677,27.822599980571677,197.34662426029703,0.0,27.82260003628147,-5.570979075356444e-08,0.0
892,53580.0,53580,27.822599972384502,27.822599972384502,197.74077775988255,0.0,27.82260002809334,-5.570884131159436e-08,0.0
893,53640.0,53640,27.82259996424011,27.82259996424011,198.13493125935202,0.0,27.82260001994798,-5.570786870946372e-08,0.0
894,53700.0,53700,27.822599956139676,27.822599956139676,198.52908475870615,0.0,27.82260001184655,-5.5706872945949127e-08,0.0
895,53760.0,53760,27.822599948084378,27.822599948084378,198.92323825794554,0.0,27.82260000379023,-5.570585401965415e-08,0.0
896,53820.0,53820,27.822599940075374,27.822599940075374,199.3173917570708,0.0,27.822599995780184,-5.5704811929008416e-08,0.0
897,53880.0,53880,27.822599932113825,27.822599932113825,199.7115452560826,0.0,27.82259998781757,-5.57037466722657e-08,0.0
898,53940.0,53940,27.822599924200876,27.822599924200876,200.1056987549816,0.0,27.822599979903533,-5.570265824752461e-08,0.0
899,54000.0,54000,27.822599916337676,27.822599916337676,200.4998522537685,0.0,27.82259997203922,-5.570154665273519e-08,0.0
900,54060.0,54060,27.822599908525373,27.82259990852537,200.89400575244403,0.0,27.82259996422578,-5.570041188566882e-08,0.0
901,54120.0,54120,27.822599900765084,27.822599900765084,201.2881592510089,0.0,27.82259995646434,-5.5699253943962394e-08,0.0
902,54180.0,54180,27.82259989305795,27.82259989305795,201.6823127494638,0.0,27.822599948756025,-5.5698072825107066e-08,0.0
903,54240.0,54240,27.822599885405086,27.822599885405086,202.07646624780952,0.0,27.822599941101952,-5.5696868526437895e-08,0.0
904,54300.0,54300,27.822599877807598,27.822599877807598,202.47061974604685,0.0,27.82259993350324,-5.5695641045165795e-08,0.0
905,54360.0,54360,27.822599870266604,27.822599870266604,202.86477324417655,0.0,27.822599925960994,-5.5694390378371935e-08,0.0
906,54420.0,54420,27.822599862783193,27.822599862783193,203.2589267421994,0.0,27.822599918476307,-5.569311652298796e-08,0.0
907,54480.0,54480,27.822599855358458,27.822599855358458,203.65308024011628,0.0,27.822599911050276,-5.5691819475831715e-08,0.0
908,54540.0,54540,27.822599847993484,27.822599847993484,204.04723373792797,0.0,27.82259990368398,-5.5690499233606354e-08,0.0
909,54600.0,54600,27.82259984068934,27.82259984068934,204.44138723563532,0.0,27.822599896378495,-5.568915579288336e-08,0.0
910,54660.0,54660,27.822599833447104,27.822599833447104,204.83554073323918,0.0,27.822599889134892,-5.568778915013266e-08,0.0
911,54720.0,54720,27.822599826267826,27.822599826267826,205.22969423074045,0.0,27.822599881954222,-5.568639930170289e-08,0.0
912,54780.0,54780,27.82259981915256,27.82259981915256,205.62384772814005,0.0,27.822599874837547,-5.568498624384488e-08,0.0
913,54840.0,54840,27.82259981210235,27.82259981210235,206.0180012254388,0.0,27.822599867785897,-5.568354997270319e-08,0.0
914,54900.0,54900,27.822599805118227,27.822599805118227,206.41215472263772,0.0,27.822599860800317,-5.5682090484328374e-08,0.0
915,54960.0,54960,27.822599798201217,27.822599798201217,206.80630821973767,0.0,27.822599853881822,-5.568060777466845e-08,0.0
916,55020.0,55020,27.822599791352335,27.822599791352335,207.20046171673962,0.0,27.822599847031437,-5.567910183958685e-08,0.0
917,55080.0,55080,27.82259978457259,27.82259978457259,207.5946152136446,0.0,27.82259984025016,-5.5677572674863263e-08,0.0
918,55140.0,55140,27.822599777862973,27.82259977786297,207.9887687104535,0.0,27.82259983353899,-5.567602027617304e-08,0.0
919,55200.0,55200,27.82259977122448,27.82259977122448,208.38292220716735,0.0,27.822599826898923,-5.5674444639133225e-08,0.0
920,55260.0,55260,27.82259976465808,27.82259976465808,208.77707570378718,0.0,27.822599820330925,-5.5672845759272444e-08,0.0
921,55320.0,55320,27.822599758164746,27.822599758164746,209.17122920031397,0.0,27.82259981383597,-5.567122363204789e-08,0.0
922,55380.0,55380,27.822599751745432,27.822599751745432,209.5653826967488,0.0,27.82259980741501,-5.5669578252835853e-08,0.0
923,55440.0,55440,27.822599745401092,27.822599745401092,209.95953619309267,0.0,27.822599801069007,-5.566790961696469e-08,0.0
924,55500.0,55500,27.82259973913266,27.82259973913266,210.35368968934668,0.0,27.822599794798876,-5.566621771967718e-08,0.0
925,55560.0,55560,27.822599732941057,27.822599732941057,210.7478431855119,0.0,27.82259978860556,-5.566450255616532e-08,0.0
926,55620.0,55620,27.822599726827207,27.822599726827207,211.14199668158935,0.0,27.822599782489974,-5.56627641215534e-08,0.0
927,55680.0,55680,27.822599720792006,27.822599720792006,211.53615017758023,0.0,27.822599776453007,-5.566100241092434e-08,0.0
928,55740.0,55740,27.82259971483635,27.82259971483635,211.93030367348567,0.0,27.822599770495568,-5.565921741928301e-08,0.0
929,55800.0,55800,27.82259970896112,27.82259970896112,212.3244571693067,0.0,27.82259976461853,-5.565740914160607e-08,0.0
930,55860.0,55860,27.82259970316719,27.82259970316719,212.71861066504448,0.0,27.82259975882277,-5.565557757280528e-08,0.0
931,55920.0,55920,27.82259969745541,27.82259969745541,213.11276416070024,0.0,27.822599753109134,-5.5653722707753884e-08,0.0
932,55980.0,55980,27.822599691826632,27.822599691826632,213.50691765627502,0.0,27.822599747478478,-5.565184454127431e-08,0.0
933,56040.0,56040,27.82259968628169,27.82259968628169,213.90107115177008,0.0,27.822599741931636,-5.564994306815514e-08,0.0
934,56100.0,56100,27.8225996808214,27.8225996808214,214.29522464718661,0.0,27.82259973646942,-5.564801828313702e-08,0.0
935,56160.0,56160,27.822599675446575,27.822599675446575,214.68937814252575,0.0,27.822599731092645,-5.564607018092295e-08,0.0
936,56220.0,56220,27.822599670158006,27.822599670158006,215.0835316377888,0.0,27.822599725802107,-5.564409875617835e-08,0.0
937,56280.0,56280,27.82259966495648,27.82259966495648,215.47768513297694,0.0,27.822599720598586,-5.5642104003534764e-08,0.0
938,56340.0,56340,27.822599659842766,27.822599659842766,215.87183862809138,0.0,27.822599715482852,-5.5640085917588943e-08,0.0
939,56400.0,56400,27.82259965481762,27.82259965481762,216.26599212313337,0.0,27.822599710455663,-5.563804449291227e-08,0.0
940,56460.0,56460,27.822599649881777,27.822599649881777,216.6601456181042,0.0,27.822599705517753,-5.563597972402814e-08,0.0
941,56520.0,56520,27.82259964503597,27.82259964503597,217.05429911300507,0.0,27.822599700669862,-5.563389160545151e-08,0.0
942,56580.0,56580,27.822599640280917,27.822599640280917,217.44845260783737,0.0,27.822599695912697,-5.56317801316456e-08,0.0
943,56640.0,56640,27.82259963561731,27.82259963561731,217.84260610260225,0.0,27.822599691246957,-5.562964529705954e-08,0.0
944,56700.0,56700,27.822599631045836,27.822599631045836,218.23675959730107,0.0,27.822599686673325,-5.562748709611518e-08,0.0
945,56760.0,56760,27.82259962656717,27.82259962656717,218.63091309193516,0.0,27.82259968219247,-5.562530552319394e-08,0.0
946,56820.0,56820,27.82259962218196,27.82259962218196,219.02506658650577,0.0,27.82259967780506,-5.562310057266689e-08,0.0
947,56880.0,56880,27.822599617890848,27.822599617890848,219.4192200810143,0.0,27.82259967351172,-5.562087223886279e-08,0.0
948,56940.0,56940,27.82259961369446,27.82259961369446,219.813373575462,0.0,27.822599669313085,-5.561862051609536e-08,0.0
949,57000.0,57000,27.822599609593407,27.822599609593407,220.20752706985033,0.0,27.822599665209754,-5.561634539864351e-08,0.0
950,57060.0,57060,27.822599605588277,27.822599605588277,220.6016805641805,0.0,27.822599661202318,-5.561404688076454e-08,0.0
951,57120.0,57120,27.82259960167964,27.82259960167964,220.995834058454,0.0,27.822599657291367,-5.561172495668376e-08,0.0
952,57180.0,57180,27.822599597868074,27.822599597868074,221.38998755267207,0.0,27.82259965347745,-5.560937962059828e-08,0.0
953,57240.0,57240,27.822599594154102,27.822599594154102,221.78414104683617,0.0,27.822599649761116,-5.5607010866671366e-08,0.0
954,57300.0,57300,27.822599590538264,27.822599590538264,222.17829454094766,0.0,27.82259964614288,-5.56046186890484e-08,0.0
955,57360.0,57360,27.822599587021063,27.822599587021063,222.57244803500794,0.0,27.822599642623267,-5.560220308182777e-08,0.0
956,57420.0,57420,27.822599583602994,27.822599583602994,222.9666015290184,0.0,27.82259963920276,-5.559976403908526e-08,0.0
957,57480.0,57480,27.822599580284532,27.822599580284532,223.36075502298044,0.0,27.822599635881833,-5.559730155485155e-08,0.0
958,57540.0,57540,27.82259957706613,27.82259957706613,223.75490851689548,0.0,27.82259963266094,-5.5594815623134736e-08,0.0
959,57600.0,57600,27.82259957394822,27.82259957394822,224.14906201076494,0.0,27.822599629540527,-5.5592306237879916e-08,0.0
960,57660.0,57660,27.82259957093124,27.82259957093124,224.54321550459022,0.0,27.82259962652101,-5.558977339301808e-08,0.0
961,57720.0,57720,27.822599568015573,27.822599568015573,224.93736899837276,0.0,27.822599623602787,-5.558721708241628e-08,0.0
962,57780.0,57780,27.82259956520161,27.82259956520161,225.331522492114,0.0,27.82259962078625,-5.5584637299906757e-08,0.0
963,57840.0,57840,27.822599562489717,27.822599562489717,225.72567598581543,0.0,27.82259961807175,-5.55820340392616e-08,0.0
964,57900.0,57900,27.82259955988023,27.82259955988023,226.11982947947837,0.0,27.822599615459637,-5.557940729420396e-08,0.0
965,57960.0,57960,27.822599557373483,27.822599557373483,226.5139829731044,0.0,27.82259961295024,-5.557675705840438e-08,0.0
966,58020.0,58020,27.822599554969774,27.822599554969774,226.90813646669488,0.0,27.822599610543858,-5.557408332547035e-08,0.0
967,58080.0,58080,27.82259955266939,27.82259955266939,227.30228996025136,0.0,27.82259960824078,-5.5571386088935103e-08,0.0
968,58140.0,58140,27.822599550472596,27.822599550472596,227.69644345377526,0.0,27.822599606041262,-5.556866534227732e-08,0.0
969,58200.0,58200,27.822599548379632,27.822599548379632,228.090596947268,0.0,27.822599603945555,-5.556592107889293e-08,0.0
970,58260.0,58260,27.82259954639073,27.82259954639073,228.48475044073112,0.0,27.822599601953883,-5.556315329211016e-08,0.0
971,58320.0,58320,27.822599544506083,27.822599544506083,228.87890393416606,0.0,27.822599600066443,-5.5560361975157575e-08,0.0
972,58380.0,58380,27.82259954272587,27.82259954272587,229.27305742757434,0.0,27.82259959828342,-5.555754712119036e-08,0.0
973,58440.0,58440,27.822599541050263,27.822599541050263,229.66721092095736,0.0,27.82259959660497,-5.555470872325089e-08,0.0
974,58500.0,58500,27.82259953947939,27.82259953947939,230.0613644143167,0.0,27.82259959503124,-5.555184677431099e-08,0.0
975,58560.0,58560,27.822599538013367,27.822599538013367,230.45551790765376,0.0,27.82259959356233,-5.5548961267204267e-08,0.0
976,58620.0,58620,27.82259953665229,27.82259953665229,230.8496714009701,0.0,27.822599592198348,-5.5546052194670297e-08,0.0
977,58680.0,58680,27.822599535396233,27.822599535396233,231.2438248942671,0.0,27.82259959093935,-5.55431195493264e-08,0.0
978,58740.0,58740,27.82259953424524,27.82259953424524,231.63797838754635,0.0,27.8225995897854,-5.554016332364978e-08,0.0
979,58800.0,58800,27.82259953319933,27.82259953319933,232.0321318808093,0.0,27.822599588736512,-5.553718351000482e-08,0.0
980,58860.0,58860,27.822599532258515,27.822599532258515,232.42628537405747,0.0,27.822599587792695,-5.553418010059227e-08,0.0
981,58920.0,58920,27.822599531422775,27.822599531422775,232.82043886729227,0.0,27.822599586953928,-5.553115308746994e-08,0.0
982,58980.0,58980,27.82259953069206,27.82259953069206,233.21459236051527,0.0,27.82259958622016,-5.5528102462543304e-08,0.0
983,59040.0,59040,27.8225995300663,27.8225995300663,233.60874585372787,0.0,27.822599585591327,-5.552502821754013e-08,0.0
984,59100.0,59100,27.822599529545403,27.822599529545403,234.00289934693166,0.0,27.822599585067334,-5.552193034401232e-08,0.0
985,59160.0,59160,27.822599529129256,27.822599529129256,234.39705284012808,0.0,27.822599584648067,-5.551880883332653e-08,0.0
986,59220.0,59220,27.82259952881772,27.82259952881772,234.7912063333186,0.0,27.822599584333382,-5.5515663676656665e-08,0.0
987,59280.0,59280,27.822599528610624,27.822599528610624,235.1853598265047,0.0,27.822599584123118,-5.551249486496314e-08,0.0
988,59340.0,59340,27.822599528507773,27.822599528507773,235.5795133196879,0.0,27.822599584017077,-5.550930238898823e-08,0.0
989,59400.0,59400,27.82259952850896,27.82259952850896,235.97366681286965,0.0,27.822599584015045,-5.5506086239244756e-08,0.0
990,59460.0,59460,27.822599528613935,27.822599528613935,236.36782030605144,0.0,27.822599584116784,-5.550284640600952e-08,0.0
991,59520.0,59520,27.82259952882244,27.82259952882244,236.7619737992347,0.0,27.822599584322024,-5.549958287930542e-08,0.0
992,59580.0,59580,27.822599529134177,27.822599529134177,237.15612729242093,0.0,27.82259958463047,-5.54962956488836e-08,0.0
993,59640.0,59640,27.822599529548828,27.822599529548828,237.55028078561162,0.0,27.82259958504181,-5.549298470422908e-08,0.0
994,59700.0,59700,27.82259953006605,27.82259953006605,237.94443427880813,0.0,27.8225995855557,-5.548965003452411e-08,0.0
995,59760.0,59760,27.822599530685473,27.822599530685473,238.33858777201198,0.0,27.822599586171762,-5.5486291628652794e-08,0.0
996,59820.0,59820,27.822599531406695,27.822599531406695,238.73274126522466,0.0,27.822599586889606,-5.548290947517959e-08,0.0
997,59880.0,59880,27.8225995322293,27.8225995322293,239.12689475844752,0.0,27.822599587708805,-5.5479503562344474e-08,0.0
998,59940.0,59940,27.822599533152836,27.822599533152836,239.52104825168206,0.0,27.82259958862891,-5.547607387801885e-08,0.0
999,60000.0,60000,27.822599534176824,27.822599534176824,239.9152017449297,0.0,27.822599589649442,-5.547262040972522e-08,0.0
1000,60060.0,60060,27.822599535300757,27.822599535300757,240.30935523819184,0.0,27.8225995907699,-5.546914314460715e-08,0.0
1001,60120.0,60120,27.82259953652411,27.82259953652411,240.70350873146995,0.0,27.82259959198975,-5.546564206940854e-08,0.0
1002,60180.0,60180,27.82259953784632,27.82259953784632,241.09766222476534,0.0,27.822599593308436,-5.546211717046425e-08,0.0
1003,60240.0,60240,27.8225995392668,27.8225995392668,241.4918157180795,0.0,27.822599594725368,-5.545856843367281e-08,0.0
1004,60300.0,60300,27.822599540784942,27.822599540784942,241.8859692114138,0.0,27.822599596239936,-5.545499584448892e-08,0.0
1005,60360.0,60360,27.822599542400102,27.822599542400102,242.28012270476958,0.0,27.8225995978515,-5.5451399387901785e-08,0.0
1006,60420.0,60420,27.822599544111608,27.822599544111608,242.67427619814828,0.0,27.82259959955939,-5.544777904841729e-08,0.0
1007,60480.0,60480,27.82259954591877,27.82259954591877,243.06842969155122,0.0,27.822599601362906,-5.544413481003258e-08,0.0
1008,60540.0,60540,27.82259954782086,27.82259954782086,243.4625831849798,0.0,27.822599603261327,-5.544046665622198e-08,0.0
1009,60600.0,60600,27.822599549817124,27.822599549817124,243.85673667843528,0.0,27.8225996052539,-5.543677456992003e-08,0.0
1010,60660.0,60660,27.82259955190678,27.82259955190678,244.2508901719191,0.0,27.822599607339843,-5.543305853348769e-08,0.0
1011,60720.0,60720,27.822599554089027,27.822599554089027,244.64504366543252,0.0,27.822599609518345,-5.542931852870006e-08,0.0
1012,60780.0,60780,27.82259955636302,27.82259955636302,245.03919715897686,0.0,27.822599611788576,-5.54255545367323e-08,0.0
1013,60840.0,60840,27.822599558727898,27.822599558727898,245.43335065255346,0.0,27.822599614149663,-5.542176653810885e-08,0.0
1014,60900.0,60900,27.822599561182766,27.822599561182766,245.82750414616353,0.0,27.82259961660072,-5.5417954512718485e-08,0.0
1015,60960.0,60960,27.822599563726698,27.822599563726698,246.22165763980843,0.0,27.822599619140817,-5.541411843976164e-08,0.0
1016,61020.0,61020,27.82259956635875,27.82259956635875,246.61581113348933,0.0,27.82259962176901,-5.541025829773253e-08,0.0
1017,61080.0,61080,27.82259956907794,27.82259956907794,247.00996462720755,0.0,27.822599624484315,-5.5406374064406036e-08,0.0
1018,61140.0,61140,27.822599571883266,27.822599571883266,247.4041181209643,0.0,27.82259962728573,-5.54024657167878e-08,0.0
1019,61200.0,61200,27.822599574773687,27.822599574773687,247.7982716147608,0.0,27.822599630172217,-5.539853323112087e-08,0.0
1020,61260.0,61260,27.822599577748136,27.822599577748136,248.19242510859823,0.0,27.822599633142712,-5.5394576582827355e-08,0.0
1021,61320.0,61320,27.822599580805527,27.822599580805527,248.58657860247786,0.0,27.822599636196124,-5.539059574649716e-08,0.0
1022,61380.0,61380,27.822599583944744,27.822599583944744,248.98073209640077,0.0,27.82259963933133,-5.5386590695862587e-08,0.0
1023,61440.0,61440,27.822599587164625,27.822599587164625,249.3748855903682,0.0,27.822599642547186,-5.538256140375885e-08,0.0
1024,61500.0,61500,27.822599590464,27.822599590464,249.76903908438123,0.0,27.82259964584251,-5.537850784210902e-08,0.0
1025,61560.0,61560,27.822599593841666,27.822599593841666,250.163192578441,0.0,27.822599649216098,-5.537442998186762e-08,0.0
1026,61620.0,61620,27.822599597296392,27.822599597296392,250.55734607254865,0.0,27.822599652666717,-5.537032779303095e-08,0.0
1027,61680.0,61680,27.82259960082691,27.82259960082691,250.95149956670522,0.0,27.82259965619311,-5.536620124455341e-08,0.0
1028,61740.0,61740,27.822599604431936,27.822599604431936,251.34565306091184,0.0,27.822599659793987,-5.53620503043785e-08,0.0
1029,61800.0,61800,27.82259960811015,27.82259960811015,251.73980655516957,0.0,27.822599663468026,-5.535787493934956e-08,0.0
1030,61860.0,61860,27.822599611860205,27.822599611860205,252.13396004947938,0.0,27.822599667213886,-5.535367511519651e-08,0.0
1031,61920.0,61920,27.82259961568074,27.82259961568074,252.52811354384235,0.0,27.82259967103019,-5.534945079651993e-08,0.0
1032,61980.0,61980,27.822599619570344,27.822599619570344,252.92226703825946,0.0,27.822599674915548,-5.5345201946730874e-08,0.0
1033,62040.0,62040,27.822599623527598,27.822599623527598,253.31642053273163,0.0,27.822599678868528,-5.5340928528034856e-08,0.0
1034,62100.0,62100,27.822599627551046,27.822599627551046,253.71057402725995,0.0,27.822599682887677,-5.533663050137449e-08,0.0
1035,62160.0,62160,27.822599631639207,27.822599631639207,254.10472752184523,0.0,27.82259968697151,-5.5332307826414475e-08,0.0
1036,62220.0,62220,27.82259963579057,27.82259963579057,254.49888101648844,0.0,27.822599691118533,-5.5327960461496436e-08,0.0
1037,62280.0,62280,27.822599640003606,27.822599640003606,254.89303451119048,0.0,27.822599695327195,-5.532358836358814e-08,0.0
1038,62340.0,62340,27.82259964427675,27.82259964427675,255.28718800595223,0.0,27.82259969959594,-5.5319191488274106e-08,0.0
1039,62400.0,62400,27.82259964860842,27.82259964860842,255.6813415007745,0.0,27.822599703923192,-5.5314769789683204e-08,0.0
1040,62460.0,62460,27.822599652997003,27.822599652997003,256.0754949956582,0.0,27.822599708307326,-5.53103232204764e-08,0.0
1041,62520.0,62520,27.822599657440858,27.822599657440858,256.469648490604,0.0,27.822599712746708,-5.530585173178943e-08,0.0
1042,62580.0,62580,27.822599661938316,27.822599661938316,256.8638019856128,0.0,27.822599717239672,-5.530135527320081e-08,0.0
1043,62640.0,62640,27.8225996664877,27.8225996664877,257.2579554806853,0.0,27.822599721784535,-5.5296833792671655e-08,0.0
1044,62700.0,62700,27.82259967108729,27.82259967108729,257.65210897582233,0.0,27.822599726379575,-5.529228723654004e-08,0.0
1045,62760.0,62760,27.822599675735344,27.822599675735344,258.0462624710245,0.0,27.822599731023058,-5.528771554943448e-08,0.0
1046,62820.0,62820,27.8225996804301,27.8225996804301,258.4404159662925,0.0,27.82259973571322,-5.5283118674270186e-08,0.0
1047,62880.0,62880,27.82259968516977,27.82259968516977,258.83456946162704,0.0,27.82259974044827,-5.527849655217005e-08,0.0
1048,62940.0,62940,27.822599689952547,27.822599689952547,259.22872295702876,0.0,27.822599745226395,-5.527384912244493e-08,0.0
1049,63000.0,63000,27.82259969477659,27.82259969477659,259.6228764524982,0.0,27.822599750045764,-5.526917632254284e-08,0.0
1050,63060.0,63060,27.82259969964004,27.82259969964004,260.017029948036,0.0,27.82259975490452,-5.5264478087990674e-08,0.0
1051,63120.0,63120,27.82259970454102,27.82259970454102,260.41118344364276,0.0,27.822599759800777,-5.5259754352361267e-08,0.0
1052,63180.0,63180,27.822599709477625,27.822599709477625,260.8053369393189,0.0,27.82259976473263,-5.5255005047229226e-08,0.0
1053,63240.0,63240,27.82259971444792,27.82259971444792,261.199490435065,0.0,27.822599769698154,-5.525023010209945e-08,0.0
1054,63300.0,63300,27.822599719449975,27.822599719449975,261.59364393088157,0.0,27.8225997746954,-5.524542944439207e-08,0.0
1055,63360.0,63360,27.8225997244818,27.8225997244818,261.98779742676896,0.0,27.8225997797224,-5.5240602999374784e-08,0.0
1056,63420.0,63420,27.822599729541405,27.822599729541405,262.38195092272764,0.0,27.82259978477716,-5.523575069011579e-08,0.0
1057,63480.0,63480,27.82259973462679,27.82259973462679,262.77610441875805,0.0,27.822599789857662,-5.523087243743682e-08,0.0
1058,63540.0,63540,27.822599739735914,27.822599739735914,263.17025791486054,0.0,27.82259979496188,-5.522596815987077e-08,0.0
1059,63600.0,63600,27.82259974486672,27.82259974486672,263.5644114110354,0.0,27.822599800087758,-5.52210377735978e-08,0.0
1060,63660.0,63660,27.822599750017137,27.822599750017137,263.95856490728295,0.0,27.82259980523322,-5.521608119241523e-08,0.0
1061,63720.0,63720,27.822599755185077,27.822599755185077,264.3527184036035,0.0,27.822599810396177,-5.5211098327657605e-08,0.0
1062,63780.0,63780,27.82260174957774,-272.1773982504223,264.7468718999972,300.0,5.292511999167493e-08,-272.17739830334745,0.0
1063,63840.0,63840,27.822601749578745,-272.1773982504213,260.21058192902456,300.0,5.2924492655340904e-08,-272.1773983033458,0.0
1064,63900.0,63900,27.822601749579615,-272.1773982504204,255.67429195805184,300.0,5.292392801665249e-08,-272.1773983033443,0.0
1065,63960.0,63960,27.822601749580365,-272.1773982504196,251.13800198707915,300.0,5.2923423329948214e-08,-272.17739830334307,0.0
1066,64020.0,64020,27.822601749581008,-272.177398250419,246.60171201610655,300.0,5.2922976321491794e-08,-272.177398303342,0.0
1067,64080.0,64080,27.822601749581555,-272.17739825041843,242.06542204513391,300.0,5.292258511938227e-08,-272.1773983033411,0.0
1068,64140.0,64140,27.822601749582013,-272.177398250418,237.5291320741613,300.0,5.2922248198376296e-08,-272.1773983033402,0.0
1069,64200.0,64200,27.822601749582393,-272.17739825041764,232.99284210318868,300.0,5.292196433605282e-08,-272.17739830333966,0.0
1070,64260.0,64260,27.82260174958269,-272.17739825041735,228.45655213221605,300.0,5.2921732577821785e-08,-272.1773983033391,0.0
1071,64320.0,64320,27.822601749582915,-272.17739825041707,223.92026216124347,300.0,5.2921552208673235e-08,-272.17739830333863,0.0
1072,64380.0,64380,27.82260174958307,-272.17739825041696,219.38397219027084,300.0,5.292142273015289e-08,-272.17739830333835,0.0
1073,64440.0,64440,27.822601749583153,-272.1773982504169,214.84768221929826,300.0,5.292134384123734e-08,-272.17739830333824,0.0
1074,64500.0,64500,27.822598857993764,7.822598857993618,210.31139224832563,20.000000000000146,7.822598912778911,-5.4785294788254014e-08,0.0
1075,64560.0,64560,27.822599785887576,27.822599785887576,210.42221239867692,0.0,27.822599841063,-5.5175423825706096e-08,0.0
1076,64620.0,64620,27.82259978590988,27.82259978590988,210.81636589550573,0.0,27.8225998410847,-5.5174820191352967e-08,0.0
1077,64680.0,64680,27.82259978601488,27.82259978601488,211.21051939233482,0.0,27.822599841189074,-5.517419052000014e-08,0.0
1078,64740.0,64740,27.822599786202687,27.822599786202687,211.6046728891654,0.0,27.82259984137622,-5.517353487291225e-08,0.0
1079,64800.0,64800,27.822599786473383,27.822599786473383,211.99882638599865,0.0,27.822599841646234,-5.5172853310664676e-08,0.0
1080,64860.0,64860,27.822599786827034,27.822599786827034,212.39297988283576,0.0,27.822599841999182,-5.5172145893177346e-08,0.0
1081,64920.0,64920,27.822599787263695,27.822599787263695,212.78713337967784,0.0,27.822599842435107,-5.517141267967249e-08,0.0
1082,64980.0,64980,27.822599787783375,27.822599787783375,213.18128687652614,0.0,27.82259984295403,-5.517065372866703e-08,0.0
1083,65040.0,65040,27.822599788386086,27.822599788386086,213.5754403733818,0.0,27.822599843555956,-5.5169869097977365e-08,0.0
1084,65100.0,65100,27.822599789071806,27.822599789071806,213.969593870246,0.0,27.822599844240862,-5.516905884470146e-08,0.0
1085,65160.0,65160,27.822599789840492,27.822599789840492,214.36374736711994,0.0,27.822599845008714,-5.516822302520849e-08,0.0
1086,65220.0,65220,27.822599790692074,27.822599790692074,214.75790086400474,0.0,27.822599845859436,-5.516736169512948e-08,0.0
1087,65280.0,65280,27.82259979162648,27.82259979162648,215.15205436090164,0.0,27.822599846792954,-5.516647490934693e-08,0.0
1088,65340.0,65340,27.82259979264359,27.82259979264359,215.54620785781174,0.0,27.822599847809155,-5.516556272198259e-08,0.0
1089,65400.0,65400,27.822599793743283,27.822599793743283,215.94036135473627,0.0,27.82259984890791,-5.516462518639184e-08,0.0
1090,65460.0,65460,27.8225997949254,27.8225997949254,216.33451485167637,0.0,27.822599850089063,-5.5163662355145796e-08,0.0
1091,65520.0,65520,27.822599796189767,27.822599796189767,216.7286683486332,0.0,27.822599851352443,-5.5162674280029454e-08,0.0
1092,65580.0,65580,27.82259979753619,27.82259979753619,217.12282184560794,0.0,27.82259985269785,-5.5161661012012524e-08,0.0
1093,65640.0,65640,27.82259979896444,27.82259979896444,217.5169753426018,0.0,27.822599854125063,-5.516062260126071e-08,0.0
1094,65700.0,65700,27.822599800474286,27.822599800474286,217.9111288396159,0.0,27.822599855633847,-5.515955909710658e-08,0.0
1095,65760.0,65760,27.822599802065454,27.822599802065454,218.30528233665137,0.0,27.822599857223924,-5.515847054804296e-08,0.0
1096,65820.0,65820,27.822599803737656,27.822599803737656,218.6994358337094,0.0,27.82259985889501,-5.515735700170696e-08,0.0
1097,65880.0,65880,27.82259980549058,27.82259980549058,219.09358933079108,0.0,27.822599860646797,-5.515621850488187e-08,0.0
1098,65940.0,65940,27.82259980732389,27.82259980732389,219.48774282789762,0.0,27.822599862478945,-5.5155055103455745e-08,0.0
1099,66000.0,66000,27.822599809237232,27.822599809237232,219.88189632503014,0.0,27.8225998643911,-5.5153866842436486e-08,0.0
1100,66060.0,66060,27.822599811230223,27.822599811230223,220.27604982218975,0.0,27.822599866382877,-5.515265376592456e-08,0.0
1101,66120.0,66120,27.822599813302457,27.822599813302457,220.67020331937763,0.0,27.82259986845387,-5.515141591709795e-08,0.0
1102,66180.0,66180,27.822599815453508,27.822599815453508,221.06435681659488,0.0,27.822599870603657,-5.5150153338205565e-08,0.0
1103,66240.0,66240,27.822599817682924,27.822599817682924,221.45851031384257,0.0,27.822599872831788,-5.514886607054846e-08,0.0
1104,66300.0,66300,27.822599819990227,27.822599819990227,221.85266381112183,0.0,27.82259987513778,-5.514755415445911e-08,0.0
1105,66360.0,66360,27.822599822374922,27.822599822374922,222.24681730843383,0.0,27.822599877521142,-5.514621762930051e-08,0.0
1106,66420.0,66420,27.822599824836498,27.822599824836498,222.6409708057796,0.0,27.822599879981354,-5.51448565334417e-08,0.0
1107,66480.0,66480,27.822599827374397,27.822599827374397,223.03512430316027,0.0,27.822599882517864,-5.5143470904236137e-08,0.0
1108,66540.0,66540,27.822599829988054,27.822599829988054,223.42927780057684,0.0,27.822599885130114,-5.5142060778018884e-08,0.0
1109,66600.0,66600,27.822599832676875,27.822599832676875,223.8234312980305,0.0,27.822599887817507,-5.5140626190089695e-08,0.0
1110,66660.0,66660,27.82259983544026,27.82259983544026,224.21758479552224,0.0,27.822599890579426,-5.5139167174683835e-08,0.0
1111,66720.0,66720,27.822599838277558,27.822599838277558,224.61173829305307,0.0,27.82259989341524,-5.5137683764959864e-08,0.0
1112,66780.0,66780,27.82259984118811,27.82259984118811,225.0058917906242,0.0,27.822599896324288,-5.5136175993006236e-08,0.0
1113,66840.0,66840,27.822599844171233,27.822599844171233,225.4000452882365,0.0,27.822599899305875,-5.513464388977546e-08,0.0
1114,66900.0,66900,27.82259984722622,27.82259984722622,225.7941987858911,0.0,27.822599902359308,-5.513308748511796e-08,0.0
1115,66960.0,66960,27.82259985035234,27.82259985035234,226.18835228358896,0.0,27.822599905483845,-5.513150680772566e-08,0.0
1116,67020.0,67020,27.822599853548834,27.822599853548834,226.58250578133107,0.0,27.82259990867874,-5.512990188513853e-08,0.0
1117,67080.0,67080,27.822599856814932,27.822599856814932,226.97665927911848,0.0,27.822599911943204,-5.5128272743707014e-08,0.0
1118,67140.0,67140,27.82259986014983,27.82259986014983,227.37081277695222,0.0,27.82259991527645,-5.512661940858733e-08,0.0
1119,67200.0,67200,27.822599863552707,27.822599863552707,227.76496627483317,0.0,27.822599918677646,-5.5124941903725435e-08,0.0
1120,67260.0,67260,27.822599867022713,27.822599867022713,228.15911977276232,0.0,27.82259992214595,-5.512324025180913e-08,0.0
1121,67320.0,67320,27.822599870558978,27.822599870558978,228.55327327074065,0.0,27.822599925680496,-5.5121514474279297e-08,0.0
1122,67380.0,67380,27.82259987416062,27.82259987416062,228.94742676876905,0.0,27.822599929280386,-5.5119764591292304e-08,0.0
1123,67440.0,67440,27.822599877826715,27.822599877826715,229.3415802668485,0.0,27.822599932944705,-5.51179906217153e-08,0.0
1124,67500.0,67500,27.822599881556325,27.822599881556325,229.7357337649799,0.0,27.82259993667252,-5.511619258308485e-08,0.0
1125,67560.0,67560,27.8225998853485,27.8225998853485,230.12988726316414,0.0,27.822599940462872,-5.5114370491593754e-08,0.0
1126,67620.0,67620,27.82259988920225,27.82259988920225,230.52404076140212,0.0,27.822599944314774,-5.5112524362078824e-08,0.0
1127,67680.0,67680,27.82259989311657,27.82259989311657,230.91819425969467,0.0,27.822599948227225,-5.511065420797953e-08,0.0
1128,67740.0,67740,27.82259989709044,27.82259989709044,231.3123477580427,0.0,27.8225999521992,-5.5108760041337964e-08,0.0
1129,67800.0,67800,27.82259990112281,27.82259990112281,231.706501256447,0.0,27.82259995622965,-5.5106841872749044e-08,0.0
1130,67860.0,67860,27.822599905212606,27.822599905212606,232.10065475490848,0.0,27.822599960317504,-5.5104899711370814e-08,0.0
1131,67920.0,67920,27.822599909358736,27.822599909358733,232.4948082534279,0.0,27.82259996446167,-5.5102933564857714e-08,0.0
1132,67980.0,67980,27.82259991356009,27.822599913560087,232.88896175200603,0.0,27.82259996866103,-5.510094343938313e-08,0.0
1133,68040.0,68040,27.82259991781553,27.82259991781553,233.28311525064368,0.0,27.82259997291446,-5.509892933958769e-08,0.0
1134,68100.0,68100,27.822599922123903,27.822599922123903,233.67726874934166,0.0,27.822599977220793,-5.509689126854444e-08,0.0
1135,68160.0,68160,27.822599926484028,27.822599926484028,234.07142224810067,0.0,27.822599981578858,-5.509482922775983e-08,0.0
1136,68220.0,68220,27.82259993089471,27.82259993089471,234.46557574692144,0.0,27.822599985987456,-5.509274321713888e-08,0.0
1137,68280.0,68280,27.822599935354727,27.822599935354727,234.85972924580471,0.0,27.82259999044536,-5.50906332349457e-08,0.0
1138,68340.0,68340,27.82259993986284,27.82259993986284,235.25388274475117,0.0,27.82259999495134,-5.508849927780069e-08,0.0
1139,68400.0,68400,27.82259994441779,27.82259994441779,235.6480362437615,0.0,27.822599999504128,-5.50863413406269e-08,0.0
1140,68460.0,68460,27.82259994901829,27.82259994901829,236.04218974283634,0.0,27.822600004102448,-5.508415941663878e-08,0.0
1141,68520.0,68520,27.82259995366305,27.822599953663048,236.43634324197637,0.0,27.822600008745002,-5.5081953497325235e-08,0.0
1142,68580.0,68580,27.822599958350736,27.822599958350736,236.83049674118223,0.0,27.82260001343046,-5.5079723572389444e-08,0.0
1143,68640.0,68640,27.82260174960119,-272.1773982503989,237.22465024045445,300.0,5.2910687519350356e-08,-272.17739830330953,0.0
1144,68700.0,68700,27.82260174960161,-272.17739825039837,232.6883602694822,300.0,5.2910457072908274e-08,-272.17739830330885,0.0
1145,68760.0,68760,27.822601749601965,-272.177398250398,228.15207029850993,300.0,5.2910276129244414e-08,-272.17739830330834,0.0
1146,68820.0,68820,27.822601749602264,-272.1773982503978,223.61578032753766,300.0,5.2910144390422534e-08,-272.17739830330794,0.0
1147,68880.0,68880,27.82260174960249,-272.1773982503975,219.0794903565654,300.0,5.291006172181857e-08,-272.1773983033076,0.0
1148,68940.0,68940,27.822601749602654,-272.17739825039735,214.54320038559317,300.0,5.2910028139867015e-08,-272.17739830330737,0.0
1149,69000.0,69000,27.82260174960275,-272.1773982503973,210.0069104146209,300.0,5.2910043800392996e-08,-272.1773983033073,0.0
1150,69060.0,69060,27.822601749602775,-272.17739825039723,205.47062044364867,300.0,5.291010898666897e-08,-272.17739830330737,0.0
1151,69120.0,69120,27.82260174960273,-272.1773982503973,200.9343304726764,300.0,5.29102240962837e-08,-272.17739830330754,0.0
1152,69180.0,69180,27.822601719558048,-127.1773982804421,196.3980405017042,155.00000000000014,5.3162293960601736e-08,-127.1773983336044,0.0
1153,69240.0,69240,27.822599997777253,27.822599997777253,194.2784171968972,0.0,27.822600052850113,-5.507286021033867e-08,0.0
1154,69300.0,69300,27.822600000507087,27.822600000507087,194.67257069672806,0.0,27.82260005558071,-5.5073623971826546e-08,0.0
1155,69360.0,69360,27.822600003317696,27.822600003317696,195.06672419659753,0.0,27.822600058392062,-5.507436494852404e-08,0.0
1156,69420.0,69420,27.822600006209303,27.822600006209303,195.46087769650683,0.0,27.822600061284387,-5.507508320910199e-08,0.0
1157,69480.0,69480,27.822600009182096,27.822600009182096,195.85503119645708,0.0,27.822600064257877,-5.5075778822197364e-08,0.0
1158,69540.0,69540,27.822600012236254,27.822600012236254,196.24918469644945,0.0,27.822600067312706,-5.507645185641235e-08,0.0
1159,69600.0,69600,27.822600015371936,27.822600015371936,196.64333819648508,0.0,27.822600070449035,-5.507710238028236e-08,0.0
1160,69660.0,69660,27.822600018589267,27.822600018589267,197.03749169656516,0.0,27.822600073666994,-5.507773046226289e-08,0.0
1161,69720.0,69720,27.822600021888363,27.822600021888363,197.43164519669077,0.0,27.822600076966697,-5.507833617069282e-08,0.0
1162,69780.0,69780,27.822600025269317,27.822600025269317,197.82579869686316,0.0,27.822600080348238,-5.507891957377751e-08,0.0
1163,69840.0,69840,27.8226000287322,27.8226000287322,198.21995219708342,0.0,27.822600083811682,-5.50794807395869e-08,0.0
1164,69900.0,69900,27.822600032277066,27.822600032277062,198.61410569735273,0.0,27.82260008735708,-5.508001973599817e-08,0.0
1165,69960.0,69960,27.822600035903932,27.822600035903932,199.00825919767226,0.0,27.82260009098447,-5.5080536630710764e-08,0.0
1166,70020.0,70020,27.822600039612812,27.822600039612812,199.4024126980432,0.0,27.822600094693843,-5.508103149119563e-08,0.0
1167,70080.0,70080,27.822600043403696,27.822600043403696,199.79656619846668,0.0,27.8226000984852,-5.508150438470273e-08,0.0
1168,70140.0,70140,27.822600047276538,27.822600047276538,200.19071969894387,0.0,27.822600102358493,-5.508195537822719e-08,0.0
1169,70200.0,70200,27.82260005123129,27.82260005123129,200.58487319947588,0.0,27.822600106313672,-5.508238453848015e-08,0.0
1170,70260.0,70260,27.822600055267866,27.822600055267866,200.97902670006394,0.0,27.82260011035066,-5.508279193188689e-08,0.0
1171,70320.0,70320,27.822600059386172,27.822600059386172,201.37318020070919,0.0,27.82260011446935,-5.508317762456331e-08,0.0
1172,70380.0,70380,27.822600063586084,27.822600063586084,201.76733370141275,0.0,27.822600118669627,-5.50835416822849e-08,0.0
1173,70440.0,70440,27.822600067867455,27.822600067867455,202.1614872021758,0.0,27.82260012295134,-5.5083884170498046e-08,0.0
1174,70500.0,70500,27.822600072230124,27.822600072230124,202.55564070299954,0.0,27.822600127314328,-5.5084205154250405e-08,0.0
1175,70560.0,70560,27.8226000766739,27.8226000766739,202.9497942038851,0.0,27.822600131758406,-5.5084504698230435e-08,0.0
1176,70620.0,70620,27.822600081198583,27.822600081198583,203.34394770483357,0.0,27.822600136283366,-5.508478286670906e-08,0.0
1177,70680.0,70680,27.82260008580393,27.82260008580393,203.73810120584614,0.0,27.822600140888973,-5.5085039723534084e-08,0.0
1178,70740.0,70740,27.822600090489704,27.822600090489704,204.132254706924,0.0,27.822600145574977,-5.5085275332117885e-08,0.0
1179,70800.0,70800,27.822600095255616,27.822600095255616,204.52640820806818,0.0,27.822600150341106,-5.508548975541211e-08,0.0
1180,70860.0,70860,27.822600100101383,27.822600100101383,204.9205617092799,0.0,27.822600155187068,-5.5085683055893497e-08,0.0
1181,70920.0,70920,27.822600105026684,27.822600105026684,205.31471521056025,0.0,27.822600160112536,-5.508585529554042e-08,0.0
1182,70980.0,70980,27.822600110031175,27.822600110031175,205.7088687119104,0.0,27.822600165117183,-5.50860065358244e-08,0.0
1183,71040.0,71040,27.822600115114508,27.822600115114508,206.10302221333143,0.0,27.822600170200644,-5.508613683768661e-08,0.0
1184,71100.0,71100,27.822600120276288,27.822600120276284,206.4971757148245,0.0,27.822600175362535,-5.508624626152374e-08,0.0
1185,71160.0,71160,27.82260012551612,27.822600125516118,206.89132921639066,0.0,27.822600180602457,-5.5086334867173923e-08,0.0
1186,71220.0,71220,27.82260013083358,27.82260013083358,207.28548271803106,0.0,27.82260018591998,-5.5086402713881946e-08,0.0
1187,71280.0,71280,27.82260013622822,27.82260013622822,207.6796362197468,0.0,27.82260019131467,-5.508644986030674e-08,0.0
1188,71340.0,71340,27.822600141699574,27.822600141699574,208.07378972153896,0.0,27.82260019678605,-5.5086476364486616e-08,0.0
1189,71400.0,71400,27.822600147247154,27.822600147247154,208.46794322340864,0.0,27.822600202333632,-5.5086482283829844e-08,0.0
1190,71460.0,71460,27.822600152870447,27.822600152870443,208.8620967253569,0.0,27.822600207956913,-5.5086467675099626e-08,0.0
1191,71520.0,71520,27.822600158568925,27.822600158568925,209.25625022738484,0.0,27.82260021365536,-5.508643259438304e-08,0.0
1192,71580.0,71580,27.822600164342038,27.822600164342038,209.6504037294935,0.0,27.822600219428416,-5.508637709709201e-08,0.0
1193,71640.0,71640,27.82260017018921,27.82260017018921,210.04455723168394,0.0,27.82260022527551,-5.508630123793976e-08,0.0
1194,71700.0,71700,27.822600176109855,27.822600176109855,210.4387107339572,0.0,27.82260023119606,-5.508620507090983e-08,0.0
1195,71760.0,71760,27.822600182103347,27.822600182103347,210.83286423631435,0.0,27.822600237189437,-5.5086088649269186e-08,0.0
1196,71820.0,71820,27.822600188169066,27.822600188169066,211.22701773875642,0.0,27.822600243255017,-5.508595202551186e-08,0.0
1197,71880.0,71880,27.822600194306347,27.822600194306347,211.6211712412844,0.0,27.82260024939214,-5.5085795251380504e-08,0.0
1198,71940.0,71940,27.822600200514515,27.822600200514515,212.01532474389936,0.0,27.822600255600133,-5.508561837782227e-08,0.0
1199,72000.0,72000,27.82260020679288,27.82260020679288,212.40947824660225,0.0,27.8226002618783,-5.5085421454979365e-08,0.0
1200,72060.0,72060,27.822600213140724,27.822600213140724,212.80363174939407,0.0,27.822600268225926,-5.5085204532177757e-08,0.0
1201,72120.0,72120,27.82260021955731,27.82260021955731,213.19778525227582,0.0,27.822600274642276,-5.5084967657898066e-08,0.0
1202,72180.0,72180,27.822600226041885,27.822600226041885,213.5919387552485,0.0,27.822600281126597,-5.508471087975953e-08,0.0
1203,72240.0,72240,27.822600232593672,27.822600232593672,213.98609225831302,0.0,27.822600287678107,-5.508443424452285e-08,0.0
1204,72300.0,72300,27.82260023921188,27.82260023921188,214.38024576147038,0.0,27.82260029429602,-5.5084137798040376e-08,0.0
1205,72360.0,72360,27.8226002458957,27.822600245895696,214.77439926472147,0.0,27.822600300979516,-5.5083821585255117e-08,0.0
1206,72420.0,72420,27.82260025264429,27.822600252644285,215.16855276806726,0.0,27.82260030772777,-5.508348565019136e-08,0.0
1207,72480.0,72480,27.8226002594568,27.822600259456795,215.56270627150866,0.0,27.822600314539926,-5.508313003591331e-08,0.0
1208,72540.0,72540,27.822600266332362,27.822600266332362,215.95685977504658,0.0,27.822600321415113,-5.508275478452602e-08,0.0
1209,72600.0,72600,27.822600273270083,27.822600273270083,216.35101327868193,0.0,27.822600328352443,-5.5082359937142445e-08,0.0
1210,72660.0,72660,27.822600280269064,27.822600280269064,216.74516678241548,0.0,27.822600335351012,-5.508194553388727e-08,0.0
1211,72720.0,72720,27.822600287328378,27.822600287328378,217.13932028624825,0.0,27.82260034240989,-5.508151161384419e-08,0.0
1212,72780.0,72780,27.822600294447078,27.822600294447078,217.533473790181,0.0,27.822600349528134,-5.50810582150663e-08,0.0
1213,72840.0,72840,27.822600301624203,27.822600301624203,217.92762729421466,0.0,27.822600356704786,-5.508058537454408e-08,0.0
1214,72900.0,72900,27.82260030885877,27.82260030885877,218.32178079834992,0.0,27.82260036393886,-5.508009312817815e-08,0.0
1215,72960.0,72960,27.822600316149792,27.82260031614979,218.7159343025877,0.0,27.82260037122937,-5.507958151078115e-08,0.0
1216,73020.0,73020,27.82260032349625,27.82260032349625,219.11008780692876,0.0,27.8226003785753,-5.507905055604202e-08,0.0
1217,73080.0,73080,27.822600330897114,27.82260033089711,219.5042413113739,0.0,27.822600385975612,-5.5078500296502446e-08,0.0
1218,73140.0,73140,27.822600338351336,27.822600338351336,219.8983948159239,0.0,27.822600393429266,-5.50779307635428e-08,0.0
1219,73200.0,73200,27.82260034585785,27.82260034585785,220.2925483205795,0.0,27.822600400935194,-5.507734198737272e-08,0.0
1220,73260.0,73260,27.822600353415584,27.822600353415584,220.68670182534143,0.0,27.82260040849232,-5.507673399698973e-08,0.0
1221,73320.0,73320,27.822600361023436,27.822600361023436,221.08085533021045,0.0,27.822600416099544,-5.507610682016232e-08,0.0
1222,73380.0,73380,27.8226003686803,27.8226003686803,221.47500883518725,0.0,27.82260042375576,-5.507546048342806e-08,0.0
1223,73440.0,73440,27.822600376385036,27.822600376385036,221.8691623402725,0.0,27.822600431459833,-5.507479501204472e-08,0.0
1224,73500.0,73500,27.82260038413651,27.82260038413651,222.2633158454669,0.0,27.82260043921062,-5.507411042998366e-08,0.0
1225,73560.0,73560,27.822600391933566,27.822600391933566,222.65746935077115,0.0,27.82260044700697,-5.5073406759904455e-08,0.0
1226,73620.0,73620,27.822600399775027,27.822600399775023,223.05162285618582,0.0,27.822600454847706,-5.507268402313421e-08,0.0
1227,73680.0,73680,27.8226004076597,27.8226004076597,223.44577636171158,0.0,27.822600462731643,-5.5071942239638405e-08,0.0
1228,73740.0,73740,27.822600415586393,27.822600415586393,223.83992986734904,0.0,27.822600470657573,-5.5071181428008665e-08,0.0
1229,73800.0,73800,27.822600423553883,27.82260042355388,224.23408337309885,0.0,27.822600478624285,-5.5070401605426105e-08,0.0
1230,73860.0,73860,27.822600431560943,27.822600431560943,224.6282368789615,0.0,27.82260048663054,-5.506960278764249e-08,0.0
1231,73920.0,73920,27.822600439606326,27.822600439606326,225.02239038493758,0.0,27.822600494675108,-5.506878498895866e-08,0.0
1232,73980.0,73980,27.822600447688778,27.822600447688778,225.41654389102763,0.0,27.822600502756725,-5.5067948222203765e-08,0.0
1233,74040.0,74040,27.822600455807024,27.822600455807024,225.8106973972322,0.0,27.822600510874114,-5.506709249869774e-08,0.0
1234,74100.0,74100,27.82260046395978,27.82260046395978,226.20485090355174,0.0,27.822600519026,-5.506621782823618e-08,0.0
1235,74160.0,74160,27.822600472145762,27.822600472145762,226.59900440998683,0.0,27.822600527211083,-5.506532421906219e-08,0.0
1236,74220.0,74220,27.822600480363644,27.822600480363644,226.99315791653788,0.0,27.82260053542805,-5.506441167782874e-08,0.0
1237,74280.0,74280,27.822600488612114,27.822600488612114,227.38731142320535,0.0,27.82260054367559,-5.506348020960241e-08,0.0
1238,74340.0,74340,27.822600496889837,27.822600496889837,227.78146492998965,0.0,27.822600551952362,-5.5062529817804196e-08,0.0
1239,74400.0,74400,27.822600505195467,27.822600505195467,228.17561843689126,0.0,27.822600560257026,-5.506156050419538e-08,0.0
1240,74460.0,74460,27.822600513527647,27.822600513527647,228.5697719439105,0.0,27.822600568588218,-5.50605722688493e-08,0.0
1241,74520.0,74520,27.822600521885015,27.822600521885015,228.9639254510478,0.0,27.822600576944577,-5.5059565110121286e-08,0.0
1242,74580.0,74580,27.822600530266186,27.822600530266186,229.35807895830354,0.0,27.82260058532472,-5.505853902463267e-08,0.0
1243,74640.0,74640,27.822600538669768,27.822600538669768,229.75223246567793,0.0,27.822600593727266,-5.505749400721812e-08,0.0
1244,74700.0,74700,27.82260054709437,27.82260054709437,230.14638597317145,0.0,27.8226006021508,-5.505643005091434e-08,0.0
1245,74760.0,74760,27.822600555538575,27.82260055553857,230.54053948078428,0.0,27.82260061059392,-5.505534714692439e-08,0.0
1246,74820.0,74820,27.822600564000957,27.822600564000957,230.93469298851673,0.0,27.8226006190552,-5.505424528458189e-08,0.0
1247,74880.0,74880,27.822600572480095,27.822600572480095,231.32884649636907,0.0,27.82260062753322,-5.505312445133318e-08,0.0
1248,74940.0,74940,27.82260058097454,27.82260058097454,231.72300000434154,0.0,27.82260063602652,-5.505198463269596e-08,0.0
1249,75000.0,75000,27.822600589482846,27.822600589482846,232.1171535124344,0.0,27.82260064453367,-5.505082581223106e-08,0.0
1250,75060.0,75060,27.82260059800355,27.82260059800355,232.51130702064773,0.0,27.8226006530532,-5.50496479714973e-08,0.0
1251,75120.0,75120,27.822600606535186,27.822600606535186,232.90546052898185,0.0,27.822600661583635,-5.504845109004305e-08,0.0
1252,75180.0,75180,27.82260061507627,27.82260061507627,233.29961403743675,0.0,27.822600670123503,-5.5047235145354475e-08,0.0
1253,75240.0,75240,27.82260062362532,27.82260062362532,233.6937675460127,0.0,27.82260067867132,-5.5046000112824546e-08,0.0
1254,75300.0,75300,27.822600632180837,27.822600632180837,234.08792105470977,0.0,27.822600687225584,-5.50447459657135e-08,0.0
1255,75360.0,75360,27.82260064074132,27.822600640741317,234.48207456352804,0.0,27.82260069578479,-5.5043472675135734e-08,0.0
1256,75420.0,75420,27.82260064930525,27.822600649305247,234.87622807246754,0.0,27.822600704347426,-5.504218020999767e-08,0.0
1257,75480.0,75480,27.82260065787111,27.82260065787111,235.2703815815284,0.0,27.822600712911978,-5.5040868536972415e-08,0.0
1258,75540.0,75540,27.82260066643737,27.82260066643737,235.66453509071061,0.0,27.822600721476906,-5.5039537620464025e-08,0.0
1259,75600.0,75600,27.822600675002487,27.822600675002487,236.0586886000142,0.0,27.822600730040676,-5.5038187422576455e-08,0.0
1260,75660.0,75660,27.822600683564925,27.822600683564925,236.4528421094391,0.0,27.822600738601743,-5.503681790305057e-08,0.0
1261,75720.0,75720,27.822600692123125,27.822600692123125,236.84699561898532,0.0,27.822600747158553,-5.503542901925566e-08,0.0
1262,75780.0,75780,27.822600700675522,27.822600700675522,237.24114912865278,0.0,27.82260075570954,-5.503402072613023e-08,0.0
1263,75840.0,75840,27.822600709220552,27.822600709220552,237.6353026384414,0.0,27.822600764253146,-5.503259297615942e-08,0.0
1264,75900.0,75900,27.82260071775664,27.82260071775664,238.0294561483511,0.0,27.822600772787784,-5.5031145719308215e-08,0.0
1265,75960.0,75960,27.822600726282197,27.822600726282197,238.4236096583817,0.0,27.822600781311877,-5.5029678903010205e-08,0.0
1266,76020.0,76020,27.822600734795632,27.822600734795632,238.8177631685331,0.0,27.822600789823827,-5.50281924720942e-08,0.0
1267,76080.0,76080,27.82260074329535,27.82260074329535,239.2119166788051,0.0,27.822600798322032,-5.502668636878237e-08,0.0
1268,76140.0,76140,27.822600751779742,27.822600751779735,239.60607018919754,0.0,27.822600806804896,-5.5025160532599014e-08,0.0
1269,76200.0,76200,27.822600760247187,27.822600760247187,240.00022369971018,0.0,27.822600815270803,-5.502361490036778e-08,0.0
1270,76260.0,76260,27.82260076869607,27.82260076869607,240.39437721034275,0.0,27.82260082371812,-5.502204940614295e-08,0.0
1271,76320.0,76320,27.82260077712476,27.82260077712476,240.78853072109504,0.0,27.822600832145223,-5.5020463981174714e-08,0.0
1272,76380.0,76380,27.82260078553162,27.82260078553162,241.18268423196673,0.0,27.82260084055048,-5.501885855386024e-08,0.0
1273,76440.0,76440,27.822600793915008,27.822600793915,241.5768377429575,0.0,27.822600848932236,-5.501723304969289e-08,0.0
1274,76500.0,76500,27.82260080227326,27.82260080227326,241.97099125406706,0.0,27.822600857288847,-5.5015587391221806e-08,0.0
1275,76560.0,76560,27.82260081060473,27.82260081060473,242.36514476529504,0.0,27.82260086561865,-5.501392149800769e-08,0.0
1276,76620.0,76620,27.82260081890774,27.82260081890774,242.75929827664106,0.0,27.822600873919974,-5.501223528655984e-08,0.0
1277,76680.0,76680,27.822600827180622,27.82260082718062,243.15345178810472,0.0,27.822600882191146,-5.501052867029095e-08,0.0
1278,76740.0,76740,27.82260083542168,27.82260083542168,243.54760529968553,0.0,27.822600890430483,-5.500880155947862e-08,0.0
1279,76800.0,76800,27.822600843629225,27.822600843629225,243.94175881138318,0.0,27.82260089863628,-5.5007053861206076e-08,0.0
1280,76860.0,76860,27.822600851801564,27.822600851801564,244.33591232319702,0.0,27.822600906806844,-5.500528547930293e-08,0.0
1281,76920.0,76920,27.82260085993697,27.82260085993697,244.73006583512668,0.0,27.822600914940466,-5.500349631430759e-08,0.0
1282,76980.0,76980,27.82260086803374,27.82260086803374,245.1242193471716,0.0,27.822600923035424,-5.5001686263405175e-08,0.0
1283,77040.0,77040,27.822600876090128,27.822600876090128,245.5183728593312,0.0,27.822600931089983,-5.499985522037485e-08,0.0
1284,77100.0,77100,27.82260088410441,27.82260088410441,245.91252637160497,0.0,27.82260093910241,-5.4998003075535326e-08,0.0
1285,77160.0,77160,27.822600892074828,27.822600892074828,246.30667988399225,0.0,27.822600947070956,-5.49961297156912e-08,0.0
1286,77220.0,77220,27.822600899999628,27.822600899999628,246.70083339649244,0.0,27.822600954993863,-5.4994235024077535e-08,0.0
1287,77280.0,77280,27.82260090787704,27.82260090787704,247.09498690910493,0.0,27.82260096286936,-5.4992318880292095e-08,0.0
1288,77340.0,77340,27.822600915705284,27.822600915705284,247.489140421829,0.0,27.822600970695664,-5.4990381160254965e-08,0.0
1289,77400.0,77400,27.822600923482568,27.822600923482568,247.883293934664,0.0,27.822600978470987,-5.498842173614176e-08,0.0
1290,77460.0,77460,27.822600931207088,27.822600931207088,248.27744744760918,0.0,27.822600986193528,-5.498644047632343e-08,0.0
1291,77520.0,77520,27.822600938877034,27.822600938877034,248.67160096066377,0.0,27.82260099386147,-5.498443724529483e-08,0.0
1292,77580.0,77580,27.822600946490578,27.822600946490578,249.06575447382707,0.0,27.822601001472986,-5.498241190364928e-08,0.0
1293,77640.0,77640,27.822600954045875,27.822600954045875,249.4599079870982,0.0,27.822601009026236,-5.498036430797896e-08,0.0
1294,77700.0,77700,27.822600961541077,27.822600961541077,249.85406150047638,0.0,27.82260101651937,-5.497829431082592e-08,0.0
1295,77760.0,77760,27.822600968974317,27.82260096897431,250.24821501396073,0.0,27.822601023950515,-5.497620176063985e-08,0.0
1296,77820.0,77820,27.822600976343708,27.822600976343708,250.64236852755042,0.0,27.82260103131779,-5.4974086501668016e-08,0.0
1297,77880.0,77880,27.82260098364736,27.82260098364736,251.03652204124452,0.0,27.822601038619304,-5.497194837393644e-08,0.0
1298,77940.0,77940,27.822600990883355,27.822600990883355,251.43067555504206,0.0,27.82260104585314,-5.496978721316437e-08,0.0
1299,78000.0,78000,27.822600998049772,27.822600998049772,251.82482906894214,0.0,27.822601053017372,-5.496760285070218e-08,0.0
1300,78060.0,78060,27.822601005144662,27.822601005144662,252.2189825829437,0.0,27.822601060110056,-5.496539511345617e-08,0.0
1301,78120.0,78120,27.822601012166068,27.822601012166068,252.6131360970458,0.0,27.82260106712923,-5.496316382383401e-08,0.0
1302,78180.0,78180,27.822601019112003,27.822601019112003,253.00728961124744,0.0,27.82260107407291,-5.496090879967138e-08,0.0
1303,78240.0,78240,27.822601025980475,27.822601025980475,253.40144312554742,0.0,27.822601080939105,-5.4958629854157725e-08,0.0
1304,78300.0,78300,27.822601032769462,27.822601032769462,253.7955966399447,0.0,27.822601087725793,-5.495632679578072e-08,0.0
1305,78360.0,78360,27.822601039476936,27.822601039476936,254.1897501544382,0.0,27.822601094430933,-5.495399942823322e-08,0.0
1306,78420.0,78420,27.82260104610083,27.82260104610083,254.58390366902668,0.0,27.822601101052474,-5.4951647550375637e-08,0.0
1307,78480.0,78480,27.82260105263906,27.82260105263906,254.97805718370907,0.0,27.82260110758833,-5.4949270956126825e-08,0.0
1308,78540.0,78540,27.822601059089532,27.822601059089532,255.37221069848405,0.0,27.822601114036406,-5.4946869434423694e-08,0.0
1309,78600.0,78600,27.822601065450122,27.822601065450122,255.76636421335044,0.0,27.822601120394566,-5.4944442769132784e-08,0.0
1310,78660.0,78660,27.822601071718676,27.822601071718676,256.16051772830696,0.0,27.82260112666067,-5.494199073897411e-08,0.0
1311,78720.0,78720,27.822601077893022,27.822601077893022,256.55467124335223,0.0,27.82260113283254,-5.493951311746099e-08,0.0
1312,78780.0,78780,27.822601083970962,27.822601083970962,256.94882475848505,0.0,27.822601138907974,-5.4937009672810675e-08,0.0
1313,78840.0,78840,27.82260108995027,27.82260108995027,257.342978273704,0.0,27.82260114488475,-5.4934480167880456e-08,0.0
1314,78900.0,78900,27.82260109582869,27.82260109582869,257.73713178900755,0.0,27.822601150760615,-5.4931924360098026e-08,0.0
1315,78960.0,78960,27.822601101603947,27.822601101603947,258.1312853043944,0.0,27.822601156533285,-5.492934200135339e-08,0.0
1316,79020.0,79020,27.822601107273723,27.822601107273723,258.52543881986315,0.0,27.822601162200456,-5.4926732837970615e-08,0.0
1317,79080.0,79080,27.822601112835684,27.822601112835684,258.9195923354122,0.0,27.822601167759778,-5.492409661058278e-08,0.0
1318,79140.0,79140,27.822601118287455,27.822601118287455,259.31374585104004,0.0,27.822601173208884,-5.492143305410001e-08,0.0
1319,79200.0,79200,27.822601123626633,27.822601123626633,259.7078993667451,0.0,27.822601178545373,-5.49187418975938e-08,0.0
1320,79260.0,79260,27.822601128850778,27.822601128850778,260.10205288252587,0.0,27.8226011837668,-5.491602286423966e-08,0.0
1321,79320.0,79320,27.822601133957427,27.822601133957427,260.4962063983806,0.0,27.822601188870703,-5.4913275671240955e-08,0.0
1322,79380.0,79380,27.822601138944073,27.822601138944073,260.8903599143076,0.0,27.82260119385457,-5.491050002973767e-08,0.0
1323,79440.0,79440,27.822601143808175,27.822601143808175,261.2845134303054,0.0,27.82260119871587,-5.4907695644739685e-08,0.0
1324,79500.0,79500,27.82260114854715,27.82260114854715,261.67866694637206,0.0,27.822601203452013,-5.490486221503549e-08,0.0
1325,79560.0,79560,27.82260115315839,27.82260115315839,262.07282046250583,0.0,27.82260120806039,-5.490199943313585e-08,0.0
1326,79620.0,79620,27.822601157639237,27.822601157639237,262.46697397870497,0.0,27.822601212538345,-5.489910698516465e-08,0.0
1327,79680.0,79680,27.822601161986995,27.822601161986995,262.8611274949676,0.0,27.822601216883182,-5.489618455080443e-08,0.0
1328,79740.0,79740,27.822601166198933,27.822601166198933,263.25528101129186,0.0,27.822601221092164,-5.489323180321261e-08,0.0
1329,79800.0,79800,27.82260117027227,27.82260117027227,263.64943452767574,0.0,27.82260122516252,-5.489024840893221e-08,0.0
1330,79860.0,79860,27.822601174204188,27.822601174204188,264.0435880441173,0.0,27.822601229091426,-5.4887234027824154e-08,0.0
1331,79920.0,79920,27.822601177991825,27.822601177991825,264.43774156061465,0.0,27.822601232876014,-5.4884188312981656e-08,0.0
1332,79980.0,79980,27.822601181632272,27.822601181632272,264.8318950771656,0.0,27.822601236513382,-5.48811109106616e-08,0.0
1333,80040.0,80040,27.822601185122572,27.822601185122572,265.22604859376816,0.0,27.82260124000057,-5.4878001460206494e-08,0.0
1334,80100.0,80100,27.822601188459725,27.822601188459725,265.62020211042017,0.0,27.82260124333458,-5.487485959394196e-08,0.0
1335,80160.0,80160,27.822601191640686,27.822601191640686,266.01435562711947,0.0,27.82260124651237,-5.487168493714572e-08,0.0
1336,80220.0,80220,27.822601194662354,27.822601194662354,266.40850914386385,0.0,27.82260124953083,-5.4868477107929086e-08,0.0
1337,80280.0,80280,27.822601197521582,27.822601197521582,266.80266266065104,0.0,27.822601252386818,-5.48652357171862e-08,0.0
1338,80340.0,80340,27.82260120021518,27.82260120021518,267.19681617747875,0.0,27.822601255077142,-5.486196036850751e-08,0.0
1339,80400.0,80400,27.822601202739897,27.822601202739897,267.59096969434466,0.0,27.822601257598546,-5.485865065811962e-08,0.0
1340,80460.0,80460,27.82260120509243,27.82260120509243,267.9851232112463,0.0,27.822601259947735,-5.485530617478932e-08,0.0
1341,80520.0,80520,27.822601207269432,27.822601207269432,268.37927672818125,0.0,27.822601262121356,-5.4851926499773794e-08,0.0
1342,80580.0,80580,27.822601209267493,27.822601209267493,268.7734302451471,0.0,27.822601264116003,-5.484851120674443e-08,0.0
1343,80640.0,80640,27.822601211083153,27.822601211083153,269.1675837621412,0.0,27.822601265928213,-5.484505986170595e-08,0.0
1344,80700.0,80700,27.822601212712904,27.822601212712904,269.56173727916115,0.0,27.822601267554475,-5.484157202293813e-08,0.0
1345,80760.0,80760,27.82260121415317,27.82260121415317,269.9558907962041,0.0,27.822601268991214,-5.48380472409431e-08,0.0
1346,80820.0,80820,27.822601215400322,27.822601215400322,270.35004431326746,0.0,27.822601270234806,-5.483448505834288e-08,0.0
1347,80880.0,80880,27.822601216450686,27.822601216450686,270.7441978303485,0.0,27.82260127128157,-5.48308850098446e-08,0.0
1348,80940.0,80940,27.822601217300516,27.822601217300516,271.1383513474445,0.0,27.822601272127763,-5.482724662218025e-08,0.0
1349,81000.0,81000,27.82260121794602,27.822601217946016,271.5325048645525,0.0,27.822601272769585,-5.4823569414027766e-08,0.0
1350,81060.0,81060,27.822601218383337,27.822601218383337,271.9266583816696,0.0,27.82260127320319,-5.4819852895971496e-08,0.0
1351,81120.0,81120,27.822601218608558,27.822601218608558,272.320811898793,0.0,27.822601273424656,-5.481609657043639e-08,0.0
1352,81180.0,81180,27.822601218617717,27.822601218617717,272.71496541591955,0.0,27.822601273430013,-5.4812299931632514e-08,0.0
1353,81240.0,81240,27.822601218406778,27.822601218406778,273.10911893304626,0.0,27.82260127321524,-5.480846246551836e-08,0.0
1354,81300.0,81300,27.82260121797166,27.82260121797166,273.50327245016996,0.0,27.822601272776243,-5.480458364974445e-08,0.0
1355,81360.0,81360,27.82260121730821,27.82260121730821,273.8974259672875,0.0,27.822601272108873,-5.480066295359598e-08,0.0
1356,81420.0,81420,27.82260121641223,27.82260121641223,274.2915794843957,0.0,27.82260127120893,-5.479669983797586e-08,0.0
1357,81480.0,81480,27.82260121527946,27.82260121527946,274.6857330014912,0.0,27.822601270072152,-5.4792693755344567e-08,0.0
1358,81540.0,81540,27.822601213905575,27.822601213905575,275.0798865185707,0.0,27.822601268694218,-5.4788644149698476e-08,0.0
1359,81600.0,81600,27.8226012122862,27.8226012122862,275.47404003563065,0.0,27.822601267070752,-5.478455045651821e-08,0.0
1360,81660.0,81660,27.82260121041691,27.82260121041691,275.8681935526677,0.0,27.82260126519732,-5.4780412102774184e-08,0.0
1361,81720.0,81720,27.822601208293204,27.822601208293204,276.26234706967836,0.0,27.822601263069433,-5.477622850686841e-08,0.0
1362,81780.0,81780,27.822601205910544,27.822601205910544,276.65650058665886,0.0,27.822601260682543,-5.477199907862782e-08,0.0
1363,81840.0,81840,27.822601203264334,27.822601203264334,277.05065410360567,0.0,27.822601258032055,-5.4767723219292104e-08,0.0
1364,81900.0,81900,27.822601200349915,27.822601200349915,277.44480762051495,0.0,27.822601255113312,-5.476340032149395e-08,0.0
1365,81960.0,81960,27.82260119716258,27.82260119716258,277.83896113738297,0.0,27.82260125192161,-5.47590297692609e-08,0.0
1366,82020.0,82020,27.822601193697583,27.822601193697583,278.23311465420585,0.0,27.822601248452195,-5.475461093799845e-08,0.0
1367,82080.0,82080,27.822601189950113,27.822601189950113,278.6272681709797,0.0,27.82260124470026,-5.4750143194520124e-08,0.0
1368,82140.0,82140,27.822601185915318,27.822601185915318,279.0214216877004,0.0,27.822601240660944,-5.4745625897026806e-08,0.0
1369,82200.0,82200,27.82260118158829,27.82260118158829,279.415575204364,0.0,27.822601236329348,-5.474105839513963e-08,0.0
1370,82260.0,82260,27.822601176964092,27.82260117696409,279.8097287209663,0.0,27.82260123170053,-5.473644002991881e-08,0.0
1371,82320.0,82320,27.82260117203773,27.82260117203773,280.203882237503,0.0,27.8226012267695,-5.4731770133877716e-08,0.0
1372,82380.0,82380,27.82260116680418,27.82260116680418,280.59803575397007,0.0,27.822601221531226,-5.472704803104402e-08,0.0
1373,82440.0,82440,27.822601161258365,27.822601161258365,280.992189270363,0.0,27.82260121598064,-5.4722273036961576e-08,0.0
1374,82500.0,82500,27.82260115539519,27.82260115539519,281.3863427866773,0.0,27.822601210112634,-5.4717444458766586e-08,0.0
1375,82560.0,82560,27.82260114920951,27.82260114920951,281.78049630290855,0.0,27.822601203922073,-5.471256159523083e-08,0.0
1376,82620.0,82620,27.82260114269616,27.82260114269616,282.1746498190522,0.0,27.822601197403788,-5.470762373683693e-08,0.0
1377,82680.0,82680,27.822601135849943,27.822601135849943,282.5688033351036,0.0,27.82260119055258,-5.4702630165824426e-08,0.0
1378,82740.0,82740,27.82260112866564,27.82260112866564,282.96295685105804,0.0,27.82260118336322,-5.469758015628754e-08,0.0
1379,82800.0,82800,27.822601121138003,27.822601121138003,283.3571103669107,0.0,27.822601175830474,-5.469247297425984e-08,0.0
1380,82860.0,82860,27.822601113261776,27.82260111326177,283.75126388265676,0.0,27.822601167949077,-5.46873078777932e-08,0.0
1381,82920.0,82920,27.822601105031673,27.822601105031673,284.1454173982912,0.0,27.822601159713756,-5.4682084117097944e-08,0.0
1382,82980.0,82980,27.822601096442416,27.822601096442416,284.53957091380914,0.0,27.822601151119216,-5.467680093461523e-08,0.0
1383,83040.0,83040,27.822601087488707,27.822601087488707,284.93372442920537,0.0,27.822601142160167,-5.4671457565175035e-08,0.0
1384,83100.0,83100,27.822601078165256,27.822601078165256,285.32787794447484,0.0,27.82260113283131,-5.466605323610994e-08,0.0
1385,83160.0,83160,27.822601068466767,27.822601068466767,285.7220314596121,0.0,27.822601123127352,-5.466058716741874e-08,0.0
1386,83220.0,83220,27.82260105838795,27.82260105838795,286.11618497461205,0.0,27.822601113043007,-5.46550585719047e-08,0.0
1387,83280.0,83280,27.822601047923524,27.822601047923524,286.5103384894692,0.0,27.82260110257299,-5.4649466655358905e-08,0.0
1388,83340.0,83340,27.822601037068242,27.822601037068242,286.9044920041781,0.0,27.822601091712052,-5.4643810616726676e-08,0.0
1389,83400.0,83400,27.82260102581685,27.82260102581685,287.2986455187333,0.0,27.82260108045494,-5.463808964831544e-08,0.0
1390,83460.0,83460,27.822601014164142,27.822601014164142,287.69279903312906,0.0,27.82260106879645,-5.463230293597806e-08,0.0
1391,83520.0,83520,27.82260100210494,27.82260100210494,288.0869525473598,0.0,27.82260105673139,-5.462644965935077e-08,0.0
1392,83580.0,83580,27.822600989634097,27.822600989634097,288.4811060614197,0.0,27.822601044254625,-5.462052899206849e-08,0.0
1393,83640.0,83640,27.822600976746514,27.822600976746514,288.87525957530295,0.0,27.822601031361053,-5.461454010201685e-08,0.0
1394,83700.0,83700,27.82260096343714,27.82260096343714,289.2694130890036,0.0,27.82260101804562,-5.4608482151596415e-08,0.0
1395,83760.0,83760,27.82260094970098,27.82260094970098,289.6635666025158,0.0,27.822601004303333,-5.4602354297973785e-08,0.0
1396,83820.0,83820,27.82260093553311,27.82260093553311,290.0577201158334,0.0,27.82260099012926,-5.459615569338156e-08,0.0
1397,83880.0,83880,27.82260092092865,27.82260092092865,290.4518736289502,0.0,27.822600975518537,-5.4589885485445555e-08,0.0
1398,83940.0,83940,27.822600905882833,27.822600905882833,290.8460271418602,0.0,27.82260096046637,-5.458354281745e-08,0.0
1399,84000.0,84000,27.822600890390934,27.822600890390934,291.2401806545571,0.0,27.82260094496806,-5.457712682872685e-08,0.0
1400,84060.0,84060,27.822600874448348,27.822600874448348,291.63433416703447,0.0,27.822600929018986,-5.457063665496325e-08,0.0
1401,84120.0,84120,27.82260085805055,27.82260085805055,292.02848767928606,0.0,27.82260091261462,-5.456407142860123e-08,0.0
1402,84180.0,84180,27.82260084119313,27.82260084119313,292.4226411913054,0.0,27.822600895750558,-5.4557430279209087e-08,0.0
1403,84240.0,84240,27.822600823871777,27.822600823871777,292.8167947030858,0.0,27.822600878422488,-5.45507123338792e-08,0.0
1404,84300.0,84300,27.822600806082306,27.822600806082303,293.21094821462094,0.0,27.822600860626217,-5.4543916717660564e-08,0.0
1405,84360.0,84360,27.822600787820654,27.822600787820654,293.60510172590415,0.0,27.822600842357698,-5.4537042553984774e-08,0.0
1406,84420.0,84420,27.822600769082904,27.8226007690829,293.9992552369286,0.0,27.822600823612987,-5.453008896514184e-08,0.0
1407,84480.0,84480,27.82260074986526,27.82260074986526,294.3934087476876,0.0,27.822600804388312,-5.452305507274284e-08,0.0
1408,84540.0,84540,27.82260073016409,27.82260073016409,294.7875622581744,0.0,27.822600784680034,-5.451593999821737e-08,0.0
1409,84600.0,84600,27.822600709975926,27.822600709975926,295.18171576838205,0.0,27.82260076448467,-5.450874286334954e-08,0.0
1410,84660.0,84660,27.82260068929745,27.82260068929745,295.57586927830374,0.0,27.822600743798912,-5.450146279077071e-08,0.0
1411,84720.0,84720,27.822600668125517,27.822600668125517,295.9700227879326,0.0,27.82260072261962,-5.449409890456601e-08,0.0
1412,84780.0,84780,27.822600646457182,27.82260064645718,296.3641762972614,0.0,27.822600700943834,-5.448665033083198e-08,0.0
1413,84840.0,84840,27.82260062428967,27.822600624289667,296.75832980628337,0.0,27.822600678768787,-5.4479116198253016e-08,0.0
1414,84900.0,84900,27.822600601620408,27.822600601620408,297.1524833149912,0.0,27.822600656091904,-5.447149563876239e-08,0.0
1415,84960.0,84960,27.822600578447044,27.822600578447044,297.546636823378,0.0,27.822600632910827,-5.4463787788146005e-08,0.0
1416,85020.0,85020,27.822600554767412,27.82260055476741,297.94079033143646,0.0,27.822600609223404,-5.4455991786726936e-08,0.0
1417,85080.0,85080,27.82260053057958,27.82260053057958,298.3349438391595,0.0,27.822600585027686,-5.4448106780047186e-08,0.0
1418,85140.0,85140,27.822600505881855,27.822600505881855,298.7290973465399,0.0,27.822600560321987,-5.4440131919555096e-08,0.0
1419,85200.0,85200,27.82260048067276,27.82260048067276,299.1232508535705,0.0,27.82260053510483,-5.4432066363361373e-08,0.0
1420,85260.0,85260,27.822600454951083,27.822600454951083,299.5174043602439,0.0,27.82260050937499,-5.442390927696317e-08,0.0
1421,85320.0,85320,27.822600428715834,27.822600428715834,299.91155786655304,0.0,27.82260048313149,-5.441565983402831e-08,0.0
1422,85380.0,85380,27.8226004019663,27.8226004019663,300.3057113724904,0.0,27.822600456373618,-5.44073172171852e-08,0.0
1423,85440.0,85440,27.82260037470203,27.82260037470203,300.69986487804886,0.0,27.822600429100913,-5.439888061883719e-08,0.0
1424,85500.0,85500,27.822600346922844,27.822600346922844,301.0940183832211,0.0,27.82260040131319,-5.439034924199662e-08,0.0
1425,85560.0,85560,27.822600318628822,27.822600318628822,301.4881718879999,0.0,27.82260037301054,-5.438172230113586e-08,0.0
1426,85620.0,85620,27.822600289820347,27.822600289820347,301.8823253923779,0.0,27.822600344193344,-5.4372999023076886e-08,0.0
1427,85680.0,85680,27.822600260498078,27.822600260498074,302.27647889634767,0.0,27.822600314862257,-5.4364178647885536e-08,0.0
1428,85740.0,85740,27.822600230662964,27.822600230662964,302.67063239990216,0.0,27.82260028501823,-5.4355260429779895e-08,0.0
1429,85800.0,85800,27.822600200316266,27.822600200316266,303.064785903034,0.0,27.822600254662508,-5.434624363808474e-08,0.0
1430,85860.0,85860,27.822600169459527,27.822600169459527,303.4589394057359,0.0,27.822600223796652,-5.433712755816156e-08,0.0
1431,85920.0,85920,27.8226001380946,27.8226001380946,303.8530929080008,0.0,27.82260019242251,-5.4327911492412827e-08,0.0
1432,85980.0,85980,27.822600106223657,27.822600106223657,304.2472464098213,0.0,27.82260016054225,-5.431859476124683e-08,0.0
1433,86040.0,86040,27.822600073849166,27.822600073849166,304.6413999111904,0.0,27.822600128158342,-5.4309176704114815e-08,0.0
1434,86100.0,86100,27.82260004097392,27.82260004097392,305.03555341210074,0.0,27.82260009527358,-5.429965668049373e-08,0.0
1435,86160.0,86160,27.822600007601018,27.822600007601018,305.4297069125455,0.0,27.822600061891052,-5.4290034070957217e-08,0.0
1436,86220.0,86220,27.822599973733876,27.822599973733876,305.8238604125175,0.0,27.822600028014183,-5.42803082782185e-08,0.0
1437,86280.0,86280,27.82259993937622,27.82259993937622,306.21801391200967,0.0,27.8225999936467,-5.427047872818259e-08,0.0
1438,86340.0,86340,27.822599904532108,27.822599904532108,306.61216741101515,0.0,27.822599958792654,-5.426054487102868e-08,0.0
1439,86400.0,86400,27.822599869205888,27.822599869205888,307.00632090952695,0.0,27.82259992345639,-5.425050618228023e-08,0.0
1440,,86460,,,,,,,
