,time,time_x,P_Grid,P_BTMS,E_BTMS,P_Charge,P_BTMS_Ch,P_BTMS_DCh,"param: btms size, a,b_sys,b_cap,b_loan,c,d_wait_cost",E_Shift,P_Shift
0,60.0,60,1.5232060172301609e-06,1.864515857321763e-06,1.0524659511586227e-05,0.0,2.010620380287093e-06,1.4610452523235442e-07,3.472005007657993e-05,2.8225633959635764e-14,3.4130984217573365e-07
1,120.0,120,1.6446246318617808e-06,1.6797800969303863e-06,1.0550707888343022e-05,0.0,1.827100650747001e-06,1.4732055564752463e-07,0.06575342465753424,5.688635377453383e-09,3.51554670212437e-08
2,180.0,180,1.6572433995333135e-06,1.661363300371218e-06,1.0574136134211448e-05,0.0,1.8088287647498189e-06,1.4746546625030078e-07,0.04323985936321764,6.274657610894422e-09,4.119902699281575e-09
3,240.0,240,1.6576364337023336e-06,1.6581215563455394e-06,1.0597303112310913e-05,0.0,1.8056152756379168e-06,1.4749372117720173e-07,0.023148148148148147,6.343418160747897e-09,4.851244964556689e-10
4,300.0,300,1.656596714310565e-06,1.6566492621503396e-06,1.0620424094198871e-05,0.0,1.8041565414291397e-06,1.4750728118218772e-07,0.009341992564003648,6.351599015034688e-09,5.254968858047838e-11
5,360.0,360,1.655395610658295e-06,1.6553963817133031e-06,1.0643524183824687e-05,0.0,1.8029152238219616e-06,1.4751884394066145e-07,0.12,6.3525706321123875e-09,7.729884531190957e-13
6,420.0,420,1.6541829168071648e-06,1.6541774962877423e-06,1.0666606494550793e-05,0.0,1.801707565840505e-06,1.4753007145533025e-07,5.0,6.352679706766057e-09,-5.418643709442993e-12
7,480.0,480,1.65297595813748e-06,1.6529698171841142e-06,1.06896715088153e-05,0.0,1.8005110136311276e-06,1.4754119834621377e-07,0.0,6.352685994767804e-09,-6.139060596815079e-12
8,540.0,540,1.6517765148367268e-06,1.6517702995569288e-06,1.071271938563309e-05,0.0,1.7993225609911441e-06,1.4755226336600894e-07,0.0,6.352680679769883e-09,-6.213404296131172e-12
9,600.0,600,1.650584615849546e-06,1.650578393554435e-06,1.0735750240786078e-05,0.0,1.7981416668814218e-06,1.4756327524615858e-07,0.0,6.352674525495527e-09,-6.220393771862456e-12
10,660.0,660,1.6494001346457469e-06,1.6493939064019815e-06,1.0758764182245635e-05,0.0,1.7969681414637995e-06,1.475742369886552e-07,0.0,6.352668650413368e-09,-6.226337056212287e-12
11,720.0,720,1.648222956360478e-06,1.64821671770993e-06,1.0781761315242651e-05,0.0,1.7958018657755202e-06,1.475851499998169e-07,0.0,6.352663068019649e-09,-6.236738582717876e-12
12,780.0,780,1.6470529859467223e-06,1.647046733331527e-06,1.0804741743301688e-05,0.0,1.794642746431259e-06,1.475960150076633e-07,0.0,6.3526577002201475e-09,-6.250663436869725e-12
13,840.0,840,1.645890142711109e-06,1.6458838738008991e-06,1.0827705568608637e-05,0.0,1.793490704249538e-06,1.476068323682405e-07,0.0,6.352652484632186e-09,-6.266956437372836e-12
14,900.0,900,1.6447343558059969e-06,1.6447280690267059e-06,1.08506528922255e-05,0.0,1.7923456693716204e-06,1.4761760222138538e-07,0.0,6.352647378239779e-09,-6.2847713621805815e-12
15,960.0,960,1.6435855611857152e-06,1.6435792557004959e-06,1.0873583814218708e-05,0.0,1.7912075783629073e-06,1.4762832459188612e-07,0.0,6.352642352229265e-09,-6.303516658155097e-12
16,1020.0,1020,1.6424436995185196e-06,1.6424373747074948e-06,1.0896498433758789e-05,0.0,1.79007637228418e-06,1.476389994599965e-07,0.0,6.352637387734455e-09,-6.322784787637851e-12
17,1080.0,1080,1.6413087147592269e-06,1.6413023705372075e-06,1.091939684917843e-05,0.0,1.7889519953447847e-06,1.4764962680981167e-07,0.0,6.352632472759503e-09,-6.3423022226619985e-12
18,1140.0,1140,1.6401805531619869e-06,1.640174189373464e-06,1.0942279158023852e-05,0.0,1.787834393993789e-06,1.476602066595315e-07,0.0,6.352627599938526e-09,-6.361894134029595e-12
19,1200.0,1200,1.6390591626333528e-06,1.6390527791764393e-06,1.0965145457079359e-05,0.0,1.7867235163072626e-06,1.4767073907761755e-07,0.0,6.352622764883136e-09,-6.3814557315754656e-12
20,1260.0,1260,1.6379444923091762e-06,1.6379380894378167e-06,1.098799584239313e-05,0.0,1.785619311606764e-06,1.4768122418790497e-07,0.0,6.352617965008084e-09,-6.400930718869834e-12
21,1320.0,1320,1.636836492306702e-06,1.6368300700482019e-06,1.1010830409294065e-05,0.0,1.7845217302103184e-06,1.476916621672662e-07,0.0,6.352613198719989e-09,-6.4202921705678455e-12
22,1380.0,1380,1.6357351135648726e-06,1.6357286720512162e-06,1.1033649252403363e-05,0.0,1.7834307232908924e-06,1.4770205323830093e-07,0.0,6.35260846492121e-09,-6.439530077644087e-12
23,1440.0,1440,1.6346403077544188e-06,1.6346338471200515e-06,1.1056452465647911e-05,0.0,1.7823462427770942e-06,1.4771239765960566e-07,0.0,6.352603762724455e-09,-6.4586411903196914e-12
24,1500.0,1500,1.6335520272057632e-06,1.6335455475245314e-06,1.1079240142267195e-05,0.0,1.7812682412893269e-06,1.4772269571551047e-07,0.0,6.352599091337692e-09,-6.4776239733513296e-12
25,1560.0,1560,1.6324702248594867e-06,1.6324637263074287e-06,1.1102012374828116e-05,0.0,1.7801966720715238e-06,1.4773294770631852e-07,0.0,6.352594450032036e-09,-6.4964754772465535e-12
26,1620.0,1620,1.631394854214229e-06,1.631388336997987e-06,1.1124769255226007e-05,0.0,1.7791314889322251e-06,1.4774315394019813e-07,0.0,6.352589838161571e-09,-6.5151901678369426e-12
27,1680.0,1680,1.6303258692675356e-06,1.630319333376147e-06,1.1147510874700059e-05,0.0,1.7780726461913111e-06,1.4775331472653096e-07,0.0,6.3525852552062715e-09,-6.533761640140634e-12
28,1740.0,1740,1.6292632244774378e-06,1.6292566702871124e-06,1.1170237323835356e-05,0.0,1.7770200986115368e-06,1.4776343037125374e-07,0.0,6.35258070078301e-09,-6.552182428523779e-12
29,1800.0,1800,1.6282068747052025e-06,1.6282003021473217e-06,1.1192948692571597e-05,0.0,1.775973801365871e-06,1.4777350117357846e-07,0.0,6.352576174662404e-09,-6.570447118461193e-12
30,1860.0,1860,1.6271567751930776e-06,1.6271501845468608e-06,1.1215645070207574e-05,0.0,1.7749337099882157e-06,1.4778352742408735e-07,0.0,6.3525716767326376e-09,-6.588552067890372e-12
31,1920.0,1920,1.6261128815378481e-06,1.6261062729431721e-06,1.1238326545409683e-05,0.0,1.7738997803572155e-06,1.477935094037386e-07,0.0,6.352567206969127e-09,-6.606497086146035e-12
32,1980.0,1980,1.6250751496882237e-06,1.6250685233464017e-06,1.1260993206210724e-05,0.0,1.7728719686885679e-06,1.4780344738345544e-07,0.0,6.352562765375541e-09,-6.6242852578328284e-12
33,2040.0,2040,1.624043535952451e-06,1.6240368919303252e-06,1.1283645140022062e-05,0.0,1.7718502315444644e-06,1.4781334162415954e-07,0.0,6.35255835192769e-09,-6.641922879722518e-12
34,2100.0,2100,1.623017997020239e-06,1.6230113355773371e-06,1.1306282433633242e-05,0.0,1.7708345258579767e-06,1.4782319237696134e-07,0.0,6.352553966519907e-09,-6.659419107871334e-12
35,2160.0,2160,1.6219984899961554e-06,1.621991811175694e-06,1.1328905173220902e-05,0.0,1.769824808964575e-06,1.4783299988344064e-07,0.0,6.352549608916266e-09,-6.676784698055809e-12
36,2220.0,2220,1.6209849724384528e-06,1.620978276363686e-06,1.1351513444352238e-05,0.0,1.7688210386420452e-06,1.4784276437590848e-07,0.0,6.352545278721644e-09,-6.694031559228969e-12
37,2280.0,2280,1.6199774024008627e-06,1.619970689201187e-06,1.1374107331992913e-05,0.0,1.7678231731553555e-06,1.4785248607767195e-07,0.0,6.3525409753642725e-09,-6.711171517972156e-12
38,2340.0,2340,1.6189757384735056e-06,1.6189690082337041e-06,1.1396686920513361e-05,0.0,1.766831171299644e-06,1.4786216520321172e-07,0.0,6.352536698093952e-09,-6.7282157946733226e-12
39,2400.0,2400,1.617979939823389e-06,1.6179731925037222e-06,1.141925229369608e-05,0.0,1.7658449924360505e-06,1.47871801958409e-07,0.0,6.352532445993356e-09,-6.745173889857185e-12
40,2460.0,2460,1.6169899662238475e-06,1.616983202075113e-06,1.1441803534745392e-05,0.0,1.7648645965285642e-06,1.4788139654070243e-07,0.0,6.35252821800479e-09,-6.762053645758439e-12
41,2520.0,2520,1.616005778079815e-06,1.615998997111326e-06,1.1464340726294942e-05,0.0,1.7638899441660497e-06,1.478909491393626e-07,0.0,6.352524012957159e-09,-6.778860402894399e-12
42,2580.0,2580,1.6150273364431037e-06,1.6150205387729383e-06,1.1486863950416438e-05,0.0,1.7629209965788698e-06,1.479004599357647e-07,0.0,6.352519829608294e-09,-6.795597271161576e-12
43,2640.0,2640,1.6140546030175549e-06,1.6140477886675622e-06,1.1509373288629998e-05,0.0,1.7619577156450002e-06,1.4790992910371536e-07,0.0,6.352515666680834e-09,-6.812264960361536e-12
44,2700.0,2700,1.6130875401582518e-06,1.6130807092316896e-06,1.153186882191146e-05,0.0,1.761000063883534e-06,1.4791935680991415e-07,0.0,6.352511522901782e-09,-6.828861749105566e-12
45,2760.0,2760,1.6121261108534262e-06,1.6121192633155794e-06,1.155435063070416e-05,0.0,1.7600480044510272e-06,1.4792874321436431e-07,0.0,6.35250739704215e-09,-6.845384399283583e-12
46,2820.0,2820,1.611170278712634e-06,1.6111634147195943e-06,1.1576818794925828e-05,0.0,1.759101501113e-06,1.479380884709867e-07,0.0,6.352503287943236e-09,-6.861827683751306e-12
47,2880.0,2880,1.610220007934905e-06,1.6102131275785111e-06,1.1599273393979353e-05,0.0,1.75816051822625e-06,1.4794739272816044e-07,0.0,6.352499194546949e-09,-6.878185645753643e-12
48,2940.0,2940,1.6092752632855773e-06,1.6092683666370867e-06,1.162171450675928e-05,0.0,1.7572250207022335e-06,1.4795665612934638e-07,0.0,6.35249511591118e-09,-6.8944510433002585e-12
49,3000.0,3000,1.6083360100571121e-06,1.6083290972086934e-06,1.164414221166114e-05,0.0,1.756294973981714e-06,1.4796587881366752e-07,0.0,6.352491051227938e-09,-6.9106166539018125e-12
50,3060.0,3060,1.6074022140376805e-06,1.6073952851665133e-06,1.1666556586588167e-05,0.0,1.7553703439971283e-06,1.4797506091653717e-07,0.0,6.352486999823055e-09,-6.926675197900891e-12
51,3120.0,3120,1.6064738414779685e-06,1.6064668967131697e-06,1.1688957708957974e-05,0.0,1.7544510971389126e-06,1.4798420257022973e-07,0.0,6.3524829611586645e-09,-6.94261970825411e-12
52,3180.0,3180,1.6055508590586704e-06,1.605543898529103e-06,1.1711345655712119e-05,0.0,1.7535372002201768e-06,1.4799330390432502e-07,0.0,6.35247893482636e-09,-6.958443629916096e-12
53,3240.0,3240,1.6046332338566116e-06,1.6046262575569717e-06,1.1733720503317503e-05,0.0,1.7526286204522675e-06,1.4800236504626645e-07,0.0,6.3524749205402566e-09,-6.974141432569312e-12
54,3300.0,3300,1.6037209333188372e-06,1.6037139414860163e-06,1.1756082327775931e-05,0.0,1.7517253254133774e-06,1.480113861216655e-07,0.0,6.35247091812034e-09,-6.989708507405686e-12
55,3360.0,3360,1.6028139252380996e-06,1.6028069179761169e-06,1.1778431204626333e-05,0.0,1.7508272830254006e-06,1.4802036725466337e-07,0.0,6.3524669274766995e-09,-7.0051411499666535e-12
56,3420.0,3420,1.6019121777344094e-06,1.6019051550774726e-06,1.1800767208951671e-05,0.0,1.7499344615308154e-06,1.4802930856821343e-07,0.0,6.352462948593971e-09,-7.0204366259874634e-12
57,3480.0,3480,1.6010156592344032e-06,1.6010086215317466e-06,1.1823090415384422e-05,0.0,1.7490468294812139e-06,1.4803821018420946e-07,0.0,6.352458981515671e-09,-7.03559328389829e-12
58,3540.0,3540,1.600124338460306e-06,1.600117285607403e-06,1.184540089810718e-05,0.0,1.748164355721187e-06,1.4804707222368247e-07,0.0,6.352455026325068e-09,-7.0506103748055174e-12
59,3600.0,3600,1.5992381844211502e-06,1.599231116794413e-06,1.1867698730860382e-05,0.0,1.7472870093779973e-06,1.4805589480684507e-07,0.0,6.352451083131994e-09,-7.0654877122461375e-12
60,3660.0,3660,1.598357166402853e-06,1.5983500839730229e-06,1.1889983986944326e-05,0.0,1.7464147598588376e-06,1.4806467805316918e-07,0.0,6.352447152060559e-09,-7.080226122504319e-12
61,3720.0,3720,1.5974812539669233e-06,1.597474156890498e-06,1.1912256739225268e-05,0.0,1.7455475768421776e-06,1.4807342208138605e-07,0.0,6.3524432332343735e-09,-7.0948266836405446e-12
62,3780.0,3780,1.5966104169480494e-06,1.5966033054782887e-06,1.1934517060136844e-05,0.0,1.7446854302785759e-06,1.480821270095037e-07,0.0,6.352439326772094e-09,-7.109290925396681e-12
63,3840.0,3840,1.5957446254517915e-06,1.5957374995895832e-06,1.1956765021684533e-05,0.0,1.7438282903887264e-06,1.4809079295474982e-07,0.0,6.352435432778499e-09,-7.1236207719291145e-12
64,3900.0,3900,1.5948838498564574e-06,1.5948767097086122e-06,1.197900069545134e-05,0.0,1.7429761276652086e-06,1.4809942003361294e-07,0.0,6.352431551338936e-09,-7.1378181495730986e-12
65,3960.0,3960,1.594028060813612e-06,1.5940209066532849e-06,1.2001224152598617e-05,0.0,1.7421289128743915e-06,1.481080083617395e-07,0.0,6.352427682519129e-09,-7.151885189833651e-12
66,4020.0,4020,1.5931772292497768e-06,1.5931700611108963e-06,1.202343546387336e-05,0.0,1.7412866170563828e-06,1.48116558053986e-07,0.0,6.35242382636071e-09,-7.165824099900581e-12
67,4080.0,4080,1.592331326370033e-06,1.5923241444678441e-06,1.2045634699609028e-05,0.0,1.740449211527261e-06,1.4812506922436526e-07,0.0,6.352419982881621e-09,-7.179636801538563e-12
68,4140.0,4140,1.5914903236587073e-06,1.5914831280060763e-06,1.206782192973163e-05,0.0,1.7396166678800925e-06,1.481335419860256e-07,0.0,6.352416152078294e-09,-7.1933253420324285e-12
69,4200.0,4200,1.5906541928782803e-06,1.590646983710094e-06,1.2089997223762572e-05,0.0,1.7387889579906138e-06,1.4814197645126527e-07,0.0,6.352412333925947e-09,-7.206891637460765e-12
70,4260.0,4260,1.5898229060743859e-06,1.5898156835190754e-06,1.211216065082251e-05,0.0,1.7379660540136546e-06,1.4815037273149912e-07,0.0,6.3524085283791796e-09,-7.220337389169374e-12
71,4320.0,4320,1.5889964355755066e-06,1.588989199530525e-06,1.2134312279636628e-05,0.0,1.737147928385016e-06,1.4815873093731088e-07,0.0,6.352404735374649e-09,-7.233664263301027e-12
72,4380.0,4380,1.5881747539910452e-06,1.5881675047409412e-06,1.2156452178536874e-05,0.0,1.7363345538245397e-06,1.4816705117839454e-07,0.0,6.352400954834539e-09,-7.246873847307713e-12
73,4440.0,4440,1.5873578342151309e-06,1.5873505720276034e-06,1.2178580415467032e-05,0.0,1.7355259033319984e-06,1.4817533356362563e-07,0.0,6.352397186664581e-09,-7.259967445760444e-12
74,4500.0,4500,1.5865456494226356e-06,1.586538374220311e-06,1.2200697057987195e-05,0.0,1.7347219501897342e-06,1.4818357820101694e-07,0.0,6.352393430760194e-09,-7.2729463544760746e-12
75,4560.0,4560,1.5857381730694016e-06,1.5857308850241566e-06,1.2222802173276393e-05,0.0,1.7339226679620494e-06,1.481917851977501e-07,0.0,6.3523896870053e-09,-7.285811935878934e-12
76,4620.0,4620,1.5849353788953895e-06,1.5849280780274236e-06,1.2244895828138085e-05,0.0,1.7331280304873408e-06,1.481999546601948e-07,0.0,6.352385955273313e-09,-7.298564926984044e-12
77,4680.0,4680,1.584137240912318e-06,1.5841299273618125e-06,1.2266978089002388e-05,0.0,1.7323380118902033e-06,1.482080866938562e-07,0.0,6.352382235435267e-09,-7.311206700436865e-12
78,4740.0,4740,1.5833437334148317e-06,1.5833364074321782e-06,1.2289049021931556e-05,0.0,1.731552586563793e-06,1.4821618140346715e-07,0.0,6.352378527349409e-09,-7.323737960914488e-12
79,4800.0,4800,1.5825548309694607e-06,1.5825474925421483e-06,1.2311108692624248e-05,0.0,1.7307717291784815e-06,1.4822423889294368e-07,0.0,6.35237483087369e-09,-7.336159469792736e-12
80,4860.0,4860,1.5817705084150775e-06,1.5817631576833636e-06,1.233315716641593e-05,0.0,1.7299954146759175e-06,1.4823225926535164e-07,0.0,6.352371145862095e-09,-7.34847212940332e-12
81,4920.0,4920,1.5809907408597764e-06,1.5809833780060688e-06,1.2355194508288622e-05,0.0,1.7292236182669708e-06,1.482402426229877e-07,0.0,6.352367472165435e-09,-7.360676494266455e-12
82,4980.0,4980,1.5802155036793509e-06,1.580208128676826e-06,1.2377220782867852e-05,0.0,1.7284563154275457e-06,1.4824818906732378e-07,0.0,6.3523638096335346e-09,-7.372773312746937e-12
83,5040.0,5040,1.579444772512928e-06,1.579437385410208e-06,1.2399236054434227e-05,0.0,1.7276934818972103e-06,1.4825609869903404e-07,0.0,6.352360158114626e-09,-7.384763029300189e-12
84,5100.0,5100,1.5786785232615984e-06,1.5786711243050656e-06,1.242124038691897e-05,0.0,1.7269350936735632e-06,1.4826397161799324e-07,0.0,6.352356517458631e-09,-7.396646101609208e-12
85,5160.0,5160,1.5779167320809563e-06,1.5779093213549373e-06,1.2443233843914675e-05,0.0,1.726181127014847e-06,1.482718079232704e-07,0.0,6.352352887517949e-09,-7.408423147232408e-12
86,5220.0,5220,1.5771593753836105e-06,1.5771519529470045e-06,1.2465216488673483e-05,0.0,1.7254315584286554e-06,1.4827960771315746e-07,0.0,6.352349268143888e-09,-7.420094385203488e-12
87,5280.0,5280,1.5764064298310647e-06,1.5763989957691632e-06,1.2487188384114388e-05,0.0,1.7246863646746495e-06,1.4828737108512314e-07,0.0,6.352345659192911e-09,-7.43166032936819e-12
88,5340.0,5340,1.5756578723317886e-06,1.5756504269041445e-06,1.2509149592825677e-05,0.0,1.7239455227585935e-06,1.4829509813586854e-07,0.0,6.352342060523364e-09,-7.443121262097327e-12
89,5400.0,5400,1.5749136800393915e-06,1.5749062232112892e-06,1.2531100177067163e-05,0.0,1.7232090099281927e-06,1.4830278896131283e-07,0.0,6.352338471996667e-09,-7.45447749626775e-12
90,5460.0,5460,1.5741738303461748e-06,1.5741663622334337e-06,1.255304019877647e-05,0.0,1.7224768036713687e-06,1.4831044365659014e-07,0.0,6.352334893478997e-09,-7.465729341100182e-12
91,5520.0,5520,1.5734383008802666e-06,1.5734308216730595e-06,1.2574969719568435e-05,0.0,1.7217488817125793e-06,1.483180623160605e-07,0.0,6.3523313248400015e-09,-7.476877180847866e-12
92,5580.0,5580,1.5727070695067621e-06,1.5726995792926135e-06,1.2596888800742412e-05,0.0,1.7210252220045707e-06,1.4832564503333224e-07,0.0,6.352327765951211e-09,-7.487921015039077e-12
93,5640.0,5640,1.5719801143150361e-06,1.5719726130890482e-06,1.2618797503283488e-05,0.0,1.7203058027343165e-06,1.4833319190124924e-07,0.0,6.352324216693573e-09,-7.498861403199493e-12
94,5700.0,5700,1.5712574136234623e-06,1.5712499015413468e-06,1.2640695887865123e-05,0.0,1.719590602311344e-06,1.4834070301190349e-07,0.0,6.352320676947737e-09,-7.509698517057423e-12
95,5760.0,5760,1.5705389459743138e-06,1.570531423163639e-06,1.2662584014855653e-05,0.0,1.7188795993656018e-06,1.483481784566464e-07,0.0,6.35231714659822e-09,-7.520432481761927e-12
96,5820.0,5820,1.5698246901266308e-06,1.5698171566514475e-06,1.2684461944316653e-05,0.0,1.718172772749086e-06,1.4835561832607436e-07,0.0,6.352313625537964e-09,-7.531063761458795e-12
97,5880.0,5880,1.5691146250565258e-06,1.569107081072622e-06,1.2706329736010262e-05,0.0,1.7174701015284526e-06,1.483630227100923e-07,0.0,6.352310113659713e-09,-7.541592534068618e-12
98,5940.0,5940,1.5684087299542661e-06,1.5684011755160237e-06,1.2728187449399772e-05,0.0,1.7167715649811125e-06,1.4837039169787234e-07,0.0,6.352306610861365e-09,-7.552019065848402e-12
99,6000.0,6000,1.567706984219349e-06,1.5676994195154693e-06,1.2750035143653504e-05,0.0,1.7160771425951028e-06,1.4837772537786496e-07,0.0,6.352303117044981e-09,-7.562343581191225e-12
100,6060.0,6060,1.567009367457331e-06,1.5670017925649336e-06,1.2771872877648047e-05,0.0,1.7153868140655338e-06,1.4838502383780857e-07,0.0,6.35229963211649e-09,-7.572566629640931e-12
101,6120.0,6120,1.5663158594811725e-06,1.566308274502881e-06,1.2793700709969682e-05,0.0,1.7147005592875612e-06,1.483922871647785e-07,0.0,6.352296155981819e-09,-7.58268811346503e-12
102,6180.0,6180,1.5656264403013153e-06,1.565618845335972e-06,1.281551869891965e-05,0.0,1.7140183583611305e-06,1.4839951544513174e-07,0.0,6.352292688555421e-09,-7.592708632616899e-12
103,6240.0,6240,1.5649410901288545e-06,1.5649334851110635e-06,1.2837326902516002e-05,0.0,1.7133401915818667e-06,1.484067087645511e-07,0.0,6.352289229750263e-09,-7.60262832867135e-12
104,6300.0,6300,1.5642597893691951e-06,1.564252174691458e-06,1.28591253784954e-05,0.0,1.712666039442293e-06,1.4841386720802792e-07,0.0,6.35228577948486e-09,-7.612447735251653e-12
105,6360.0,6360,1.5635825186243605e-06,1.5635748941001836e-06,1.2880914184316386e-05,0.0,1.7119958826237601e-06,1.4842099085992703e-07,0.0,6.352282337676541e-09,-7.622166928231704e-12
106,6420.0,6420,1.5629092586840854e-06,1.5629016245428743e-06,1.2902693377163426e-05,0.0,1.7113297020016494e-06,1.4842807980392178e-07,0.0,6.352278904249175e-09,-7.631786319612655e-12
107,6480.0,6480,1.5622399905264001e-06,1.5622323468518725e-06,1.2924463013948547e-05,0.0,1.7106674786386986e-06,1.4843513412301618e-07,0.0,6.35227547912683e-09,-7.641306369943095e-12
108,6540.0,6540,1.5615746953183658e-06,1.5615670422184994e-06,1.294622315131316e-05,0.0,1.710009193780154e-06,1.4844215389958462e-07,0.0,6.352272062234963e-09,-7.650727252595566e-12
109,6600.0,6600,1.5609133544078522e-06,1.5609056919669742e-06,1.2967973845632315e-05,0.0,1.7093548288570709e-06,1.4844913921534165e-07,0.0,6.352268653502399e-09,-7.660049399968012e-12
110,6660.0,6660,1.5602559493244014e-06,1.560248277661706e-06,1.2989715153016544e-05,0.0,1.7087043654814905e-06,1.48456090151388e-07,0.0,6.352265252859056e-09,-7.669273223738365e-12
111,6720.0,6720,1.5596024617788466e-06,1.5595947810263686e-06,1.3011447129314688e-05,0.0,1.7080577854416706e-06,1.4846300678815677e-07,0.0,6.3522618602346514e-09,-7.67839895913578e-12
112,6780.0,6780,1.5589528736581351e-06,1.5589451837426121e-06,1.3033169830115732e-05,0.0,1.7074150707037082e-06,1.4846988920548463e-07,0.0,6.352258475563266e-09,-7.687427018788563e-12
113,6840.0,6840,1.5583071670229686e-06,1.5582994683010194e-06,1.3054883310752258e-05,0.0,1.7067762034096375e-06,1.4847673748253896e-07,0.0,6.352255098779177e-09,-7.696357793852933e-12
114,6900.0,6900,1.557665324108209e-06,1.5576576164811688e-06,1.3076587626301654e-05,0.0,1.7061411658728615e-06,1.48483551697913e-07,0.0,6.352251729816862e-09,-7.705191711888237e-12
115,6960.0,6960,1.5570273273216351e-06,1.557019611119655e-06,1.3098282831590797e-05,0.0,1.705509940575081e-06,1.4849033192955284e-07,0.0,6.352248368612087e-09,-7.71392901096352e-12
116,7020.0,7020,1.5563931592380805e-06,1.556385434098959e-06,1.3119968981196241e-05,0.0,1.704882510169493e-06,1.484970782548194e-07,0.0,6.3522450151022e-09,-7.722570059659218e-12
117,7080.0,7080,1.555762802599104e-06,1.5557550691580705e-06,1.3141646129447274e-05,0.0,1.7042588574756895e-06,1.485037907504312e-07,0.0,6.352241669227233e-09,-7.73111538468749e-12
118,7140.0,7140,1.5551362403142326e-06,1.5551284983263764e-06,1.3163314330429563e-05,0.0,1.7036389654763333e-06,1.4851046949253103e-07,0.0,6.352238330924237e-09,-7.73956517467992e-12
119,7200.0,7200,1.554513455453323e-06,1.5545057051616517e-06,1.3184973637985571e-05,0.0,1.7030228173205326e-06,1.4851711455665898e-07,0.0,6.352235000134727e-09,-7.747920015705288e-12
120,7260.0,7260,1.5538944312519678e-06,1.5538866726378546e-06,1.320662410571759e-05,0.0,1.702410396314148e-06,1.4852372601776517e-07,0.0,6.352231676797542e-09,-7.756180033399388e-12
121,7320.0,7320,1.5532791511020794e-06,1.5532713843270724e-06,1.3228265786990798e-05,0.0,1.701801685927582e-06,1.4853030395015728e-07,0.0,6.352228360855683e-09,-7.764345874812491e-12
122,7380.0,7380,1.5526675985583368e-06,1.5526598237329518e-06,1.3249898734934464e-05,0.0,1.701196669784056e-06,1.4853684842764193e-07,0.0,6.35222505224898e-09,-7.772417665980689e-12
123,7440.0,7440,1.5520597573283387e-06,1.5520519744561791e-06,1.32715230024446e-05,0.0,1.7005953316670962e-06,1.4854335952336587e-07,0.0,6.352221750921524e-09,-7.780395928231805e-12
124,7500.0,7500,1.5514556112766392e-06,1.551447820539529e-06,1.3293138642186998e-05,0.0,1.699997655513326e-06,1.4854983730993812e-07,0.0,6.352218456815921e-09,-7.788281035648928e-12
125,7560.0,7560,1.5508551444224884e-06,1.550847345939749e-06,1.3314745706597032e-05,0.0,1.6994036254109697e-06,1.485562818593858e-07,0.0,6.352215169874577e-09,-7.796073256550398e-12
126,7620.0,7620,1.5502583409348335e-06,1.5502505346865438e-06,1.3336344247885539e-05,0.0,1.6988132256023384e-06,1.4856269324313628e-07,0.0,6.352211890042775e-09,-7.803773007274228e-12
127,7680.0,7680,1.5496651851340955e-06,1.5496573713548634e-06,1.3357934318037811e-05,0.0,1.6982264404786796e-06,1.485690715320747e-07,0.0,6.352208617264901e-09,-7.811380762826003e-12
128,7740.0,7740,1.5490756614903415e-06,1.5490678401108126e-06,1.3379515968816028e-05,0.0,1.6976432545786536e-06,1.485754167964993e-07,0.0,6.352205351484753e-09,-7.81889677208701e-12
129,7800.0,7800,1.5484897546200624e-06,1.5484819258041956e-06,1.340108925176433e-05,0.0,1.6970636525887911e-06,1.4858172910616896e-07,0.0,6.352202092647612e-09,-7.826321397598064e-12
130,7860.0,7860,1.5479074492864266e-06,1.5478996132410419e-06,1.3422654218205984e-05,0.0,1.696487619340879e-06,1.4858800853024478e-07,0.0,6.3521988407000465e-09,-7.833655041377082e-12
131,7920.0,7920,1.5473287303960567e-06,1.5473208870196724e-06,1.3444210919250478e-05,0.0,1.6959151398112239e-06,1.4859425513738182e-07,0.0,6.352195595587537e-09,-7.840898141436353e-12
132,7980.0,7980,1.5467535830002224e-06,1.5467457325607915e-06,1.3465759405792311e-05,0.0,1.6953461991175325e-06,1.4860046899561976e-07,0.0,6.3521923572550685e-09,-7.848050921012732e-12
133,8040.0,8040,1.5461819922914914e-06,1.5461741347310533e-06,1.348729972851363e-05,0.0,1.694780782518529e-06,1.4860665017252092e-07,0.0,6.3521891256506966e-09,-7.855113818533765e-12
134,8100.0,8100,1.5456139436025356e-06,1.545606078979e-06,1.3508831937887681e-05,0.0,1.694218875413347e-06,1.486127987350227e-07,0.0,6.352185900720298e-09,-7.862087119479134e-12
135,8160.0,8160,1.545049422403645e-06,1.5450415508645013e-06,1.353035608417881e-05,0.0,1.6936604633409206e-06,1.4861891474958985e-07,0.0,6.352182682412724e-09,-7.868971287995047e-12
136,8220.0,8220,1.5444884143045294e-06,1.5444805361731781e-06,1.3551872217445909e-05,0.0,1.693105531975264e-06,1.4862499828209235e-07,0.0,6.352179470674048e-09,-7.875766649483492e-12
137,8280.0,8280,1.5439309050514756e-06,1.543923020173119e-06,1.3573380387543845e-05,0.0,1.6925540671256745e-06,1.4863104939789902e-07,0.0,6.352176265451435e-09,-7.882473396979506e-12
138,8340.0,8340,1.5433768805226281e-06,1.5433689890463289e-06,1.3594880644125081e-05,0.0,1.6920060547395495e-06,1.486370681617902e-07,0.0,6.35217306669542e-09,-7.889092193465001e-12
139,8400.0,8400,1.5428263267345102e-06,1.5428184286133978e-06,1.3616373036642312e-05,0.0,1.6914614808918552e-06,1.4864305463811328e-07,0.0,6.3521698743507885e-09,-7.895623014938496e-12
140,8460.0,8460,1.542279229831925e-06,1.542271325396074e-06,1.3637857614348468e-05,0.0,1.6909203317943125e-06,1.486490088905797e-07,0.0,6.352166688369663e-09,-7.902066458907206e-12
141,8520.0,8520,1.5417355760920906e-06,1.5417276652293868e-06,1.3659334426301792e-05,0.0,1.6903825937880638e-06,1.4865493098242337e-07,0.0,6.3521635086997046e-09,-7.908422863737143e-12
142,8580.0,8580,1.5411953519243113e-06,1.5411874348286071e-06,1.368080352136563e-05,0.0,1.6898482533408303e-06,1.4866082097638506e-07,0.0,6.3521603352885715e-09,-7.914692419427942e-12
143,8640.0,8640,1.5406585438641148e-06,1.540650620619661e-06,1.370226494821006e-05,0.0,1.689317297051201e-06,1.4866667893464404e-07,0.0,6.352157168086999e-09,-7.920875514358765e-12
144,8700.0,8700,1.5401251385745975e-06,1.540117209177131e-06,1.372371875531372e-05,0.0,1.688789711645359e-06,1.4867250491887677e-07,0.0,6.352154007045422e-09,-7.926972586977018e-12
145,8760.0,8760,1.5395951228462727e-06,1.5395871874041262e-06,1.3745164990967867e-05,0.0,1.6882654839734522e-06,1.4867829899023636e-07,0.0,6.352150852112395e-09,-7.93298385284844e-12
146,8820.0,8820,1.5390684835938973e-06,1.5390605422244131e-06,1.3766603703274749e-05,0.0,1.6877446010113198e-06,1.486840612093842e-07,0.0,6.3521477032385506e-09,-7.938909718867056e-12
147,8880.0,8880,1.5385452078575134e-06,1.5385372607020144e-06,1.3788034940152074e-05,0.0,1.6872270498569897e-06,1.4868979163647265e-07,0.0,6.352144560373731e-09,-7.944750386726995e-12
148,8940.0,8940,1.5380252827979819e-06,1.5380173299177015e-06,1.3809458749333625e-05,0.0,1.6867128177328606e-06,1.4869549033112898e-07,0.0,6.352141423470355e-09,-7.950506342158777e-12
149,9000.0,9000,1.5375086956997218e-06,1.537500737175054e-06,1.3830875178370671e-05,0.0,1.6862018919809322e-06,1.4870115735251266e-07,0.0,6.352138292477867e-09,-7.956177811551806e-12
150,9060.0,9060,1.5369954339665e-06,1.5369874697234716e-06,1.3852284274634615e-05,0.0,1.6856942600639717e-06,1.4870679275925968e-07,0.0,6.3521351673477936e-09,-7.961765168480345e-12
151,9120.0,9120,1.536485485122546e-06,1.5364775153478532e-06,1.3873686085318202e-05,0.0,1.6851899095634075e-06,1.4871239660950656e-07,0.0,6.352132048031067e-09,-7.9672686386276e-12
152,9180.0,9180,1.5359788368099385e-06,1.5359708616655863e-06,1.3895080657436545e-05,0.0,1.6846888281788475e-06,1.4871796896092178e-07,0.0,6.3521289344806004e-09,-7.972688622377417e-12
153,9240.0,9240,1.535475476787667e-06,1.5354674963489987e-06,1.3916468037831384e-05,0.0,1.6841910037274446e-06,1.4872350987066482e-07,0.0,6.352125826647823e-09,-7.978025498980885e-12
154,9300.0,9300,1.5349753929332554e-06,1.5349674072237448e-06,1.3937848273169254e-05,0.0,1.683696424139608e-06,1.487290193954304e-07,0.0,6.352122724483467e-09,-7.983279348606647e-12
155,9360.0,9360,1.534478573236139e-06,1.5344705823818572e-06,1.395922140994474e-05,0.0,1.683205077463951e-06,1.4873449759139776e-07,0.0,6.352119627942033e-09,-7.988450679142173e-12
156,9420.0,9420,1.5339850058019022e-06,1.533977009793612e-06,1.3980587494482506e-05,0.0,1.6827169518612527e-06,1.4873994451428146e-07,0.0,6.352116536975642e-09,-7.993539792665276e-12
157,9480.0,9480,1.533494678849614e-06,1.5334866778156964e-06,1.4001946572938915e-05,0.0,1.6822320356041522e-06,1.4874536021932024e-07,0.0,6.3521134515362185e-09,-7.998546901002504e-12
158,9540.0,9540,1.5330075807102292e-06,1.5329995749059993e-06,1.4023298691303251e-05,0.0,1.6817503170779357e-06,1.487507447613008e-07,0.0,6.352110371577567e-09,-8.003472328740336e-12
159,9600.0,9600,1.5325236998249646e-06,1.5325156890265996e-06,1.4044643895398732e-05,0.0,1.6812717847792176e-06,1.4875609819449126e-07,0.0,6.352107297053496e-09,-8.008316433885068e-12
160,9660.0,9660,1.5320430247467196e-06,1.532035009178372e-06,1.406598223088576e-05,0.0,1.6807964273131986e-06,1.4876142057270286e-07,0.0,6.352104227916719e-09,-8.013079456077776e-12
161,9720.0,9720,1.531565544136803e-06,1.5315575239064509e-06,1.4087313743260905e-05,0.0,1.6803242333941991e-06,1.4876671194931396e-07,0.0,6.352101164122036e-09,-8.017761676644772e-12
162,9780.0,9780,1.5310912467647048e-06,1.5310832219045254e-06,1.4108638477861169e-05,0.0,1.6798551918453812e-06,1.4877197237720003e-07,0.0,6.352098105623351e-09,-8.02236351314701e-12
163,9840.0,9840,1.5306201215078414e-06,1.530612092163548e-06,1.4129956479863578e-05,0.0,1.6793892915958027e-06,1.4877720190878781e-07,0.0,6.3520950523747695e-09,-8.02688511813457e-12
164,9900.0,9900,1.530152157349349e-06,1.5301441235562658e-06,1.4151267794288229e-05,0.0,1.6789265216814089e-06,1.4878240059604084e-07,0.0,6.3520920043309894e-09,-8.03132689102973e-12
165,9960.0,9960,1.529687343379961e-06,1.5296793051784372e-06,1.4172572465998288e-05,0.0,1.6784668712406921e-06,1.4878756849049284e-07,0.0,6.352088961445816e-09,-8.035688968863854e-12
166,10020.0,10020,1.5292256687915623e-06,1.5292176263721768e-06,1.419387053970243e-05,0.0,1.6780103295205538e-06,1.4879270564318112e-07,0.0,6.352085923676528e-09,-8.039971822400158e-12
167,10080.0,10080,1.528767122883356e-06,1.5287590763346482e-06,1.421516205995585e-05,0.0,1.6775568858672707e-06,1.487978121047354e-07,0.0,6.352082890976631e-09,-8.044175641586606e-12
168,10140.0,10140,1.5283116950557473e-06,1.5283036442359882e-06,1.4236447071162704e-05,0.0,1.6771065297309613e-06,1.4880288792530792e-07,0.0,6.3520798633016195e-09,-8.04830060942977e-12
169,10200.0,10200,1.5278593748094044e-06,1.5278513199783755e-06,1.4257725617575897e-05,0.0,1.6766592506653566e-06,1.488079331546022e-07,0.0,6.352076840609164e-09,-8.052347197635049e-12
170,10260.0,10260,1.527410151748508e-06,1.5274020929823646e-06,1.4278997743300747e-05,0.0,1.6762150383226495e-06,1.4881294784189812e-07,0.0,6.352073822854064e-09,-8.056315674149032e-12
171,10320.0,10320,1.5269640155779837e-06,1.5269559528237392e-06,1.4300263492293765e-05,0.0,1.6757738824539769e-06,1.488179320360237e-07,0.0,6.352070809991314e-09,-8.060206159082553e-12
172,10380.0,10380,1.5265209561014215e-06,1.5265128894735503e-06,1.4321522908366507e-05,0.0,1.675335772909825e-06,1.4882288578539925e-07,0.0,6.35206780197839e-09,-8.064018912887728e-12
173,10440.0,10440,1.5260809632186655e-06,1.5260728929168062e-06,1.4342776035184561e-05,0.0,1.6749006996428975e-06,1.4882780913794073e-07,0.0,6.352064798774152e-09,-8.06775450781952e-12
174,10500.0,10500,1.5256440269312955e-06,1.525635953076038e-06,1.4364022916273439e-05,0.0,1.6744686526974323e-06,1.4883270214120566e-07,0.0,6.352061800331713e-09,-8.071412850997162e-12
175,10560.0,10560,1.5252101373344036e-06,1.5252020598442127e-06,1.4385263595011873e-05,0.0,1.6740396222189198e-06,1.4883756484226945e-07,0.0,6.352058806611422e-09,-8.074994514815605e-12
176,10620.0,10620,1.5247792846227876e-06,1.5247712036253585e-06,1.4406498114642778e-05,0.0,1.6736135984444098e-06,1.4884239728781252e-07,0.0,6.3520558175679795e-09,-8.078499499820524e-12
177,10680.0,10680,1.5243514590832097e-06,1.5243433745433962e-06,1.4427726518267976e-05,0.0,1.6731905717099971e-06,1.4884719952406645e-07,0.0,6.352052833161533e-09,-8.081928249346112e-12
178,10740.0,10740,1.5239266510985346e-06,1.5239185632108744e-06,1.444894884885144e-05,0.0,1.6727705324443767e-06,1.488519715968346e-07,0.0,6.3520498533489645e-09,-8.085281069845079e-12
179,10800.0,10800,1.523504851146637e-06,1.5234967600246906e-06,1.4470165149221738e-05,0.0,1.6723534711681066e-06,1.488567135515381e-07,0.0,6.352046878086954e-09,-8.08855802363676e-12
180,10860.0,10860,1.5230860497976357e-06,1.5230779555136508e-06,1.4491375462071008e-05,0.0,1.6719393784953853e-06,1.4886142543313816e-07,0.0,6.3520439073350575e-09,-8.091759465916184e-12
181,10920.0,10920,1.522670237711813e-06,1.5226621403831314e-06,1.4512579829958821e-05,0.0,1.6715282451354464e-06,1.48866107286201e-07,0.0,6.352040941053128e-09,-8.09488576608542e-12
182,10980.0,10980,1.5222574056446395e-06,1.5222493051300651e-06,1.4533778295311979e-05,0.0,1.6711200618841097e-06,1.4887075915487728e-07,0.0,6.3520379791976485e-09,-8.09793703706222e-12
183,11040.0,11040,1.521847544440556e-06,1.5218394410142336e-06,1.4554970900426135e-05,0.0,1.6707148196302e-06,1.488753810828848e-07,0.0,6.352035021728275e-09,-8.100913623684613e-12
184,11100.0,11100,1.5214406450347005e-06,1.521432538756468e-06,1.4576157687467422e-05,0.0,1.670312509351589e-06,1.488799731135669e-07,0.0,6.352032068603968e-09,-8.103815741236772e-12
185,11160.0,11160,1.521036698452424e-06,1.5210285892927687e-06,1.4597338698473057e-05,0.0,1.6699131221145358e-06,1.4888453528983242e-07,0.0,6.3520291197839845e-09,-8.106643566733952e-12
186,11220.0,11220,1.5206356958054357e-06,1.520627583823561e-06,1.4618513975352563e-05,0.0,1.6695166490760972e-06,1.4888906765419373e-07,0.0,6.3520261752292705e-09,-8.10939749758618e-12
187,11280.0,11280,1.5202376282950233e-06,1.5202295136442298e-06,1.4639683559890608e-05,0.0,1.6691230814796102e-06,1.488935702487634e-07,0.0,6.352023234898885e-09,-8.112077762695228e-12
188,11340.0,11340,1.5198424872114206e-06,1.5198343699758579e-06,1.46608474937466e-05,0.0,1.6687324106537039e-06,1.488980431152544e-07,0.0,6.352020298751493e-09,-8.114684462416128e-12
189,11400.0,11400,1.519450263928909e-06,1.5194421442248021e-06,1.4682005818456315e-05,0.0,1.668344628016155e-06,1.4890248629494675e-07,0.0,6.352017366749027e-09,-8.117218049207913e-12
190,11460.0,11460,1.5190609499097e-06,1.5190528277121799e-06,1.47031585754325e-05,0.0,1.6679597250685341e-06,1.4890689982880157e-07,0.0,6.352014438850748e-09,-8.119678598807967e-12
191,11520.0,11520,1.5186745367006618e-06,1.518666412220761e-06,1.4724305805967315e-05,0.0,1.6675776933980335e-06,1.4891128375729944e-07,0.0,6.352011515017598e-09,-8.122066445268528e-12
192,11580.0,11580,1.5182910159333954e-06,1.5182828890325066e-06,1.4745447551234356e-05,0.0,1.6671985246765013e-06,1.4891563812059112e-07,0.0,6.352008595210918e-09,-8.124381785869635e-12
193,11640.0,11640,1.5179103793230674e-06,1.5179022500955157e-06,1.4766583852287239e-05,0.0,1.66682221065991e-06,1.4891996295839902e-07,0.0,6.35200567939175e-09,-8.126624961554258e-12
194,11700.0,11700,1.5175326186702117e-06,1.517524487340657e-06,1.478771475006224e-05,0.0,1.666448743185285e-06,1.4892425831006816e-07,0.0,6.35200276751975e-09,-8.128796062688377e-12
195,11760.0,11760,1.5171577258563642e-06,1.5171495924321657e-06,1.4808840285378496e-05,0.0,1.6660781141746381e-06,1.4892852421455656e-07,0.0,6.351999859557944e-09,-8.130895407251544e-12
196,11820.0,11820,1.5167856928453577e-06,1.5167775573323777e-06,1.4829960498942062e-05,0.0,1.6657103156311872e-06,1.4893276071045897e-07,0.0,6.351996955467571e-09,-8.132923288261053e-12
197,11880.0,11880,1.5164165116845401e-06,1.5164083742319425e-06,1.4851075431344294e-05,0.0,1.6653453396376038e-06,1.4893696783595624e-07,0.0,6.351994055209575e-09,-8.134879803965537e-12
198,11940.0,11940,1.5160501745004341e-06,1.5160420350931705e-06,1.4872185123062454e-05,0.0,1.6649831783594657e-06,1.489411456288549e-07,0.0,6.351991158746983e-09,-8.136765289243604e-12
199,12000.0,12000,1.5156866735007678e-06,1.51567853243501e-06,1.4893289614463363e-05,0.0,1.664623824041475e-06,1.489452941266046e-07,0.0,6.3519882660417295e-09,-8.13857995906072e-12
200,12060.0,12060,1.5153260009727242e-06,1.5153178580150572e-06,1.4914388945802997e-05,0.0,1.6642672690082705e-06,1.4894941336625536e-07,0.0,6.351985377055847e-09,-8.140324050196095e-12
201,12120.0,12120,1.5149681492832197e-06,1.5149600046621096e-06,1.4935483157228722e-05,0.0,1.6639135056627019e-06,1.4895350338449554e-07,0.0,6.351982491751867e-09,-8.141997781896269e-12
202,12180.0,12180,1.5146131108783456e-06,1.5146049647475757e-06,1.4956572288778677e-05,0.0,1.6635625264860585e-06,1.4895756421763126e-07,0.0,6.35197961009202e-09,-8.143601349396195e-12
203,12240.0,12240,1.5142608782814915e-06,1.5142527305852836e-06,1.4977656380384628e-05,0.0,1.6632143240378913e-06,1.489615959016086e-07,0.0,6.351976732040325e-09,-8.145135005819998e-12
204,12300.0,12300,1.5139114440933437e-06,1.5139032948790253e-06,1.4998735471871553e-05,0.0,1.6628688909557335e-06,1.4896559847198035e-07,0.0,6.3519738575597065e-09,-8.14659903185939e-12
205,12360.0,12360,1.5135648009925206e-06,1.5135566503555333e-06,1.5019809602959068e-05,0.0,1.6625262199526398e-06,1.4896957196396616e-07,0.0,6.351970986612397e-09,-8.147993602762551e-12
206,12420.0,12420,1.5132209417351156e-06,1.5132127898365256e-06,1.5040878813265074e-05,0.0,1.66218630381678e-06,1.4897351641240037e-07,0.0,6.351968119162215e-09,-8.149318892923423e-12
207,12480.0,12480,1.5128798591506116e-06,1.5128717059681382e-06,1.5061943142302926e-05,0.0,1.6618491354146615e-06,1.4897743185173975e-07,0.0,6.351965255173376e-09,-8.150575197103509e-12
208,12540.0,12540,1.5125415461461952e-06,1.5125333918148677e-06,1.5083002629485078e-05,0.0,1.6615147076861303e-06,1.4898131831611597e-07,0.0,6.3519623946087064e-09,-8.151762744138865e-12
209,12600.0,12600,1.512205995703127e-06,1.5121978401617116e-06,1.5104057314123086e-05,0.0,1.6611830136458941e-06,1.4898517583927053e-07,0.0,6.351959537432818e-09,-8.152881648888877e-12
210,12660.0,12660,1.511873200876692e-06,1.5118650443300548e-06,1.5125107235428423e-05,0.0,1.660854046383572e-06,1.4898900445458964e-07,0.0,6.351956683610322e-09,-8.153932308068217e-12
211,12720.0,12720,1.511543154797138e-06,1.511534997373507e-06,1.5146152432515924e-05,0.0,1.6605277990609554e-06,1.4899280419510903e-07,0.0,6.351953833103649e-09,-8.154914777743126e-12
212,12780.0,12780,1.5112158506674164e-06,1.5112076922722383e-06,1.5167192944400747e-05,0.0,1.6602042649141883e-06,1.4899657509350753e-07,0.0,6.351950985879095e-09,-8.155829311145235e-12
213,12840.0,12840,1.5108912817630056e-06,1.510883122592468e-06,1.5188228810002835e-05,0.0,1.6598834372520943e-06,1.4900031718210394e-07,0.0,6.35194814190038e-09,-8.156676192899795e-12
214,12900.0,12900,1.5105694414332559e-06,1.510561281409655e-06,1.520926006814753e-05,0.0,1.6595653094542725e-06,1.490040304928809e-07,0.0,6.351945301132512e-09,-8.15745563535858e-12
215,12960.0,12960,1.5102503230994856e-06,1.5102421624167502e-06,1.5230286757563533e-05,0.0,1.6592498749715036e-06,1.4900771505744027e-07,0.0,6.351942463539012e-09,-8.158167682834312e-12
216,13020.0,13020,1.509933920252545e-06,1.509925758920775e-06,1.525130891688921e-05,0.0,1.6589371273287443e-06,1.4901137090707154e-07,0.0,6.351939629087167e-09,-8.158812730214724e-12
217,13080.0,13080,1.5096202264562175e-06,1.5096120644712513e-06,1.5272326584668728e-05,0.0,1.658627060119037e-06,1.4901499807269624e-07,0.0,6.3519367977412925e-09,-8.159390931973978e-12
218,13140.0,13140,1.5093092353436659e-06,1.5093010729666043e-06,1.529333979935428e-05,0.0,1.6583196670071898e-06,1.4901859658488854e-07,0.0,6.3519339694666915e-09,-8.1599025073875e-12
219,13200.0,13200,1.5090009406194635e-06,1.5089927778349028e-06,1.531434859931139e-05,0.0,1.6580149417260704e-06,1.4902216647387366e-07,0.0,6.351931144228176e-09,-8.160347626603655e-12
220,13260.0,13260,1.5086953360564212e-06,1.5086871727980775e-06,1.5335353022811163e-05,0.0,1.6577128780800335e-06,1.490257077695612e-07,0.0,6.351928321992835e-09,-8.160726535373607e-12
221,13320.0,13320,1.5083924154982019e-06,1.508384251831014e-06,1.535635310804026e-05,0.0,1.6574134699402246e-06,1.4902922050147538e-07,0.0,6.351925502724981e-09,-8.16103943980455e-12
222,13380.0,13380,1.5080921728562495e-06,1.5080840090134804e-06,1.5377348893096826e-05,0.0,1.657116711247398e-06,1.4903270469884386e-07,0.0,6.351922686391309e-09,-8.161286439421701e-12
223,13440.0,13440,1.5077946021091803e-06,1.5077864381091261e-06,1.5398340415992518e-05,0.0,1.6568225960118142e-06,1.4903616039052466e-07,0.0,6.351919872959105e-09,-8.161467945333653e-12
224,13500.0,13500,1.5074996973065633e-06,1.507491533216828e-06,1.5419327714653736e-05,0.0,1.6565311183080896e-06,1.4903958760505228e-07,0.0,6.3519170623925854e-09,-8.161584031209034e-12
225,13560.0,13560,1.5072074525642773e-06,1.5071992883318742e-06,1.544031082692262e-05,0.0,1.6562422722791037e-06,1.490429863706314e-07,0.0,6.351914254658146e-09,-8.16163481759769e-12
226,13620.0,13620,1.5069178620636477e-06,1.506909697824342e-06,1.546128979055788e-05,0.0,1.6559560521369887e-06,1.49046356715105e-07,0.0,6.351911449724561e-09,-8.16162066495927e-12
227,13680.0,13680,1.5066309200543643e-06,1.5066227558941326e-06,1.5482264643235388e-05,0.0,1.6556724521579792e-06,1.4904969866602737e-07,0.0,6.351908647557036e-09,-8.161541758658741e-12
228,13740.0,13740,1.5063466208521982e-06,1.5063384569302538e-06,1.5503235422549413e-05,0.0,1.6553914666843643e-06,1.490530122505643e-07,0.0,6.351905848121174e-09,-8.16139818832511e-12
229,13800.0,13800,1.5060649588397118e-06,1.5060567950817007e-06,1.5524202166013824e-05,0.0,1.6551130901236013e-06,1.4905629749561039e-07,0.0,6.351903051385255e-09,-8.16119016260957e-12
230,13860.0,13860,1.505785928462833e-06,1.5057777650441848e-06,1.554516491106372e-05,0.0,1.6548373169508776e-06,1.4905955442769532e-07,0.0,6.35190025731716e-09,-8.160917989135395e-12
231,13920.0,13920,1.5055095242335713e-06,1.5055013610748563e-06,1.556612369505463e-05,0.0,1.6545641417044922e-06,1.490627830730047e-07,0.0,6.351897465883089e-09,-8.160581835668201e-12
232,13980.0,13980,1.5052357407305234e-06,1.505227578023438e-06,1.5587078555263096e-05,0.0,1.654293558985679e-06,1.4906598345745768e-07,0.0,6.351894677049633e-09,-8.160181781210994e-12
233,14040.0,14040,1.5049645725945113e-06,1.5049564103421508e-06,1.560802952889177e-05,0.0,1.654025563462082e-06,1.490691556065943e-07,0.0,6.35189189078537e-09,-8.159718136137294e-12
234,14100.0,14100,1.5046960145306345e-06,1.5046878527956036e-06,1.562897665306372e-05,0.0,1.653760149864711e-06,1.4907229954563583e-07,0.0,6.351889107057489e-09,-8.159191068025126e-12
235,14160.0,14160,1.5044300613085777e-06,1.5044219001019656e-06,1.564991996482914e-05,0.0,1.653497312986851e-06,1.490754152995149e-07,0.0,6.351886325833476e-09,-8.158600698393419e-12
236,14220.0,14220,1.5041667077601214e-06,1.504158547323058e-06,1.567085950116432e-05,0.0,1.6532370476863694e-06,1.4907850289279615e-07,0.0,6.351883547082005e-09,-8.157947376725643e-12
237,14280.0,14280,1.5039059487816557e-06,1.503897789009563e-06,1.5691795298971044e-05,0.0,1.6529793488816833e-06,1.490815623497651e-07,0.0,6.351880770769276e-09,-8.157231163733922e-12
238,14340.0,14340,1.50364777933187e-06,1.5036396202943315e-06,1.5712727395078823e-05,0.0,1.652724211553941e-06,1.4908459369438204e-07,0.0,6.35187799686426e-09,-8.15645216898719e-12
239,14400.0,14400,1.503392194429394e-06,1.5033840362416197e-06,1.5733655826246523e-05,0.0,1.6524716307488742e-06,1.490875969502585e-07,0.0,6.351875225336525e-09,-8.155610800672976e-12
240,14460.0,14460,1.5031391891568064e-06,1.5031310318388187e-06,1.5754580629162763e-05,0.0,1.6522216015716976e-06,1.4909057214070292e-07,0.0,6.351872456152865e-09,-8.154707121771564e-12
241,14520.0,14520,1.5028887586585545e-06,1.502880602349316e-06,1.57755018404443e-05,0.0,1.651974119188048e-06,1.490935192887209e-07,0.0,6.351869689281458e-09,-8.153741361085095e-12
242,14580.0,14580,1.5026408981399387e-06,1.502632742791995e-06,1.5796419496640688e-05,0.0,1.6517291788255572e-06,1.490964384170119e-07,0.0,6.351866924690981e-09,-8.152713596177353e-12
243,14640.0,14640,1.5023956028666813e-06,1.5023874486103167e-06,1.5817333634233272e-05,0.0,1.651486775773193e-06,1.4909932954792166e-07,0.0,6.351864162350703e-09,-8.151624121207489e-12
244,14700.0,14700,1.5021528681651809e-06,1.502144715049245e-06,1.5838244289636605e-05,0.0,1.6512469053795582e-06,1.4910219270351684e-07,0.0,6.351861402229301e-09,-8.150473156046274e-12
245,14760.0,14760,1.5019126894232212e-06,1.50190453762525e-06,1.5859151499198042e-05,0.0,1.6510095630521544e-06,1.4910502790555477e-07,0.0,6.35185864429426e-09,-8.149260718207157e-12
246,14820.0,14820,1.5016750620866745e-06,1.5016669115929134e-06,1.5880055299199973e-05,0.0,1.6507747442608347e-06,1.4910783517544704e-07,0.0,6.351855888516536e-09,-8.147987174651996e-12
247,14880.0,14880,1.5014399816640419e-06,1.5014318324182562e-06,1.5900955725859825e-05,0.0,1.650542444531128e-06,1.4911061453433723e-07,0.0,6.351853134863219e-09,-8.146652525010625e-12
248,14940.0,14940,1.5012074437198053e-06,1.5011992959778686e-06,1.592185281533229e-05,0.0,1.6503126594514975e-06,1.4911336600304058e-07,0.0,6.351850383305562e-09,-8.145257125340434e-12
249,15000.0,15000,1.5009774438791996e-06,1.5009692973923184e-06,1.5942746603708528e-05,0.0,1.650085384667479e-06,1.4911608960207253e-07,0.0,6.351847633810951e-09,-8.14380106900173e-12
250,15060.0,15060,1.5007499778268147e-06,1.500741833038447e-06,1.5963637127018173e-05,0.0,1.6498606158823399e-06,1.491187853516171e-07,0.0,6.351844886349153e-09,-8.142284512339728e-12
251,15120.0,15120,1.5005250413055313e-06,1.50051689809666e-06,1.5984524421227928e-05,0.0,1.6496383488578917e-06,1.491214532715934e-07,0.0,6.351842140890131e-09,-8.140707645870884e-12
252,15180.0,15180,1.500302630115175e-06,1.5002944885403604e-06,1.600540852224745e-05,0.0,1.6494185794154038e-06,1.491240933815875e-07,0.0,6.351839397403753e-09,-8.139070699547673e-12
253,15240.0,15240,1.5000827401148267e-06,1.500074600308743e-06,1.602628946592367e-05,0.0,1.6492013034324308e-06,1.491267057008841e-07,0.0,6.351836655858394e-09,-8.137373793970608e-12
254,15300.0,15300,1.4998653672206386e-06,1.499857229177855e-06,1.6047167288045044e-05,0.0,1.6489865168440059e-06,1.4912929024848562e-07,0.0,6.351833916224812e-09,-8.135617163792449e-12
255,15360.0,15360,1.4996505074073078e-06,1.4996423710448426e-06,1.6068042024343792e-05,0.0,1.6487742156415995e-06,1.4913184704307085e-07,0.0,6.351831178471982e-09,-8.13380088070674e-12
256,15420.0,15420,1.499438156705157e-06,1.4994300222085898e-06,1.6088913710494695e-05,0.0,1.6485643958753026e-06,1.4913437610301573e-07,0.0,6.35182844257056e-09,-8.131925151522874e-12
257,15480.0,15480,1.4992283112008951e-06,1.4992201786339469e-06,1.6109782382115265e-05,0.0,1.6483570536517962e-06,1.4913687744643287e-07,0.0,6.351825708491107e-09,-8.129990304073782e-12
258,15540.0,15540,1.4990209670412985e-06,1.4990128365262092e-06,1.6130648074768214e-05,0.0,1.6481521851305956e-06,1.4913935109108278e-07,0.0,6.3518229762019e-09,-8.127996266545325e-12
259,15600.0,15600,1.4988161204250642e-06,1.4988079919314322e-06,1.615151082396245e-05,0.0,1.6479497865324247e-06,1.4914179705445795e-07,0.0,6.351820245674986e-09,-8.125943427525586e-12
260,15660.0,15660,1.4986137676099408e-06,1.498605641195092e-06,1.617237066515024e-05,0.0,1.6477498541303085e-06,1.491442153537606e-07,0.0,6.351817516878843e-09,-8.123831802641514e-12
261,15720.0,15720,1.4984139049093021e-06,1.4984057806440378e-06,1.6193227633733304e-05,0.0,1.6475523842527207e-06,1.4914660600587736e-07,0.0,6.3518147897848225e-09,-8.121661609566523e-12
262,15780.0,15780,1.4982165286912603e-06,1.4982084066794215e-06,1.6214081765060977e-05,0.0,1.647357373285562e-06,1.4914896902741885e-07,0.0,6.351812064363582e-09,-8.119433034553075e-12
263,15840.0,15840,1.4980216353794002e-06,1.4980135156269002e-06,1.6234933094429415e-05,0.0,1.6471648176688871e-06,1.4915130443467852e-07,0.0,6.3518093405854836e-09,-8.11714626638174e-12
264,15900.0,15900,1.4978292214529078e-06,1.4978211041559335e-06,1.6255781657085232e-05,0.0,1.646974713897539e-06,1.49153612243677e-07,0.0,6.35180661842049e-09,-8.114801449206874e-12
265,15960.0,15960,1.4976392834458328e-06,1.4976311686207522e-06,1.627662748822652e-05,0.0,1.6467870585207683e-06,1.4915589247011607e-07,0.0,6.351803897839658e-09,-8.112398678606738e-12
266,16020.0,16020,1.4974518179465567e-06,1.4974437054536714e-06,1.6297470622999206e-05,0.0,1.6466018481429946e-06,1.491581451294296e-07,0.0,6.351801178814338e-09,-8.109938220257346e-12
267,16080.0,16080,1.4972668215981989e-06,1.4972587115730962e-06,1.631831109650231e-05,0.0,1.6464190794223854e-06,1.4916037023674045e-07,0.0,6.35179846131499e-09,-8.107420319689393e-12
268,16140.0,16140,1.4970842911001383e-06,1.4970761837276878e-06,1.633914894378755e-05,0.0,1.6462387490689782e-06,1.4916256780693368e-07,0.0,6.351795745310886e-09,-8.104844814539586e-12
269,16200.0,16200,1.4969042232004776e-06,1.4968961183805426e-06,1.635998419985976e-05,0.0,1.6460608538523949e-06,1.4916473785450097e-07,0.0,6.351793030776251e-09,-8.102212300342188e-12
270,16260.0,16260,1.4967266147071067e-06,1.496718512727586e-06,1.6380816899677273e-05,0.0,1.645885390589382e-06,1.4916688039374368e-07,0.0,6.35179031767877e-09,-8.099522607347098e-12
271,16320.0,16320,1.4965514624786438e-06,1.4965433631245713e-06,1.640164707815295e-05,0.0,1.6457123561531744e-06,1.4916899543861898e-07,0.0,6.351787605991481e-09,-8.096776006794731e-12
272,16380.0,16380,1.4963787634264901e-06,1.4963706669245306e-06,1.6422474770156e-05,0.0,1.6455417474707295e-06,1.491710830028176e-07,0.0,6.351784895685437e-09,-8.0939727710628e-12
273,16440.0,16440,1.4962085145178003e-06,1.4962004209130988e-06,1.6443300010510167e-05,0.0,1.645373561519378e-06,1.491731430997337e-07,0.0,6.351782186730802e-09,-8.091112811310994e-12
274,16500.0,16500,1.4960407127694918e-06,1.496032622029617e-06,1.6464122833998988e-05,0.0,1.6452077953329637e-06,1.4917517574248387e-07,0.0,6.351779479100811e-09,-8.088196607381345e-12
275,16560.0,16560,1.4958753552551998e-06,1.495867267519216e-06,1.6484943275362357e-05,0.0,1.6450444459934196e-06,1.491771809438849e-07,0.0,6.351776772764536e-09,-8.085224023461056e-12
276,16620.0,16620,1.495712439097942e-06,1.4957043543420965e-06,1.6505761369296523e-05,0.0,1.644883510638736e-06,1.4917915871648876e-07,0.0,6.351774067695113e-09,-8.082195404594328e-12
277,16680.0,16680,1.495551961474281e-06,1.4955438799437384e-06,1.652657715045956e-05,0.0,1.6447249864576817e-06,1.4918110907251909e-07,0.0,6.351771363863499e-09,-8.079110851329013e-12
278,16740.0,16740,1.4953939196133859e-06,1.4953858411307121e-06,1.6547390653468744e-05,0.0,1.6445688706913526e-06,1.4918303202396953e-07,0.0,6.351768661241144e-09,-8.075970546520355e-12
279,16800.0,16800,1.4952383107974624e-06,1.4952302354757612e-06,1.6568201912901554e-05,0.0,1.6444151606308615e-06,1.4918492758253401e-07,0.0,6.3517659597991035e-09,-8.072774588338942e-12
280,16860.0,16860,1.4950851323587084e-06,1.4950770604025163e-06,1.6589010963298937e-05,0.0,1.6442638536215773e-06,1.491867957596051e-07,0.0,6.351763259510017e-09,-8.0695231308392e-12
281,16920.0,16920,1.494934381681395e-06,1.4949263129308134e-06,1.6609817839160814e-05,0.0,1.6441149470603576e-06,1.491886365662819e-07,0.0,6.35176056034623e-09,-8.066216486795305e-12
282,16980.0,16980,1.494786056203059e-06,1.4947779908207271e-06,1.6630622574952002e-05,0.0,1.6439684383930378e-06,1.491904500134272e-07,0.0,6.351757862277407e-09,-8.06285462165473e-12
283,17040.0,17040,1.494640153411204e-06,1.4946320914158497e-06,1.665142520510158e-05,0.0,1.6438243251181851e-06,1.4919223611158985e-07,0.0,6.351755165276982e-09,-8.059437783910542e-12
284,17100.0,17100,1.4944966708449495e-06,1.4944886123464795e-06,1.6672225764000663e-05,0.0,1.6436826047852476e-06,1.4919399487102675e-07,0.0,6.351752469316111e-09,-8.055966119932465e-12
285,17160.0,17160,1.4943556060953612e-06,1.494347551110321e-06,1.669302428600849e-05,0.0,1.6435432749939448e-06,1.491957263017633e-07,0.0,6.351749774366938e-09,-8.05243971781441e-12
286,17220.0,17220,1.4942169568023807e-06,1.4942089054691494e-06,1.671382080544716e-05,0.0,1.6434063333962969e-06,1.4919743041349815e-07,0.0,6.351747080402499e-09,-8.048858917506941e-12
287,17280.0,17280,1.494080720659976e-06,1.4940726730116197e-06,1.6734615356607696e-05,0.0,1.643271777691754e-06,1.491991072156619e-07,0.0,6.351744387392462e-09,-8.045223592049623e-12
288,17340.0,17340,1.493946895409621e-06,1.493938851370136e-06,1.6755407973745808e-05,0.0,1.6431396056338434e-06,1.492007567174108e-07,0.0,6.351741695311549e-09,-8.04153414610408e-12
289,17400.0,17400,1.493815478844405e-06,1.4938074385915556e-06,1.6776198691088983e-05,0.0,1.6430098150247904e-06,1.4920237892762512e-07,0.0,6.35173900413042e-09,-8.037790590458164e-12
290,17460.0,17460,1.4936864688082984e-06,1.4936784322216972e-06,1.6796987542829785e-05,0.0,1.642882403716508e-06,1.4920397385490437e-07,0.0,6.3517363138218116e-09,-8.03399315670341e-12
291,17520.0,17520,1.493559863195872e-06,1.4935518306157192e-06,1.6817774563132568e-05,0.0,1.6427573696103933e-06,1.4920554150755786e-07,0.0,6.351733624357079e-09,-8.030141943791147e-12
292,17580.0,17580,1.4934356599513339e-06,1.4934276311889537e-06,1.6838559786129604e-05,0.0,1.6426347106585724e-06,1.4920708189363156e-07,0.0,6.351730935708861e-09,-8.02623708355459e-12
293,17640.0,17640,1.4933138570677676e-06,1.4933058323425161e-06,1.6859343245926574e-05,0.0,1.6425144248638478e-06,1.492085950209066e-07,0.0,6.351728247850493e-09,-8.022278831687391e-12
294,17700.0,17700,1.4931944525909894e-06,1.493186431832954e-06,1.688012497659951e-05,0.0,1.6423965102750807e-06,1.4921008089686122e-07,0.0,6.351725560752534e-09,-8.018267102997665e-12
295,17760.0,17760,1.4930774446123924e-06,1.4930694278577853e-06,1.6900905012194618e-05,0.0,1.6422809649960484e-06,1.492115395287166e-07,0.0,6.351722874390202e-09,-8.014202370132879e-12
296,17820.0,17820,1.4929628312762031e-06,1.4929548186653073e-06,1.692168338673555e-05,0.0,1.6421677871758752e-06,1.4921297092339275e-07,0.0,6.351720188733362e-09,-8.010084659983877e-12
297,17880.0,17880,1.4928506107766669e-06,1.4928426023230328e-06,1.694246013421552e-05,0.0,1.6420569750119019e-06,1.4921437508757954e-07,0.0,6.351717503753763e-09,-8.005913875503799e-12
298,17940.0,17940,1.4927407813537059e-06,1.4927327772170042e-06,1.696323528860419e-05,0.0,1.6419485267554708e-06,1.4921575202765288e-07,0.0,6.3517148194273165e-09,-8.001690543346306e-12
299,18000.0,18000,1.4926333413002042e-06,1.492625341436787e-06,1.698400888384624e-05,0.0,1.6418424407022823e-06,1.492171017497e-07,0.0,6.35171213572359e-09,-7.997414562064437e-12
300,18060.0,18060,1.4925282889567032e-06,1.4925202933774063e-06,1.7004780953861602e-05,0.0,1.6417387151988414e-06,1.4921842425960195e-07,0.0,6.351709452616514e-09,-7.993086122833958e-12
301,18120.0,18120,1.4924256227118582e-06,1.4924176315242787e-06,1.7025551532547044e-05,0.0,1.6416373486414168e-06,1.4921971956289402e-07,0.0,6.351706770078927e-09,-7.988705509811238e-12
302,18180.0,18180,1.4923253410062456e-06,1.4923173542311417e-06,1.704632065377641e-05,0.0,1.641538339471752e-06,1.4922098766488155e-07,0.0,6.351704088081784e-09,-7.984272613103322e-12
303,18240.0,18240,1.49222744232513e-06,1.492219459930654e-06,1.7067088351399782e-05,0.0,1.6414416861845262e-06,1.4922222857056848e-07,0.0,6.351701406600205e-09,-7.979787856708743e-12
304,18300.0,18300,1.4921319252061538e-06,1.4921239474232082e-06,1.708785465924938e-05,0.0,1.641347387319209e-06,1.492234422847098e-07,0.0,6.3516987256047475e-09,-7.975251215782254e-12
305,18360.0,18360,1.4920387882344131e-06,1.4920308150579736e-06,1.7108619611132858e-05,0.0,1.6412554414646271e-06,1.4922462881177654e-07,0.0,6.35169604506855e-09,-7.970662792080698e-12
306,18420.0,18420,1.4919480300425103e-06,1.4919400615273648e-06,1.7129383240841427e-05,0.0,1.6411658472595745e-06,1.492257881559781e-07,0.0,6.3516933649658375e-09,-7.966022853655304e-12
307,18480.0,18480,1.4918596493128104e-06,1.4918516854675618e-06,1.7150145582143156e-05,0.0,1.6410786033896898e-06,1.4922692032119862e-07,0.0,6.351690685268161e-09,-7.961331577385907e-12
308,18540.0,18540,1.4917736447765293e-06,1.491765685650865e-06,1.7170906668789665e-05,0.0,1.6409937085873056e-06,1.492280253111416e-07,0.0,6.351688005947864e-09,-7.956588887272868e-12
309,18600.0,18600,1.4916900152110426e-06,1.491682060971231e-06,1.7191666534515524e-05,0.0,1.6409111616365478e-06,1.4922910312916307e-07,0.0,6.351685326979569e-09,-7.951795139672798e-12
310,18660.0,18660,1.491608759443008e-06,1.4916008100393868e-06,1.7212425213035816e-05,0.0,1.6408309613673222e-06,1.4923015377837645e-07,0.0,6.351682648334828e-09,-7.946950502260881e-12
311,18720.0,18720,1.4915298763505213e-06,1.4915219317641595e-06,1.7233182738049176e-05,0.0,1.6407531066542228e-06,1.492311772616445e-07,0.0,6.351679969984694e-09,-7.942054752584262e-12
312,18780.0,18780,1.4914533648532964e-06,1.4914454252965716e-06,1.725393914323942e-05,0.0,1.6406775964269616e-06,1.4923217358149544e-07,0.0,6.351677291906665e-09,-7.937108542868917e-12
313,18840.0,18840,1.4913792239246175e-06,1.4913712893432234e-06,1.7274694462274935e-05,0.0,1.6406044296565895e-06,1.492331427402544e-07,0.0,6.3516746140698145e-09,-7.932111630602464e-12
314,18900.0,18900,1.491307452582355e-06,1.4912995230342776e-06,1.7295448728809088e-05,0.0,1.6405336053655962e-06,1.4923408473994512e-07,0.0,6.351671936448765e-09,-7.927064416508782e-12
315,18960.0,18960,1.4912380498959962e-06,1.4912301254763981e-06,1.731620197648164e-05,0.0,1.6404651226204234e-06,1.4923499958231704e-07,0.0,6.351669259014373e-09,-7.921966734046148e-12
316,19020.0,19020,1.4911710149780165e-06,1.4911630957577494e-06,1.733695423891814e-05,0.0,1.6403989805395857e-06,1.4923588726885155e-07,0.0,6.351666581742848e-09,-7.916819008710946e-12
317,19080.0,19080,1.4911063469916189e-06,1.4910984328450935e-06,1.735770554973318e-05,0.0,1.6403351782869213e-06,1.4923674780076828e-07,0.0,6.3516639046052445e-09,-7.911621312920617e-12
318,19140.0,19140,1.4910440451486539e-06,1.4910361362806855e-06,1.737845594252856e-05,0.0,1.6402737150718947e-06,1.4923758117901093e-07,0.0,6.351661227574005e-09,-7.906373627863069e-12
319,19200.0,19200,1.490984108705914e-06,1.490976205175453e-06,1.7399205450894908e-05,0.0,1.6402145901546485e-06,1.492383874042631e-07,0.0,6.351658550623654e-09,-7.901076277878892e-12
320,19260.0,19260,1.4909265369693717e-06,1.4909186387980387e-06,1.7419954108412713e-05,0.0,1.6401578028409521e-06,1.4923916647690387e-07,0.0,6.3516558737266335e-09,-7.895729368913271e-12
321,19320.0,19320,1.4908713292927332e-06,1.4908634364818734e-06,1.7440701948651693e-05,0.0,1.6401033524838772e-06,1.4923991839708544e-07,0.0,6.351653196855387e-09,-7.890332969154887e-12
322,19380.0,19380,1.4908184850771084e-06,1.4908105979189598e-06,1.746144900517386e-05,0.0,1.64005123848329e-06,1.4924064316466832e-07,0.0,6.351650519982752e-09,-7.884887136028494e-12
323,19440.0,19440,1.4907680037692345e-06,1.49076012193593e-06,1.7482195311531877e-05,0.0,1.6400014602893284e-06,1.4924134077924323e-07,0.0,6.351647843084145e-09,-7.879392295592516e-12
324,19500.0,19500,1.4907198848668555e-06,1.4907120086431217e-06,1.7502940901270097e-05,0.0,1.639954017394484e-06,1.4924201124014093e-07,0.0,6.351645166129433e-09,-7.873848284267478e-12
325,19560.0,19560,1.49067412791177e-06,1.4906662572595926e-06,1.7523685807926773e-05,0.0,1.6399089093425083e-06,1.4924265454640023e-07,0.0,6.351642489093534e-09,-7.868255455447539e-12
326,19620.0,19620,1.4906307324959965e-06,1.4906228674771426e-06,1.754443006503265e-05,0.0,1.6398661357213856e-06,1.4924327069683318e-07,0.0,6.351639811948397e-09,-7.862613749497592e-12
327,19680.0,19680,1.4905896982567752e-06,1.490581838908853e-06,1.75651737061136e-05,0.0,1.639825696167747e-06,1.4924385968993467e-07,0.0,6.351637134668148e-09,-7.856923419860077e-12
328,19740.0,19740,1.4905510248788767e-06,1.490543171320725e-06,1.7585916764689606e-05,0.0,1.6397875903661853e-06,1.4924442152395685e-07,0.0,6.351634457225628e-09,-7.85118459362633e-12
329,19800.0,19800,1.490514712094729e-06,1.4905068642027129e-06,1.76066592742772e-05,0.0,1.6397518180473016e-06,1.4924495619685052e-07,0.0,6.351631779594071e-09,-7.84539746589052e-12
330,19860.0,19860,1.4904807596859147e-06,1.4904729176921293e-06,1.7627401268387034e-05,0.0,1.6397183789863088e-06,1.4924546370635565e-07,0.0,6.35162910174473e-09,-7.839562015074673e-12
331,19920.0,19920,1.4904491674788067e-06,1.490441331553885e-06,1.7648142780530557e-05,0.0,1.6396872730088185e-06,1.4924594404991387e-07,0.0,6.351626423652428e-09,-7.83367844630924e-12
332,19980.0,19980,1.4904199353472572e-06,1.4904121051706915e-06,1.7668883844212534e-05,0.0,1.6396584999870588e-06,1.492463972246513e-07,0.0,6.351623745290498e-09,-7.827746939282568e-12
333,20040.0,20040,1.4903930632135627e-06,1.4903852390867013e-06,1.7689624492937722e-05,0.0,1.6396320598384032e-06,1.4924682322749736e-07,0.0,6.351621066630986e-09,-7.82176759210271e-12
334,20100.0,20100,1.4903685510461547e-06,1.4903607329547614e-06,1.771036476021027e-05,0.0,1.6396079525293545e-06,1.492472220550722e-07,0.0,6.351618387647327e-09,-7.815740534398915e-12
335,20160.0,20160,1.4903463988620103e-06,1.4903385868565845e-06,1.773110467953331e-05,0.0,1.6395861780708753e-06,1.4924759370372156e-07,0.0,6.35161570831226e-09,-7.809665854610022e-12
336,20220.0,20220,1.4903266067227439e-06,1.4903188007167766e-06,1.7751844284409576e-05,0.0,1.639566736524479e-06,1.492479381695422e-07,0.0,6.351613028599714e-09,-7.803543824603122e-12
337,20280.0,20280,1.4903091747407997e-06,1.4903013748741673e-06,1.777258360834443e-05,0.0,1.6395496279942605e-06,1.4924825544834535e-07,0.0,6.351610348481042e-09,-7.797374409422388e-12
338,20340.0,20340,1.490294103073336e-06,1.4902863094206458e-06,1.7793322684843446e-05,0.0,1.6395348526344342e-06,1.4924854553568058e-07,0.0,6.351607667930371e-09,-7.791157844477842e-12
339,20400.0,20400,1.490281391925726e-06,1.490273604545928e-06,1.781406154741483e-05,0.0,1.639522410644664e-06,1.4924880842683261e-07,0.0,6.351604986920838e-09,-7.784894191894201e-12
340,20460.0,20460,1.4902710415497829e-06,1.4902632604930217e-06,1.783480022956964e-05,0.0,1.6395123022724997e-06,1.492490441168038e-07,0.0,6.3516023054254795e-09,-7.7785836381819e-12
341,20520.0,20520,1.4902630522444695e-06,1.4902552775290418e-06,1.7855538764821965e-05,0.0,1.6395045278130213e-06,1.4924925260030946e-07,0.0,6.351599623416937e-09,-7.772226374679567e-12
342,20580.0,20580,1.4902574243584365e-06,1.4902496560579092e-06,1.7876277186691592e-05,0.0,1.6394990876050082e-06,1.4924943387185075e-07,0.0,6.351596940867256e-09,-7.765822321657953e-12
343,20640.0,20640,1.4902541582840583e-06,1.4902463965189708e-06,1.7897015528701753e-05,0.0,1.6394959820387536e-06,1.492495879255926e-07,0.0,6.35159425775116e-09,-7.759371814452603e-12
344,20700.0,20700,1.4902532544637016e-06,1.4902454991717289e-06,1.791775382438116e-05,0.0,1.6394952115484534e-06,1.4924971475547322e-07,0.0,6.351591574040495e-09,-7.752874892880159e-12
345,20760.0,20760,1.4902547133850814e-06,1.4902469646343341e-06,1.7938492107266242e-05,0.0,1.6394967766171273e-06,1.492498143551357e-07,0.0,6.3515888897087946e-09,-7.746331775593006e-12
346,20820.0,20820,1.4902585355857777e-06,1.4902507934542386e-06,1.7959230410899926e-05,0.0,1.6395006777725349e-06,1.492498867179805e-07,0.0,6.351586204727411e-09,-7.739742346303947e-12
347,20880.0,20880,1.4902647216472723e-06,1.4902569861214918e-06,1.7979968768833053e-05,0.0,1.6395069155932646e-06,1.4924993183708296e-07,0.0,6.351583519071562e-09,-7.733107076117678e-12
348,20940.0,20940,1.490273272202536e-06,1.4902655432757639e-06,1.800070721462174e-05,0.0,1.6395154907002087e-06,1.4924994970532337e-07,0.0,6.351580832712303e-09,-7.726425793316048e-12
349,21000.0,21000,1.4902841879276805e-06,1.4902764658075744e-06,1.8021445781835923e-05,0.0,1.6395264037669914e-06,1.4924994031521554e-07,0.0,6.3515781456238605e-09,-7.719698868581555e-12
350,21060.0,21060,1.490297469549672e-06,1.490289754243109e-06,1.8042184504050595e-05,0.0,1.6395396555095656e-06,1.4924990365909734e-07,0.0,6.351575457777388e-09,-7.712926280719873e-12
351,21120.0,21120,1.4903131178413584e-06,1.490305409276167e-06,1.8062923414854768e-05,0.0,1.639555246693851e-06,1.4924983972897192e-07,0.0,6.351572769146815e-09,-7.706108181066525e-12
352,21180.0,21180,1.4903311336242086e-06,1.4903234319558211e-06,1.8083662547844963e-05,0.0,1.6395731781312425e-06,1.4924974851658393e-07,0.0,6.351570079704386e-09,-7.699244697191051e-12
353,21240.0,21240,1.4903515177660805e-06,1.490343822992746e-06,1.8104401936631908e-05,0.0,1.6395934506825685e-06,1.4924963001342896e-07,0.0,6.351567389423335e-09,-7.692336003589743e-12
354,21300.0,21300,1.4903742711833012e-06,1.4903665833696545e-06,1.8125141614838925e-05,0.0,1.6396160652541576e-06,1.4924948421068708e-07,0.0,6.351564698276008e-09,-7.685382188042479e-12
355,21360.0,21360,1.49039939483945e-06,1.4903917140311432e-06,1.814588161610009e-05,0.0,1.639641022800707e-06,1.492493110993083e-07,0.0,6.3515620062348455e-09,-7.678383306671436e-12
356,21420.0,21420,1.4904268897447476e-06,1.4904192158968134e-06,1.8166621974064505e-05,0.0,1.6396683243260935e-06,1.4924911066992227e-07,0.0,6.351559313274175e-09,-7.671339709418046e-12
357,21480.0,21480,1.4904567569609807e-06,1.4904490902788436e-06,1.8187362722396495e-05,0.0,1.6396979708765478e-06,1.492488829129239e-07,0.0,6.351556619363761e-09,-7.664251224073062e-12
358,21540.0,21540,1.4904889975931015e-06,1.4904813380597593e-06,1.8208103894772572e-05,0.0,1.6397299635518963e-06,1.492486278184258e-07,0.0,6.351553924478921e-09,-7.657118282921969e-12
359,21600.0,21600,1.4905236127977046e-06,1.4905159604198815e-06,1.8228845524888124e-05,0.0,1.6397643034952326e-06,1.492483453762519e-07,0.0,6.35155122858962e-09,-7.649940714815154e-12
360,21660.0,21660,1.4905606037768583e-06,1.490552958640125e-06,1.824958764645173e-05,0.0,1.6398009918999467e-06,1.4924803557595973e-07,0.0,6.351548531670877e-09,-7.642718861999066e-12
361,21720.0,21720,1.4905999717816595e-06,1.4905923339974452e-06,1.827033029319411e-05,0.0,1.6398400300066804e-06,1.4924769840682598e-07,0.0,6.351545833693747e-09,-7.635452829595851e-12
362,21780.0,21780,1.4906417181123093e-06,1.4906340875722045e-06,1.8291073498857338e-05,0.0,1.6398814191018799e-06,1.4924733385787847e-07,0.0,6.3515431346302765e-09,-7.628142546582314e-12
363,21840.0,21840,1.4906858441152698e-06,1.4906782208764228e-06,1.8311817297207252e-05,0.0,1.6399251605233037e-06,1.49246941917815e-07,0.0,6.351540434454394e-09,-7.620788382175426e-12
364,21900.0,21900,1.490732351186539e-06,1.4907247353266788e-06,1.8332561722024303e-05,0.0,1.639971255654515e-06,1.4924652257510189e-07,0.0,6.35153773313775e-09,-7.613390375935567e-12
365,21960.0,21960,1.490781240770178e-06,1.4907736324856186e-06,1.8353306807112287e-05,0.0,1.6400197059274956e-06,1.492460758179215e-07,0.0,6.351535030651795e-09,-7.605948575144745e-12
366,22020.0,22020,1.4908325143589713e-06,1.4908249135298585e-06,1.8374052586294694e-05,0.0,1.6400705128222656e-06,1.4924560163417867e-07,0.0,6.35153232697026e-09,-7.59846325558583e-12
367,22080.0,22080,1.4908861734945026e-06,1.490878580196434e-06,1.839479909341552e-05,0.0,1.640123677866731e-06,1.4924510001146896e-07,0.0,6.351529622063605e-09,-7.590934299727826e-12
368,22140.0,22140,1.490942219764542e-06,1.4909346339604925e-06,1.8415546362339464e-05,0.0,1.6401792026398044e-06,1.4924457093715157e-07,0.0,6.35152691590695e-09,-7.583362169152492e-12
369,22200.0,22200,1.4910006548093629e-06,1.4909930767806589e-06,1.8436294426957215e-05,0.0,1.6402370887648846e-06,1.4924401439829078e-07,0.0,6.351524208469167e-09,-7.575746662520194e-12
370,22260.0,22260,1.4910614803148665e-06,1.4910539097400105e-06,1.8457043321177937e-05,0.0,1.6402973379168591e-06,1.492434303816653e-07,0.0,6.351521499724683e-09,-7.568088156037833e-12
371,22320.0,22320,1.4911246980177585e-06,1.4911171352439038e-06,1.8477793078940017e-05,0.0,1.6403599518173344e-06,1.4924281887379213e-07,0.0,6.35151878964366e-09,-7.560386535009112e-12
372,22380.0,22380,1.4911903097023761e-06,1.491182754751778e-06,1.8498543734201755e-05,0.0,1.640424932238467e-06,1.4924217986087436e-07,0.0,6.351516078200819e-09,-7.552642182540133e-12
373,22440.0,22440,1.4912583172033535e-06,1.4912507700222388e-06,1.851929532095067e-05,0.0,1.6404922809993853e-06,1.49241513328877e-07,0.0,6.351513365365234e-09,-7.54485505255796e-12
374,22500.0,22500,1.4913287224041493e-06,1.491321183121051e-06,1.854004787319642e-05,0.0,1.6405619999687545e-06,1.4924081926346228e-07,0.0,6.351510651110139e-09,-7.537025270004328e-12
375,22560.0,22560,1.491401527237301e-06,1.4913939957194738e-06,1.8560801424978906e-05,0.0,1.6406340910646211e-06,1.4924009764999732e-07,0.0,6.3515079354073824e-09,-7.52915302595923e-12
376,22620.0,22620,1.4914767336845771e-06,1.4914692102283698e-06,1.8581556010364012e-05,0.0,1.6407085562543902e-06,1.4923934847359552e-07,0.0,6.351505218228812e-09,-7.521238361490698e-12
377,22680.0,22680,1.4915543437773822e-06,1.491546828259261e-06,1.8602311663444224e-05,0.0,1.6407853975543427e-06,1.4923857171905782e-07,0.0,6.351502499546574e-09,-7.513281516874474e-12
378,22740.0,22740,1.4916343595975958e-06,1.4916268520930057e-06,1.8623068418344914e-05,0.0,1.6408646170296596e-06,1.4923776737093302e-07,0.0,6.351499779331225e-09,-7.505282507730435e-12
379,22800.0,22800,1.4917167832755663e-06,1.4917092837527867e-06,1.8643826309215815e-05,0.0,1.6409462167958952e-06,1.4923693541345735e-07,0.0,6.351497057555408e-09,-7.497241510118458e-12
380,22860.0,22860,1.4918016169923965e-06,1.49179412562914e-06,1.8664585370240967e-05,0.0,1.6410301990178597e-06,1.4923607583060708e-07,0.0,6.351494334190771e-09,-7.489158646755071e-12
381,22920.0,22920,1.4918888629792564e-06,1.491881379678559e-06,1.868534563563141e-05,0.0,1.64111656590962e-06,1.4923518860605863e-07,0.0,6.351491609207973e-09,-7.481034058796375e-12
382,22980.0,22980,1.4919785235169785e-06,1.4919710482541993e-06,1.8706107139634736e-05,0.0,1.6412053197357925e-06,1.492342737232156e-07,0.0,6.351488882578366e-09,-7.472867759155368e-12
383,23040.0,23040,1.4920706009374537e-06,1.4920631338021216e-06,1.872686991652695e-05,0.0,1.6412964628104027e-06,1.492333311651724e-07,0.0,6.351486154274689e-09,-7.464660015789273e-12
384,23100.0,23100,1.4921650976214986e-06,1.4921576388874791e-06,1.8747634000620194e-05,0.0,1.6413899974988134e-06,1.4923236091476324e-07,0.0,6.3514834242671055e-09,-7.456410868452091e-12
385,23160.0,23160,1.4922620160035005e-06,1.4922545655743365e-06,1.8768399426256248e-05,0.0,1.6414859262136887e-06,1.492313629545131e-07,0.0,6.351480692526968e-09,-7.448120352236854e-12
386,23220.0,23220,1.4923613585633973e-06,1.492353916283809e-06,1.8789166227815274e-05,0.0,1.6415842514236999e-06,1.4923033726666625e-07,0.0,6.351477959027411e-09,-7.439788880937786e-12
387,23280.0,23280,1.4924631278380219e-06,1.492455694084777e-06,1.8809934439710508e-05,0.0,1.641684975641394e-06,1.4922928383320517e-07,0.0,6.35147522373622e-09,-7.43141620870281e-12
388,23340.0,23340,1.492567326410418e-06,1.4925599009800719e-06,1.8830704096394382e-05,0.0,1.641788101435477e-06,1.4922820263574607e-07,0.0,6.351472486627521e-09,-7.423002805245493e-12
389,23400.0,23400,1.492673956918215e-06,1.4926665399838618e-06,1.8851475232349363e-05,0.0,1.641893631421526e-06,1.4922709365571635e-07,0.0,6.351469747669595e-09,-7.41454845260369e-12
390,23460.0,23460,1.4927830220478408e-06,1.4927756135714663e-06,1.8872247882102592e-05,0.0,1.6420015682690425e-06,1.4922595687418818e-07,0.0,6.351467006835973e-09,-7.40605352285935e-12
391,23520.0,23520,1.4928945245380764e-06,1.4928871246288258e-06,1.889302208021388e-05,0.0,1.6421119146979782e-06,1.4922479227194821e-07,0.0,6.351464264096819e-09,-7.397518075315934e-12
392,23580.0,23580,1.4930084671795215e-06,1.493001075855311e-06,1.8913797861285693e-05,0.0,1.64222467347891e-06,1.4922359982949287e-07,0.0,6.3514615194216995e-09,-7.38894224124544e-12
393,23640.0,23640,1.4931248528160416e-06,1.4931174701844935e-06,1.8934575259958435e-05,0.0,1.6423398474324592e-06,1.4922237952706166e-07,0.0,6.351458772781472e-09,-7.380325992406767e-12
394,23700.0,23700,1.4932436843404793e-06,1.4932363103878394e-06,1.8955354310911916e-05,0.0,1.6424574394347192e-06,1.4922113134454985e-07,0.0,6.351456024148281e-09,-7.37166959892965e-12
395,23760.0,23760,1.4933649646980546e-06,1.493357599397449e-06,1.897613504886897e-05,0.0,1.6425774524128927e-06,1.4921985526156725e-07,0.0,6.351453273492687e-09,-7.362973307940493e-12
396,23820.0,23820,1.4934886968899939e-06,1.493481340337093e-06,1.8996917508591827e-05,0.0,1.6426998893422202e-06,1.4921855125746521e-07,0.0,6.351450520782372e-09,-7.354236953360226e-12
397,23880.0,23880,1.4936148839675664e-06,1.4936075361991408e-06,1.9017701724888996e-05,0.0,1.6428247532528835e-06,1.4921721931126034e-07,0.0,6.351447765990275e-09,-7.345460742567851e-12
398,23940.0,23940,1.4937435290323639e-06,1.4937361900955635e-06,1.903848773260736e-05,0.0,1.6429520472299531e-06,1.4921585940167742e-07,0.0,6.3514450090871544e-09,-7.336645003557794e-12
399,24000.0,24000,1.493874635243836e-06,1.4938673051601296e-06,1.9059275566642115e-05,0.0,1.6430817744059549e-06,1.4921447150718595e-07,0.0,6.3514422500409906e-09,-7.327789554516113e-12
400,24060.0,24060,1.494008205809522e-06,1.4940008846673726e-06,1.9080065261930283e-05,0.0,1.6432139379711968e-06,1.4921305560588104e-07,0.0,6.3514394888240285e-09,-7.318894731495972e-12
401,24120.0,24120,1.494144243994109e-06,1.4941369317469508e-06,1.9100856853456186e-05,0.0,1.6433485411651418e-06,1.492116116756168e-07,0.0,6.351436725405043e-09,-7.309960571238297e-12
402,24180.0,24180,1.4942827531140787e-06,1.4942754499041732e-06,1.9121650376249413e-05,0.0,1.6434855872814832e-06,1.492101396939364e-07,0.0,6.351433959754494e-09,-7.300987180501876e-12
403,24240.0,24240,1.4944237365390255e-06,1.4944164422266992e-06,1.9142445865387678e-05,0.0,1.6436250796686002e-06,1.49208639638069e-07,0.0,6.351431191842642e-09,-7.291974785003704e-12
404,24300.0,24300,1.4945671976944234e-06,1.4945599125415134e-06,1.9163243355994772e-05,0.0,1.643767021726007e-06,1.4920711148495357e-07,0.0,6.351428421638065e-09,-7.282923280992704e-12
405,24360.0,24360,1.4947131400557897e-06,1.4947058639593678e-06,1.9184042883246048e-05,0.0,1.6439114169109492e-06,1.4920555521120067e-07,0.0,6.351425649112808e-09,-7.273833144570182e-12
406,24420.0,24420,1.4948615671585047e-06,1.4948543001701366e-06,1.9204844482361936e-05,0.0,1.644058268729015e-06,1.492039707931672e-07,0.0,6.351422874233268e-09,-7.264704101230229e-12
407,24480.0,24480,1.4950124825874085e-06,1.4950052248210862e-06,1.9225648188616256e-05,0.0,1.6442075807452764e-06,1.492023582068515e-07,0.0,6.351420096971786e-09,-7.255536572712737e-12
408,24540.0,24540,1.4951658899859103e-06,1.4951586414320667e-06,1.9246454037332564e-05,0.0,1.6443593565749738e-06,1.4920071742798552e-07,0.0,6.35141731729585e-09,-7.2463304723977235e-12
409,24600.0,24600,1.495321793048858e-06,1.4953145537427414e-06,1.92672620638872e-05,0.0,1.6445135998919437e-06,1.4919904843195546e-07,0.0,6.351414535176615e-09,-7.237086092123254e-12
410,24660.0,24660,1.4954801955287804e-06,1.4954729653994124e-06,1.9288072303706244e-05,0.0,1.644670314421917e-06,1.4919735119389536e-07,0.0,6.3514117505820595e-09,-7.227803463364723e-12
411,24720.0,24720,1.4956411012328176e-06,1.4956338805176987e-06,1.9308884792272623e-05,0.0,1.6448295039465554e-06,1.4919562568857436e-07,0.0,6.3514089634814556e-09,-7.2184826684631496e-12
412,24780.0,24780,1.4958045140234558e-06,1.495797302736264e-06,1.9329699565118586e-05,0.0,1.6449911723032224e-06,1.4919387189047625e-07,0.0,6.351406173844768e-09,-7.209123944840186e-12
413,24840.0,24840,1.4959704378190103e-06,1.495963235921325e-06,1.9350516657836484e-05,0.0,1.6451553233847293e-06,1.4919208977378814e-07,0.0,6.351403381639482e-09,-7.1997273336885534e-12
414,24900.0,24900,1.4961388765947158e-06,1.496131684005205e-06,1.937133610606901e-05,0.0,1.6453219611387775e-06,1.491902793123498e-07,0.0,6.351400586835067e-09,-7.190292975702307e-12
415,24960.0,24960,1.4963098343814838e-06,1.4963026513844172e-06,1.9392157945519765e-05,0.0,1.64549108957009e-06,1.4918844047972352e-07,0.0,6.351397789400396e-09,-7.180820943148657e-12
416,25020.0,25020,1.4964833152670444e-06,1.4964761417755067e-06,1.941298221194757e-05,0.0,1.6456627127389893e-06,1.491865732491384e-07,0.0,6.351394989304046e-09,-7.1713114077337345e-12
417,25080.0,25080,1.4966593233946264e-06,1.496652159478099e-06,1.9433808941169094e-05,0.0,1.6458368347641908e-06,1.491846775935128e-07,0.0,6.35139218651509e-09,-7.1617645608932014e-12
418,25140.0,25140,1.4968378629674744e-06,1.4968307085865477e-06,1.9454638169059288e-05,0.0,1.6460134598176496e-06,1.4918275348545885e-07,0.0,6.3513893810004175e-09,-7.152180304777618e-12
419,25200.0,25200,1.4970189382428858e-06,1.497011793503913e-06,1.9475469931554196e-05,0.0,1.646192592132225e-06,1.49180800897251e-07,0.0,6.351386572730391e-09,-7.142559033844733e-12
420,25260.0,25260,1.4972025535380716e-06,1.4971954183707088e-06,1.9496304264648542e-05,0.0,1.6463742359954124e-06,1.491788198008511e-07,0.0,6.351383761671603e-09,-7.132900719882746e-12
421,25320.0,25320,1.4973887132283307e-06,1.4973815877042923e-06,1.9517141204398356e-05,0.0,1.64655839575216e-06,1.4917681016791971e-07,0.0,6.351380947791739e-09,-7.123205409489646e-12
422,25380.0,25380,1.4975774217446891e-06,1.4975703059943862e-06,1.9537980786924833e-05,0.0,1.646745075808066e-06,1.4917477196978756e-07,0.0,6.351378131060861e-09,-7.113473401954366e-12
423,25440.0,25440,1.4977686835788995e-06,1.497761577542722e-06,1.9558823048408048e-05,0.0,1.6469342806236698e-06,1.4917270517744586e-07,0.0,6.351375311445069e-09,-7.10370464897626e-12
424,25500.0,25500,1.4979625032793292e-06,1.497955407094565e-06,1.9579668025092833e-05,0.0,1.6471260147214804e-06,1.4917060976157978e-07,0.0,6.351372488913732e-09,-7.093899533025362e-12
425,25560.0,25560,1.4981588854574835e-06,1.4981517991500678e-06,1.9600515753290206e-05,0.0,1.6473202826766635e-06,1.491684856925509e-07,0.0,6.351369663430867e-09,-7.084057816173778e-12
426,25620.0,25620,1.49835783477958e-06,1.4983507582821884e-06,1.962136626937594e-05,0.0,1.6475170891294249e-06,1.4916633294040521e-07,0.0,6.351366834967923e-09,-7.074179850399378e-12
427,25680.0,25680,1.4985593559726128e-06,1.4985522894059113e-06,1.964221960978956e-05,0.0,1.6477164387777537e-06,1.491641514748271e-07,0.0,6.3513640034908034e-09,-7.064265767713212e-12
428,25740.0,25740,1.4987634538253938e-06,1.4987563972378776e-06,1.9663075811040837e-05,0.0,1.6479183363768377e-06,1.4916194126520585e-07,0.0,6.351361168965902e-09,-7.054315579375353e-12
429,25800.0,25800,1.498970133185635e-06,1.4989630866848504e-06,1.9683934909706117e-05,0.0,1.6481227867432515e-06,1.491597022806105e-07,0.0,6.351358331361299e-09,-7.0443294533178915e-12
430,25860.0,25860,1.4991793989604543e-06,1.499172362423933e-06,1.9704796942429363e-05,0.0,1.648329794754803e-06,1.4915743448971665e-07,0.0,6.351355490643986e-09,-7.034307553015289e-12
431,25920.0,25920,1.4993912561192189e-06,1.4993842296728807e-06,1.9725661945927615e-05,0.0,1.648539365348631e-06,1.4915513786095092e-07,0.0,6.351352646780557e-09,-7.024249935911105e-12
432,25980.0,25980,1.4996057096919976e-06,1.4995986933690857e-06,1.974652995698349e-05,0.0,1.648751503522703e-06,1.4915281236233708e-07,0.0,6.3513497997375066e-09,-7.014156790091883e-12
433,26040.0,26040,1.499822764770727e-06,1.499815758538125e-06,1.9767401012456347e-05,0.0,1.6489662143357368e-06,1.491504579616182e-07,0.0,6.351346949481229e-09,-7.0040281789487726e-12
434,26100.0,26100,1.5000424265089586e-06,1.5000354305076082e-06,1.978827514927192e-05,0.0,1.6491835029079142e-06,1.4914807462617883e-07,0.0,6.351344095978718e-09,-6.993864242799842e-12
435,26160.0,26160,1.5002647001219597e-06,1.5002577143291748e-06,1.980915240443351e-05,0.0,1.6494033744218171e-06,1.4914566232306416e-07,0.0,6.3513412391956726e-09,-6.983665123525074e-12
436,26220.0,26220,1.5004895908873236e-06,1.5004826153153605e-06,1.9830032815017286e-05,0.0,1.6496258341224803e-06,1.4914322101898e-07,0.0,6.351338379099184e-09,-6.9734309037015325e-12
437,26280.0,26280,1.5007171041449425e-06,1.500710138765202e-06,1.985091641817332e-05,0.0,1.6498508873173141e-06,1.491407506802752e-07,0.0,6.351335515654754e-09,-6.963161776664182e-12
438,26340.0,26340,1.5009472452998002e-06,1.5009402902121398e-06,1.987180325112761e-05,0.0,1.6500785393746836e-06,1.4913825127301164e-07,0.0,6.3513326488277885e-09,-6.952857786661593e-12
439,26400.0,26400,1.5011800198187998e-06,1.5011730751188893e-06,1.989269335118431e-05,0.0,1.6503087957277662e-06,1.4913572276285936e-07,0.0,6.351329778584781e-09,-6.942519102724742e-12
440,26460.0,26460,1.5014154332323874e-06,1.5014084989406551e-06,1.9913586755723714e-05,0.0,1.6505416618730796e-06,1.491331651151649e-07,0.0,6.3513269048909395e-09,-6.932145832243486e-12
441,26520.0,26520,1.5016534911363796e-06,1.5016465671334284e-06,1.993448350220366e-05,0.0,1.6507771433704305e-06,1.4913057829492111e-07,0.0,6.351324027711667e-09,-6.921738079753644e-12
442,26580.0,26580,1.5018941991895783e-06,1.5018872858176887e-06,1.9955383628162584e-05,0.0,1.651015245845149e-06,1.4912796226676554e-07,0.0,6.3513211470131615e-09,-6.911296107775236e-12
443,26640.0,26640,1.502137563118515e-06,1.5021306601614271e-06,1.997628717122033e-05,0.0,1.651255974983418e-06,1.491253169950154e-07,0.0,6.351318262757854e-09,-6.900819783649675e-12
444,26700.0,26700,1.502383588711641e-06,1.5023766962611932e-06,1.9997194169075714e-05,0.0,1.6514993365410797e-06,1.4912264244361988e-07,0.0,6.351315374913725e-09,-6.890309407788803e-12
445,26760.0,26760,1.5026322818244277e-06,1.5026253998480612e-06,2.00181046595116e-05,0.0,1.6517453363370877e-06,1.4911993857616345e-07,0.0,6.351312483444891e-09,-6.879765140802977e-12
446,26820.0,26820,1.5028836483794164e-06,1.5028767770267018e-06,2.0039018680391048e-05,0.0,1.6519939802551068e-06,1.4911720535591012e-07,0.0,6.3513095883146754e-09,-6.869186916867056e-12
447,26880.0,26880,1.503137694363098e-06,1.5031308336158148e-06,2.0059936269664607e-05,0.0,1.6522452742478517e-06,1.4911444274573856e-07,0.0,6.351306689489472e-09,-6.858575136597405e-12
448,26940.0,26940,1.5033944258324092e-06,1.5033875757682862e-06,2.008085746536444e-05,0.0,1.6524992243299812e-06,1.491116507081753e-07,0.0,6.3513037869313166e-09,-6.8479295850703735e-12
449,27000.0,27000,1.5036538489073986e-06,1.5036470095186961e-06,2.010178230561326e-05,0.0,1.6527558365880975e-06,1.4910882920541698e-07,0.0,6.351300880607497e-09,-6.837250720058303e-12
450,27060.0,27060,1.5039159697794233e-06,1.5039091411163617e-06,2.0122710828614375e-05,0.0,1.6530151171715843e-06,1.491059781992685e-07,0.0,6.351297970479055e-09,-6.826538431041831e-12
451,27120.0,27120,1.504180794705033e-06,1.5041739767573093e-06,2.0143643072663456e-05,0.0,1.653277072300906e-06,1.4910309765117158e-07,0.0,6.351295056511594e-09,-6.815792964162948e-12
452,27180.0,27180,1.5044483300108174e-06,1.5044415228241095e-06,2.0164579076143274e-05,0.0,1.6535417082626078e-06,1.4910018752224745e-07,0.0,6.351292138668337e-09,-6.80501437573386e-12
453,27240.0,27240,1.5047185820914514e-06,1.504711785722451e-06,2.0185518877526334e-05,0.0,1.653809031412868e-06,1.4909724777320034e-07,0.0,6.351289216912904e-09,-6.794202889301167e-12
454,27300.0,27300,1.5049915574122846e-06,1.5049847719168711e-06,2.0206462515376085e-05,0.0,1.6540790481750379e-06,1.4909427836439977e-07,0.0,6.351286291207926e-09,-6.783358523656064e-12
455,27360.0,27360,1.505267262506904e-06,1.5052604879086016e-06,2.0227410028347943e-05,0.0,1.6543517650435735e-06,1.4909127925584093e-07,0.0,6.351283361517218e-09,-6.7724813732506025e-12
456,27420.0,27420,1.5055457039781243e-06,1.5055389401928857e-06,2.024836145519031e-05,0.0,1.6546271885836565e-06,1.490882504071384e-07,0.0,6.351280427804899e-09,-6.7615718621672675e-12
457,27480.0,27480,1.5058268885034194e-06,1.5058201356961166e-06,2.026931683474334e-05,0.0,1.654905325426295e-06,1.4908519177754672e-07,0.0,6.351277490030324e-09,-6.750629628996981e-12
458,27540.0,27540,1.5061108228262666e-06,1.5061040809957072e-06,2.029027620594322e-05,0.0,1.6551861822788304e-06,1.4908210332595087e-07,0.0,6.351274548160386e-09,-6.7396552689373555e-12
459,27600.0,27600,1.5063975137655129e-06,1.506390782969302e-06,2.0311239607822362e-05,0.0,1.6554697659153707e-06,1.4907898501084724e-07,0.0,6.351271602154044e-09,-6.7286485260667205e-12
460,27660.0,27660,1.5066869682092835e-06,1.5066802483988753e-06,2.0332207079508595e-05,0.0,1.6557560831847323e-06,1.4907583679035635e-07,0.0,6.351268651976706e-09,-6.717609894282363e-12
461,27720.0,27720,1.5069791931208186e-06,1.50697248449438e-06,2.0353178660226997e-05,0.0,1.6560451410043252e-06,1.4907265862223552e-07,0.0,6.351265697587132e-09,-6.706539167122735e-12
462,27780.0,27780,1.5072741955334487e-06,1.5072674979356234e-06,2.0374154389304955e-05,0.0,1.6563369463678417e-06,1.4906945046383126e-07,0.0,6.351262738949835e-09,-6.69543670265964e-12
463,27840.0,27840,1.5075719825559244e-06,1.5075652961800319e-06,2.0395134306164467e-05,0.0,1.6566315063394197e-06,1.4906621227214906e-07,0.0,6.351259776025362e-09,-6.684302531442105e-12
464,27900.0,27900,1.5078725613706895e-06,1.5078658860785538e-06,2.0416118450333505e-05,0.0,1.6569288280570182e-06,1.4906294400379007e-07,0.0,6.351256808775054e-09,-6.673136739144607e-12
465,27960.0,27960,1.508175939232588e-06,1.5081692751565993e-06,2.0437106861435653e-05,0.0,1.6572289187344973e-06,1.4905964561493183e-07,0.0,6.3512538371613404e-09,-6.6619396142263865e-12
466,28020.0,28020,1.5084821234733803e-06,1.5084754706117117e-06,2.045809957920433e-05,0.0,1.657531785658016e-06,1.490563170614221e-07,0.0,6.351250861143779e-09,-6.650711163389408e-12
467,28080.0,28080,1.5087911215012622e-06,1.5087844799956171e-06,2.0479096643472642e-05,0.0,1.6578374361876046e-06,1.490529582986962e-07,0.0,6.351247880683806e-09,-6.639451447304509e-12
468,28140.0,28140,1.509102940795788e-06,1.5090963105896527e-06,2.0500098094180467e-05,0.0,1.6581458777638898e-06,1.490495692817755e-07,0.0,6.3512448957429625e-09,-6.628160800648731e-12
469,28200.0,28200,1.5094175889184285e-06,1.5094109700028192e-06,2.0521103971370822e-05,0.0,1.6584571178968784e-06,1.490461499653182e-07,0.0,6.351241906280209e-09,-6.616839119204802e-12
470,28260.0,28260,1.5097350735025207e-06,1.509728465969885e-06,2.0542114315198177e-05,0.0,1.6587711641791525e-06,1.4904270030356056e-07,0.0,6.351238912258174e-09,-6.60548679816368e-12
471,28320.0,28320,1.5100554022633692e-06,1.5100488061015262e-06,2.056312916592216e-05,0.0,1.659088024275136e-06,1.4903922025036776e-07,0.0,6.351235913633836e-09,-6.594103660140408e-12
472,28380.0,28380,1.5103785829901493e-06,1.5103719982186646e-06,2.058414856391284e-05,0.0,1.6594077059318034e-06,1.490357097591672e-07,0.0,6.351232910370419e-09,-6.582690140311804e-12
473,28440.0,28440,1.5107046235538517e-06,1.5106980502665173e-06,2.0605172549651142e-05,0.0,1.6597302169697215e-06,1.490321687830199e-07,0.0,6.351229902424702e-09,-6.5712461790567644e-12
474,28500.0,28500,1.5110335319028651e-06,1.5110269699985806e-06,2.0626201163728814e-05,0.0,1.6600555652906622e-06,1.4902859727456186e-07,0.0,6.351226889757333e-09,-6.559771897687755e-12
475,28560.0,28560,1.5113653160651095e-06,1.511358765683954e-06,2.0647234446851314e-05,0.0,1.6603837588757505e-06,1.4902499518601824e-07,0.0,6.351223872328066e-09,-6.548267571318338e-12
476,28620.0,28620,1.5116999841496595e-06,1.5116934454043817e-06,2.0668272439837772e-05,0.0,1.6607148057845258e-06,1.490213624692193e-07,0.0,6.351220850094969e-09,-6.536733207676761e-12
477,28680.0,28680,1.5120375443453736e-06,1.5120310171994056e-06,2.068931518362061e-05,0.0,1.661048714158164e-06,1.4901769907556393e-07,0.0,6.3512178230174e-09,-6.525169059672807e-12
478,28740.0,28740,1.5123780049240417e-06,1.5123714893189159e-06,2.07103627192508e-05,0.0,1.6613854922168641e-06,1.490140049560703e-07,0.0,6.351214791052635e-09,-6.513575039386583e-12
479,28800.0,28800,1.512721374237035e-06,1.5127148702369542e-06,2.0731415087893828e-05,0.0,1.661725148265152e-06,1.4901028006128876e-07,0.0,6.3512117541610235e-09,-6.501951529634619e-12
480,28860.0,28860,1.5130676607193664e-06,1.5130611684448193e-06,2.0752472330836563e-05,0.0,1.6620676906884796e-06,1.490065243413969e-07,0.0,6.351208712299146e-09,-6.490298527614586e-12
481,28920.0,28920,1.5134168728904008e-06,1.5134103921255076e-06,2.0773534489484047e-05,0.0,1.66241312795353e-06,1.4900273774613772e-07,0.0,6.351205665425271e-09,-6.478616227002514e-12
482,28980.0,28980,1.5137690193521296e-06,1.5137625503802976e-06,2.0794601605362713e-05,0.0,1.6627614686113128e-06,1.4899892022482922e-07,0.0,6.351202613496774e-09,-6.466904668290065e-12
483,29040.0,29040,1.514124108790364e-06,1.5141176515423145e-06,2.0815673720119176e-05,0.0,1.6631127212979511e-06,1.4899507172633894e-07,0.0,6.351199556471722e-09,-6.455164120887629e-12
484,29100.0,29100,1.514482149976738e-06,1.5144757044961953e-06,2.0836750875525523e-05,0.0,1.6634668947324485e-06,1.489911921991617e-07,0.0,6.351196494306005e-09,-6.443394533055147e-12
485,29160.0,29160,1.5148431517668586e-06,1.5148367181164777e-06,2.085783311347727e-05,0.0,1.6638239977217642e-06,1.489872815912974e-07,0.0,6.3511934269592775e-09,-6.431596362935804e-12
486,29220.0,29220,1.5152071231061144e-06,1.5152007012985328e-06,2.0878920475995388e-05,0.0,1.6641840391540119e-06,1.489833398503654e-07,0.0,6.351190354383859e-09,-6.419769411164591e-12
487,29280.0,29280,1.5155740730238406e-06,1.5155676630542877e-06,2.0900013005229567e-05,0.0,1.6645470280069868e-06,1.489793669235235e-07,0.0,6.35118727653881e-09,-6.407913912508275e-12
488,29340.0,29340,1.5159440106380133e-06,1.5159376126027175e-06,2.0921110743452523e-05,0.0,1.6649129733450184e-06,1.4897536275749641e-07,0.0,6.351184193380315e-09,-6.396030109115834e-12
489,29400.0,29400,1.5163169451540822e-06,1.5163105590072638e-06,2.0942213733072172e-05,0.0,1.6652818843208742e-06,1.489713272985649e-07,0.0,6.35118110486347e-09,-6.384118018607612e-12
490,29460.0,29460,1.5166928858663147e-06,1.5166865116780644e-06,2.0963322016622307e-05,0.0,1.6656537701755817e-06,1.4896726049256398e-07,0.0,6.351178010944956e-09,-6.3721779172345965e-12
491,29520.0,29520,1.5170718421606146e-06,1.517065479896851e-06,2.0984435636772327e-05,0.0,1.6660286402373885e-06,1.4896316228488613e-07,0.0,6.351174911578084e-09,-6.360209839334619e-12
492,29580.0,29580,1.5174538235119823e-06,1.5174474732769787e-06,2.100555463632197e-05,0.0,1.6664065039252637e-06,1.4895903262049561e-07,0.0,6.351171806718841e-09,-6.3482137916296445e-12
493,29640.0,29640,1.5178388394839074e-06,1.517832501361432e-06,2.1026679058206182e-05,0.0,1.6667873707520698e-06,1.489548714438793e-07,0.0,6.3511686963239085e-09,-6.336190240535308e-12
494,29700.0,29700,1.5182268997357523e-06,1.5182205735827315e-06,2.104780894549633e-05,0.0,1.667171250316773e-06,1.4895067869905467e-07,0.0,6.3511655803450115e-09,-6.324139043367423e-12
495,29760.0,29760,1.5186180140164594e-06,1.5186116999194277e-06,2.1068944341401018e-05,0.0,1.6675581523137558e-06,1.4894645432964256e-07,0.0,6.351162458738136e-09,-6.312060505462903e-12
496,29820.0,29820,1.519012192169347e-06,1.5190058902943187e-06,2.1090085289263255e-05,0.0,1.6679480865282996e-06,1.489421982787405e-07,0.0,6.351159331456396e-09,-6.2999546112612795e-12
497,29880.0,29880,1.5194094441295714e-06,1.5194031542602865e-06,2.111123183257058e-05,0.0,1.668341062841636e-06,1.4893791048900506e-07,0.0,6.351156198454985e-09,-6.2878218002579386e-12
498,29940.0,29940,1.5198097799319694e-06,1.5198035023328526e-06,2.1132384014949e-05,0.0,1.668737091223535e-06,1.4893359090265985e-07,0.0,6.351153059683943e-09,-6.275661811449605e-12
499,30000.0,30000,1.5202132097004743e-06,1.5202069442237576e-06,2.115354188016906e-05,0.0,1.6691361817454516e-06,1.489292394614209e-07,0.0,6.351149915099753e-09,-6.2634751191136324e-12
500,30060.0,30060,1.5206197436600447e-06,1.5206134904305559e-06,2.1174705472138956e-05,0.0,1.6695383445691054e-06,1.4892485610654592e-07,0.0,6.351146764653247e-09,-6.251261571365552e-12
501,30120.0,30120,1.5210293921285942e-06,1.5210231510516529e-06,2.1195874834919136e-05,0.0,1.6699435899573676e-06,1.4892044077880568e-07,0.0,6.35114360829952e-09,-6.2390216540477614e-12
502,30180.0,30180,1.5214421655243501e-06,1.521435936846034e-06,2.1217050012712162e-05,0.0,1.670351928266902e-06,1.4891599341852688e-07,0.0,6.351140445988217e-09,-6.226755254726795e-12
503,30240.0,30240,1.521858074363367e-06,1.5218518579133731e-06,2.123823104987001e-05,0.0,1.670763369953646e-06,1.4891151396552866e-07,0.0,6.351137277671854e-09,-6.2144626351179146e-12
504,30300.0,30300,1.522277129261227e-06,1.5222709251436505e-06,2.1259417990891646e-05,0.0,1.6711779255714396e-06,1.4890700235915592e-07,0.0,6.351134103302057e-09,-6.2021439054401685e-12
505,30360.0,30360,1.5226993409339785e-06,1.5226931491725216e-06,2.12806108804291e-05,0.0,1.6715956057736768e-06,1.4890245853827148e-07,0.0,6.3511309228303525e-09,-6.189799113950316e-12
506,30420.0,30420,1.5231247201968678e-06,1.523118540814039e-06,2.1301809763285852e-05,0.0,1.6720164213165515e-06,1.488978824412448e-07,0.0,6.351127736208564e-09,-6.1774285806206465e-12
507,30480.0,30480,1.5235532779676876e-06,1.5235471110294162e-06,2.1323014684417242e-05,0.0,1.672440383056014e-06,1.488932740059474e-07,0.0,6.351124543386931e-09,-6.165032395907161e-12
508,30540.0,30540,1.52398502526721e-06,1.5239788706885092e-06,2.134422568893411e-05,0.0,1.6728675019497751e-06,1.488886331697575e-07,0.0,6.351121344315194e-09,-6.152610693178858e-12
509,30600.0,30600,1.5244199732210382e-06,1.5244138310685979e-06,2.1365442822104837e-05,0.0,1.673297789057332e-06,1.488839598695775e-07,0.0,6.351118138942898e-09,-6.140163561145555e-12
510,30660.0,30660,1.5248581330572714e-06,1.5248520033669995e-06,2.138666612935251e-05,0.0,1.673731255543646e-06,1.4887925404179595e-07,0.0,6.351114927221371e-09,-6.127691206467397e-12
511,30720.0,30720,1.5252995161087137e-06,1.5252933989716622e-06,2.1407895656264236e-05,0.0,1.6741679126795771e-06,1.4887451562226055e-07,0.0,6.351111709099661e-09,-6.115193774781311e-12
512,30780.0,30780,1.5257441338149287e-06,1.5257380291922454e-06,2.142913144858345e-05,0.0,1.6746077718400036e-06,1.4886974454636379e-07,0.0,6.351108484526717e-09,-6.102671460243029e-12
513,30840.0,30840,1.5261919977231277e-06,1.5261859056016677e-06,2.145037355221762e-05,0.0,1.6750508445062337e-06,1.4886494074895577e-07,0.0,6.351105253450697e-09,-6.090124370808435e-12
514,30900.0,30900,1.5266431194888303e-06,1.5266370399549252e-06,2.1471622013237448e-05,0.0,1.6754971422662846e-06,1.4886010416439168e-07,0.0,6.351102015820151e-09,-6.0775526617507945e-12
515,30960.0,30960,1.5270975108752034e-06,1.5270914439651167e-06,2.1492876877880898e-05,0.0,1.6759466768176996e-06,1.488552347264907e-07,0.0,6.351098771583039e-09,-6.064956404360704e-12
516,31020.0,31020,1.5275551837548393e-06,1.5275491294475078e-06,2.1514138192547955e-05,0.0,1.676399459967852e-06,1.488503323685486e-07,0.0,6.35109552068831e-09,-6.052335896128436e-12
517,31080.0,31080,1.5280161501127477e-06,1.528010108490494e-06,2.1535406003813597e-05,0.0,1.6768555036327025e-06,1.4884539702335986e-07,0.0,6.351092263081839e-09,-6.03969123359352e-12
518,31140.0,31140,1.5284804220445058e-06,1.528474393095301e-06,2.155668035841643e-05,0.0,1.677314819839742e-06,1.4884042862317828e-07,0.0,6.351088998711089e-09,-6.02702252011582e-12
519,31200.0,31200,1.5289480117576016e-06,1.5289419955158565e-06,2.1577961303270872e-05,0.0,1.6777774207301239e-06,1.4883542709970087e-07,0.0,6.351085727523126e-09,-6.014329986333566e-12
520,31260.0,31260,1.5294189315750628e-06,1.5294129280332154e-06,2.159924888546228e-05,0.0,1.678243318555745e-06,1.4883039238411868e-07,0.0,6.351082449463628e-09,-6.00161373162279e-12
521,31320.0,31320,1.5298931939333519e-06,1.529887203102669e-06,2.1620543152251812e-05,0.0,1.6787125256842715e-06,1.488253244070724e-07,0.0,6.351079164479066e-09,-5.988873957344053e-12
522,31380.0,31380,1.5303708113849272e-06,1.530364833390288e-06,2.164184415107604e-05,0.0,1.6791850545971325e-06,1.4882022309868418e-07,0.0,6.351075872513928e-09,-5.976110712395092e-12
523,31440.0,31440,1.5308517965981942e-06,1.5308458314026754e-06,2.1663151929551404e-05,0.0,1.6796609178938357e-06,1.4881508838847652e-07,0.0,6.351072573515578e-09,-5.963324350330455e-12
524,31500.0,31500,1.53133616235994e-06,1.5313302099859492e-06,2.1684466535470962e-05,0.0,1.6801401282896057e-06,1.4880992020546922e-07,0.0,6.351069267426719e-09,-5.95051490054741e-12
525,31560.0,31560,1.5318239215757657e-06,1.5318179819784116e-06,2.170578801681089e-05,0.0,1.6806226986179995e-06,1.4880471847810314e-07,0.0,6.351065954192535e-09,-5.9376825278043015e-12
526,31620.0,31620,1.5323150872708982e-06,1.5323091606257366e-06,2.1727116421731702e-05,0.0,1.6811086418318948e-06,1.4879948313427197e-07,0.0,6.351062633756521e-09,-5.924827376187066e-12
527,31680.0,31680,1.5328096725918902e-06,1.5328037587519142e-06,2.174845179857622e-05,0.0,1.6815979710042263e-06,1.487942141013e-07,0.0,6.351059306063168e-09,-5.911949677912802e-12
528,31740.0,31740,1.5333076908060117e-06,1.5333017898875478e-06,2.1769794195874448e-05,0.0,1.6820906993306006e-06,1.4878891130594212e-07,0.0,6.3510559710551775e-09,-5.899049531275715e-12
529,31800.0,31800,1.5338091553042692e-06,1.5338032673203357e-06,2.179114366234478e-05,0.0,1.6825868401284567e-06,1.4878357467439501e-07,0.0,6.351052628675652e-09,-5.886127200958897e-12
530,31860.0,31860,1.5343140796038168e-06,1.5343082045571037e-06,2.181250024689603e-05,0.0,1.6830864068368396e-06,1.4877820413228427e-07,0.0,6.351049278866007e-09,-5.873182629678189e-12
531,31920.0,31920,1.5348224773430333e-06,1.5348166153457564e-06,2.183386399862624e-05,0.0,1.6835894130238854e-06,1.487727996046281e-07,0.0,6.351045921570036e-09,-5.860216253492006e-12
532,31980.0,31980,1.5353343622915204e-06,1.5353285132459035e-06,2.185523496683077e-05,0.0,1.6840958723785991e-06,1.4876736101590702e-07,0.0,6.35104255672747e-09,-5.847228054180871e-12
533,32040.0,32040,1.535849748342642e-06,1.5358439123272256e-06,2.1876613200996614e-05,0.0,1.684605798721209e-06,1.487618882899703e-07,0.0,6.351039184280617e-09,-5.834218218967117e-12
534,32100.0,32100,1.5363686495205531e-06,1.536362826410814e-06,2.1897998750812587e-05,0.0,1.685119205998243e-06,1.487563813501089e-07,0.0,6.351035804170297e-09,-5.821187042170379e-12
535,32160.0,32160,1.536891079979186e-06,1.5368852699024644e-06,2.191939166615791e-05,0.0,1.685636108285625e-06,1.4875084011899691e-07,0.0,6.351032416336142e-09,-5.808134534628253e-12
536,32220.0,32220,1.5374170540038217e-06,1.5374112570595942e-06,2.194079199712051e-05,0.0,1.6861565197899687e-06,1.487452645187357e-07,0.0,6.351029020718575e-09,-5.79506090928608e-12
537,32280.0,32280,1.5379465860105847e-06,1.537940802172637e-06,2.1962199793988077e-05,0.0,1.6866804548516488e-06,1.4873965447078447e-07,0.0,6.351025617257228e-09,-5.7819664098928444e-12
538,32340.0,32340,1.538479690551313e-06,1.5384739197750586e-06,2.1983615107251724e-05,0.0,1.6872079279419578e-06,1.4873400989601858e-07,0.0,6.351022205890543e-09,-5.768851184288622e-12
539,32400.0,32400,1.5390163823134582e-06,1.5390106247357284e-06,2.2005037987610853e-05,0.0,1.6877389536652897e-06,1.4872833071470762e-07,0.0,6.351018786556565e-09,-5.7557152592019995e-12
540,32460.0,32460,1.5395566761174208e-06,1.5395509316906339e-06,2.2026468485971532e-05,0.0,1.688273546765914e-06,1.487226168464947e-07,0.0,6.3510153591948256e-09,-5.7425590618679245e-12
541,32520.0,32520,1.5401005869248982e-06,1.5400948556860789e-06,2.2047906653450973e-05,0.0,1.6888117221204155e-06,1.4871686821040591e-07,0.0,6.351011923741189e-09,-5.729382507651232e-12
542,32580.0,32580,1.5406481298334293e-06,1.5406424118140956e-06,2.2069352541377504e-05,0.0,1.6893534947472081e-06,1.4871108472482348e-07,0.0,6.351008480134791e-09,-5.716185956970415e-12
543,32640.0,32640,1.5411993200822825e-06,1.541193615311541e-06,2.2090806201294265e-05,0.0,1.6898988798022738e-06,1.4870526630750622e-07,0.0,6.3510050283109025e-09,-5.702969436253906e-12
544,32700.0,32700,1.5417541730510078e-06,1.5417484814763546e-06,2.2112267684959974e-05,0.0,1.690447892584262e-06,1.4869941287559287e-07,0.0,6.351001568206972e-09,-5.689733319628696e-12
545,32760.0,32760,1.5423127042643356e-06,1.5423070259565209e-06,2.213373704435343e-05,0.0,1.691000548530937e-06,1.4869352434557823e-07,0.0,6.35099809975718e-09,-5.676477611574412e-12
546,32820.0,32820,1.5428749293893093e-06,1.5428692643946964e-06,2.2155214331671054e-05,0.0,1.6915568632258782e-06,1.4868760063329413e-07,0.0,6.350994622897687e-09,-5.6632025179712785e-12
547,32880.0,32880,1.5434408642377968e-06,1.543435212517965e-06,2.2176699599331783e-05,0.0,1.692116852398885e-06,1.4868164165393956e-07,0.0,6.350991137563763e-09,-5.649908382013871e-12
548,32940.0,32940,1.5440105247732405e-06,1.5440048863610022e-06,2.2198192899979474e-05,0.0,1.6926805319209278e-06,1.4867564732205367e-07,0.0,6.350987643687308e-09,-5.636595032741488e-12
549,33000.0,33000,1.5445839271008382e-06,1.5445783020778047e-06,2.221969428648497e-05,0.0,1.693247917818536e-06,1.4866961755149689e-07,0.0,6.350984141205871e-09,-5.6232630297634195e-12
550,33060.0,33060,1.5451610874809652e-06,1.5451554757826038e-06,2.2241203811945266e-05,0.0,1.6938190262615409e-06,1.4866355225550307e-07,0.0,6.350980630049864e-09,-5.609912363896226e-12
551,33120.0,33120,1.5457420223234663e-06,1.545736423970484e-06,2.226272152969041e-05,0.0,1.6943938735725677e-06,1.4865745134659397e-07,0.0,6.350977110152971e-09,-5.596543243983707e-12
552,33180.0,33180,1.5463267481915372e-06,1.5463211633085844e-06,2.228424749328108e-05,0.0,1.6949724762262728e-06,1.4865131473665852e-07,0.0,6.3509735814470915e-09,-5.583155900962684e-12
553,33240.0,33240,1.5469152818032477e-06,1.546909710290315e-06,2.230578175651548e-05,0.0,1.6955548508502072e-06,1.4864514233686712e-07,0.0,6.350970043863728e-09,-5.56975039168714e-12
554,33300.0,33300,1.5475076400304254e-06,1.5475020819184218e-06,2.2327324373425684e-05,0.0,1.6961410142302224e-06,1.4863893405773047e-07,0.0,6.350966497335275e-09,-5.556327117041926e-12
555,33360.0,33360,1.5481038399054559e-06,1.5480982953462608e-06,2.234887539828535e-05,0.0,1.696730983305216e-06,1.4863268980903435e-07,0.0,6.350962941790558e-09,-5.5428860424583106e-12
556,33420.0,33420,1.5487038986174515e-06,1.5486983674731424e-06,2.2370434885609326e-05,0.0,1.6973247751753045e-06,1.4862640949992385e-07,0.0,6.3509593771608836e-09,-5.52942754550248e-12
557,33480.0,33480,1.54930783351824e-06,1.5493023159097623e-06,2.2392002890153627e-05,0.0,1.6979224070982695e-06,1.4862009303877318e-07,0.0,6.350955803374978e-09,-5.5159516899017394e-12
558,33540.0,33540,1.5499156621207401e-06,1.5499101579371978e-06,2.2413579466924386e-05,0.0,1.6985238964946583e-06,1.486137403333238e-07,0.0,6.350952220362063e-09,-5.5024586352547685e-12
559,33600.0,33600,1.5505274021006626e-06,1.5505219114192768e-06,2.2435164671172576e-05,0.0,1.6991292609500186e-06,1.4860735129052564e-07,0.0,6.350948628052255e-09,-5.488948791567669e-12
560,33660.0,33660,1.5511430713014073e-06,1.5511375940991614e-06,2.245675855840252e-05,0.0,1.6997385182122067e-06,1.4860092581666892e-07,0.0,6.350945026370117e-09,-5.475422165600624e-12
561,33720.0,33720,1.5517626877336821e-06,1.5517572241342623e-06,2.247836118436826e-05,0.0,1.700351686195753e-06,1.4859446381728568e-07,0.0,6.350941415244674e-09,-5.461878937714963e-12
562,33780.0,33780,1.552386269574997e-06,1.5523808194473578e-06,2.2499972605083276e-05,0.0,1.7009687829856945e-06,1.4858796519720694e-07,0.0,6.350937794603165e-09,-5.448319460725285e-12
563,33840.0,33840,1.5530138351772754e-06,1.5530083986984701e-06,2.2521592876815235e-05,0.0,1.7015898268334123e-06,1.4858142986049926e-07,0.0,6.3509341643698575e-09,-5.4347437483646915e-12
564,33900.0,33900,1.5536454030606119e-06,1.5536399801527086e-06,2.2543222056095307e-05,0.0,1.7022148361664776e-06,1.4857485771050434e-07,0.0,6.350930524472191e-09,-5.421152153269129e-12
565,33960.0,33960,1.5542809919222057e-06,1.5542755825684813e-06,2.2564860199712492e-05,0.0,1.7028438295831202e-06,1.485682486497931e-07,0.0,6.350926874833537e-09,-5.407544798401637e-12
566,34020.0,34020,1.5549206206353954e-06,1.5549152249408078e-06,2.258650736472823e-05,0.0,1.7034768258568217e-06,1.4856160258021642e-07,0.0,6.3509232153790565e-09,-5.3939218811644076e-12
567,34080.0,34080,1.555564308248974e-06,1.5555589262541006e-06,2.2608163608462608e-05,0.0,1.704113843940984e-06,1.4855491940281466e-07,0.0,6.3509195460319245e-09,-5.380283769571994e-12
568,34140.0,34140,1.5562120739959696e-06,1.5562067056607406e-06,2.262982898851343e-05,0.0,1.7047549029627633e-06,1.4854819901793825e-07,0.0,6.350915866713731e-09,-5.366630278702245e-12
569,34200.0,34200,1.5568639372851945e-06,1.5568585825760366e-06,2.2651503562747697e-05,0.0,1.7054000222370785e-06,1.4854144132506847e-07,0.0,6.350912177350229e-09,-5.35296209083076e-12
570,34260.0,34260,1.5575199177148982e-06,1.5575145767283696e-06,2.26731873893077e-05,0.0,1.7060492212550132e-06,1.485346462230031e-07,0.0,6.3509084778595405e-09,-5.3392790806053774e-12
571,34320.0,34320,1.5581800350652813e-06,1.5581747077721989e-06,2.269488052661304e-05,0.0,1.7067025196963268e-06,1.4852781360968172e-07,0.0,6.350904768165038e-09,-5.325581496595726e-12
572,34380.0,34380,1.5588443093028345e-06,1.5588389957223576e-06,2.2716583033367537e-05,0.0,1.7073599374288454e-06,1.4852094338226056e-07,0.0,6.3509010481873205e-09,-5.3118698596634365e-12
573,34440.0,34440,1.5595127605883834e-06,1.5595074607840046e-06,2.2738294968551935e-05,0.0,1.7080214945030823e-06,1.485140354371376e-07,0.0,6.350897317842923e-09,-5.298143938594815e-12
574,34500.0,34500,1.5601854092704396e-06,1.5601801231857464e-06,2.2760016391438898e-05,0.0,1.708687211165154e-06,1.485070896698782e-07,0.0,6.350893577053931e-09,-5.284404182324987e-12
575,34560.0,34560,1.5608622758911392e-06,1.5608570034809357e-06,2.2781747361584905e-05,0.0,1.7093571078534059e-06,1.485001059752214e-07,0.0,6.350889825738465e-09,-5.270650856869276e-12
576,34620.0,34620,1.5615433811902772e-06,1.5615381226103004e-06,2.2803487938842835e-05,0.0,1.7100312051984877e-06,1.4849308424711796e-07,0.0,6.350886063812762e-09,-5.256883972627903e-12
577,34680.0,34680,1.562228746102567e-06,1.562223501321045e-06,2.2825238183353448e-05,0.0,1.7107095240312716e-06,1.48486024378659e-07,0.0,6.3508822911955365e-09,-5.243104016845441e-12
578,34740.0,34740,1.5629183917657358e-06,1.5629131607858664e-06,2.2846998155559174e-05,0.0,1.7113920853778271e-06,1.4847892626213786e-07,0.0,6.350878507800747e-09,-5.2293109650543146e-12
579,34800.0,34800,1.5636123395160835e-06,1.5636071223175143e-06,2.286876791620047e-05,0.0,1.7120789104691915e-06,1.484717897889724e-07,0.0,6.350874713546314e-09,-5.2155051735228015e-12
580,34860.0,34860,1.5643106108960193e-06,1.5643054075283366e-06,2.289054752631906e-05,0.0,1.7127700207380452e-06,1.4846461484973827e-07,0.0,6.350870908345899e-09,-5.201686905448698e-12
581,34920.0,34920,1.5650132276558897e-06,1.565008038102852e-06,2.2912337047263634e-05,0.0,1.7134654378201842e-06,1.4845740133419115e-07,0.0,6.350867092112466e-09,-5.187856211142963e-12
582,34980.0,34980,1.5657202117512615e-06,1.5657150360681652e-06,2.293413654069105e-05,0.0,1.7141651835635783e-06,1.4845014913117792e-07,0.0,6.350863264761561e-09,-5.174013426942848e-12
583,35040.0,35040,1.5664315853504104e-06,1.5664264235166492e-06,2.2955946068570404e-05,0.0,1.7148692800236782e-06,1.484428581286985e-07,0.0,6.350859426205354e-09,-5.160158873577579e-12
584,35100.0,35100,1.5671473708357144e-06,1.567142222897677e-06,2.297776569318343e-05,0.0,1.715577749468286e-06,1.4843552821388366e-07,0.0,6.3508555763539375e-09,-5.146292633118515e-12
585,35160.0,35160,1.5678675908036293e-06,1.5678624567705023e-06,2.299959547713019e-05,0.0,1.7162906143809315e-06,1.4842815927294901e-07,0.0,6.350851715119583e-09,-5.132414993081913e-12
586,35220.0,35220,1.5685922680700947e-06,1.568587147919521e-06,2.30214354833311e-05,0.0,1.7170078974612526e-06,1.4842075119126165e-07,0.0,6.350847842412481e-09,-5.118526142372189e-12
587,35280.0,35280,1.5693214256684772e-06,1.5693163193724156e-06,2.3043285775028153e-05,0.0,1.7177296216310093e-06,1.484133038532244e-07,0.0,6.350843958142722e-09,-5.104626443075959e-12
588,35340.0,35340,1.5700550868590622e-06,1.5700499945343722e-06,2.3065146415794247e-05,0.0,1.7184558100297952e-06,1.4840581714239144e-07,0.0,6.350840062217523e-09,-5.090716029986538e-12
589,35400.0,35400,1.5707932751255512e-06,1.5707881967071927e-06,2.3087017469527514e-05,0.0,1.7191864860243254e-06,1.4839829094138286e-07,0.0,6.35083615454539e-09,-5.076795142646408e-12
590,35460.0,35460,1.5715360141794273e-06,1.5715309496424803e-06,2.310889900046065e-05,0.0,1.7199216732078784e-06,1.4839072513187822e-07,0.0,6.3508322350334386e-09,-5.062864051549285e-12
591,35520.0,35520,1.572283327963254e-06,1.5722782773998864e-06,2.3130791073164572e-05,0.0,1.7206613954029602e-06,1.4838311959462128e-07,0.0,6.350828303587796e-09,-5.0489229577641304e-12
592,35580.0,35580,1.573035240651385e-06,1.5730302040844614e-06,2.315269375254761e-05,0.0,1.7214056766654155e-06,1.4837547420942795e-07,0.0,6.350824360114687e-09,-5.034972244192386e-12
593,35640.0,35640,1.5737917766559543e-06,1.5737867540500487e-06,2.3174607103860774e-05,0.0,1.7221545412839462e-06,1.4836778885518637e-07,0.0,6.350820404516668e-09,-5.021011939354188e-12
594,35700.0,35700,1.5745529606256827e-06,1.5745479519855661e-06,2.3196531192701417e-05,0.0,1.7229080137863528e-06,1.4836006340978226e-07,0.0,6.350816436698975e-09,-5.007042475678694e-12
595,35760.0,35760,1.575318817451486e-06,1.5753138227441686e-06,2.3218466085016482e-05,0.0,1.7236661189397384e-06,1.4835229775014336e-07,0.0,6.350812456563867e-09,-4.993064040951978e-12
596,35820.0,35820,1.5760893722684296e-06,1.5760843915852676e-06,2.324041184710616e-05,0.0,1.7244288817536298e-06,1.4834449175224737e-07,0.0,6.350808464013207e-09,-4.9790768876275345e-12
597,35880.0,35880,1.5768646504576822e-06,1.5768596837692637e-06,2.3262368545627534e-05,0.0,1.7251963274843672e-06,1.4833664529106963e-07,0.0,6.3508044589476696e-09,-4.965081239379783e-12
598,35940.0,35940,1.5776446776486467e-06,1.5776397249107407e-06,2.328433624759621e-05,0.0,1.7259684816378207e-06,1.483287582405736e-07,0.0,6.350800441268126e-09,-4.951077420864243e-12
599,36000.0,36000,1.5784294797260166e-06,1.5784245410806053e-06,2.3306315020392005e-05,0.0,1.7267453699683737e-06,1.483208304737552e-07,0.0,6.350796410872774e-09,-4.937065634629678e-12
600,36060.0,36060,1.5792190828274652e-06,1.5792141581988246e-06,2.3328304931762994e-05,0.0,1.7275270184872982e-06,1.4831286186257313e-07,0.0,6.350792367660799e-09,-4.9230461887685965e-12
601,36120.0,36120,1.580013513351056e-06,1.5800086027567977e-06,2.33503060498235e-05,0.0,1.7283134534611307e-06,1.4830485227797257e-07,0.0,6.350788311528514e-09,-4.909019351879986e-12
602,36180.0,36180,1.5808127979547869e-06,1.580807901386866e-06,2.3372318443067067e-05,0.0,1.7291047014178637e-06,1.4829680158988366e-07,0.0,6.350784242372232e-09,-4.894985249907412e-12
603,36240.0,36240,1.5816169635605213e-06,1.5816120810528922e-06,2.3394342180362817e-05,0.0,1.729900789150092e-06,1.4828870966715482e-07,0.0,6.35078016008876e-09,-4.880944331619724e-12
604,36300.0,36300,1.5824260373582289e-06,1.5824211688497337e-06,2.3416377330961535e-05,0.0,1.7307017437160548e-06,1.4828057637761155e-07,0.0,6.350776064571932e-09,-4.866896901500683e-12
605,36360.0,36360,1.583240046811084e-06,1.5832351923740719e-06,2.3438423964499736e-05,0.0,1.7315075924403952e-06,1.4827240158801497e-07,0.0,6.350771955713007e-09,-4.8528429613430125e-12
606,36420.0,36420,1.5840590196512801e-06,1.584054179282401e-06,2.346048215100494e-05,0.0,1.7323183629265192e-06,1.4826418516405897e-07,0.0,6.350767833407203e-09,-4.83878313303943e-12
607,36480.0,36480,1.584882983893275e-06,1.5848781576061818e-06,2.3482551960895257e-05,0.0,1.733134083047867e-06,1.4825592697037465e-07,0.0,6.3507636975433026e-09,-4.824717365197477e-12
608,36540.0,36540,1.5857119678281585e-06,1.585707155563774e-06,2.3504633464987524e-05,0.0,1.7339547809619452e-06,1.482476268704497e-07,0.0,6.350759548014048e-09,-4.810646177580334e-12
609,36600.0,36600,1.5865460000322795e-06,1.586541201868942e-06,2.35267267344977e-05,0.0,1.7347804851066475e-06,1.4823928472672643e-07,0.0,6.350755384707623e-09,-4.796569742133612e-12
610,36660.0,36660,1.587385109368338e-06,1.5873803252684134e-06,2.3548831841052236e-05,0.0,1.7356112242077664e-06,1.4823090040048314e-07,0.0,6.35075120751241e-09,-4.782488445774239e-12
611,36720.0,36720,1.5882293249922108e-06,1.5882245550642607e-06,2.3570948856679554e-05,0.0,1.7364470272769629e-06,1.482224737519323e-07,0.0,6.350747016314412e-09,-4.7684024294076314e-12
612,36780.0,36780,1.589078676351835e-06,1.589073920476107e-06,2.3593077853826687e-05,0.0,1.7372879236221203e-06,1.4821400464013326e-07,0.0,6.350742811001317e-09,-4.754312033537126e-12
613,36840.0,36840,1.5899331931913958e-06,1.589928451459449e-06,2.3615218905356437e-05,0.0,1.7381339428487148e-06,1.4820549292295906e-07,0.0,6.350738591458138e-09,-4.74021769575486e-12
614,36900.0,36900,1.5907929055606135e-06,1.590788177872007e-06,2.3637372084553074e-05,0.0,1.7389851148581394e-06,1.4819693845719625e-07,0.0,6.350734357566713e-09,-4.726119516048817e-12
615,36960.0,36960,1.5916578438109123e-06,1.5916531302758314e-06,2.365953746512799e-05,0.0,1.739841469859303e-06,1.481883410984054e-07,0.0,6.350730109211361e-09,-4.712017807243707e-12
616,37020.0,37020,1.5925280386028296e-06,1.592523339144307e-06,2.368171512122258e-05,0.0,1.7407030383682992e-06,1.4817970070100835e-07,0.0,6.350725846274119e-09,-4.697913102213213e-12
617,37080.0,37080,1.5934035209117773e-06,1.5933988355580825e-06,2.3703905127410234e-05,0.0,1.7415698512100555e-06,1.4817101711823573e-07,0.0,6.350721568633458e-09,-4.683805430905265e-12
618,37140.0,37140,1.59428432202728e-06,1.5942796508363478e-06,2.3726107558706925e-05,0.0,1.742441939526988e-06,1.4816229020209695e-07,0.0,6.350717276169829e-09,-4.6696951615069194e-12
619,37200.0,37200,1.595170473558634e-06,1.5951658164617955e-06,2.374832249057241e-05,0.0,1.7433193347818933e-06,1.4815351980338973e-07,0.0,6.350712968762197e-09,-4.655582783263855e-12
620,37260.0,37260,1.5960620074425967e-06,1.5960573644557884e-06,2.3770549998912256e-05,0.0,1.7442020687565025e-06,1.4814470577172375e-07,0.0,6.350708646285264e-09,-4.641468365500706e-12
621,37320.0,37320,1.5969589559410013e-06,1.5969543270127844e-06,2.3792790160086387e-05,0.0,1.745090173563586e-06,1.481358479554209e-07,0.0,6.350704308616311e-09,-4.6273523746171214e-12
622,37380.0,37380,1.5978613516495363e-06,1.5978567368528944e-06,2.3815043050910687e-05,0.0,1.7459836816451002e-06,1.481269462015818e-07,0.0,6.35069995562895e-09,-4.61323514237121e-12
623,37440.0,37440,1.5987692275009439e-06,1.598764626911398e-06,2.3837308748666352e-05,0.0,1.7468826257786343e-06,1.4811800035606518e-07,0.0,6.350695587195901e-09,-4.599116872687399e-12
624,37500.0,37500,1.5996826167683698e-06,1.5996780302654057e-06,2.385958733109582e-05,0.0,1.7477870390807342e-06,1.4810901026340861e-07,0.0,6.350691203189684e-09,-4.584997978236297e-12
625,37560.0,37560,1.6006015530696759e-06,1.600596980702271e-06,2.388187887642024e-05,0.0,1.748696955013043e-06,1.4809997576689352e-07,0.0,6.350686803480543e-09,-4.57087880076357e-12
626,37620.0,37620,1.6015260703731008e-06,1.601521512131079e-06,2.3904183463332153e-05,0.0,1.7496124073842306e-06,1.4809089670849914e-07,0.0,6.350682387937628e-09,-4.556759552501461e-12
627,37680.0,37680,1.6024562029984266e-06,1.6024516589146506e-06,2.3926501171006877e-05,0.0,1.750533430358342e-06,1.4808177292890105e-07,0.0,6.350677956429695e-09,-4.542640765782274e-12
628,37740.0,37740,1.6033919856276624e-06,1.6033874556201148e-06,2.394883207910898e-05,0.0,1.7514600584516007e-06,1.4807260426741714e-07,0.0,6.350673508821334e-09,-4.52852256941392e-12
629,37800.0,37800,1.6043334533023797e-06,1.6043289374766782e-06,2.3971176267791485e-05,0.0,1.752392326546948e-06,1.480633905620457e-07,0.0,6.350669044979715e-09,-4.5144054469243585e-12
630,37860.0,37860,1.605280641433939e-06,1.6052761397067974e-06,2.399353381770399e-05,0.0,1.7533302698903142e-06,1.480541316494401e-07,0.0,6.350664564767843e-09,-4.500289689836387e-12
631,37920.0,37920,1.6062335858050135e-06,1.6062290981191058e-06,2.4015904810002008e-05,0.0,1.754273924100261e-06,1.480448273648643e-07,0.0,6.3506600680483275e-09,-4.486175684497614e-12
632,37980.0,37980,1.607192322577023e-06,1.6071878490134023e-06,2.40382893263441e-05,0.0,1.7552233251695546e-06,1.48035477542242e-07,0.0,6.3506555546810005e-09,-4.472063706358358e-12
633,38040.0,38040,1.6081568882912512e-06,1.6081524288512371e-06,2.4060687448905317e-05,0.0,1.756178509474048e-06,1.4802608201402995e-07,0.0,6.3506510245267874e-09,-4.45795416923727e-12
634,38100.0,38100,1.6091273198779817e-06,1.6091228745518802e-06,2.408309926037472e-05,0.0,1.7571395137730876e-06,1.4801664061135568e-07,0.0,6.35064647744344e-09,-4.4438474038336364e-12
635,38160.0,38160,1.6101036546580704e-06,1.6100992234728573e-06,2.410552484396841e-05,0.0,1.7581063752185202e-06,1.4800715316385427e-07,0.0,6.35064191328732e-09,-4.4297438529200714e-12
636,38220.0,38220,1.6110859303516255e-06,1.6110815132658096e-06,2.4127964283429908e-05,0.0,1.759079131355913e-06,1.479976194997667e-07,0.0,6.350637331913207e-09,-4.4156437642722495e-12
637,38280.0,38280,1.612074185079275e-06,1.6120697820213955e-06,2.415041766303788e-05,0.0,1.760057820133612e-06,1.4798803944587001e-07,0.0,6.350632733174888e-09,-4.40154753509459e-12
638,38340.0,38340,1.613068457369806e-06,1.6130640684992287e-06,2.4172885067611013e-05,0.0,1.7610424799064466e-06,1.479784128274345e-07,0.0,6.350628116925454e-09,-4.387455615319943e-12
639,38400.0,38400,1.614068786166027e-06,1.6140644113818032e-06,2.4195366582514904e-05,0.0,1.7620331494394867e-06,1.4796873946829196e-07,0.0,6.350623483013737e-09,-4.373368319535128e-12
640,38460.0,38460,1.6150752108290298e-06,1.615070850105123e-06,2.421786229366736e-05,0.0,1.7630298679155788e-06,1.4795901919076418e-07,0.0,6.350618831289161e-09,-4.359286024180325e-12
641,38520.0,38520,1.6160877711435455e-06,1.616083424554386e-06,2.4240372287542833e-05,0.0,1.7640326749407761e-06,1.479492518156219e-07,0.0,6.350614161599168e-09,-4.345209162910865e-12
642,38580.0,38580,1.6171065073251e-06,1.6171021747499704e-06,2.4262896651181796e-05,0.0,1.7650416105488314e-06,1.4793943716214493e-07,0.0,6.35060947378902e-09,-4.331138084415797e-12
643,38640.0,38640,1.6181314600248863e-06,1.618127141506775e-06,2.4285435472194775e-05,0.0,1.766056715207185e-06,1.479295750480445e-07,0.0,6.350604767702889e-09,-4.317073150880945e-12
644,38700.0,38700,1.6191626703345609e-06,1.619158365887425e-06,2.430798883876601e-05,0.0,1.7670780298248316e-06,1.4791966528945683e-07,0.0,6.350600043182962e-09,-4.303014826784329e-12
645,38760.0,38760,1.6202001797935268e-06,1.6201958893801386e-06,2.4330556839664828e-05,0.0,1.7681055957558487e-06,1.479097077009433e-07,0.0,6.350595300070141e-09,-4.288963541839925e-12
646,38820.0,38820,1.6212440303963181e-06,1.621239754076465e-06,2.4353139564249706e-05,0.0,1.769139454805206e-06,1.4789970209546493e-07,0.0,6.350590538202449e-09,-4.274919519181026e-12
647,38880.0,38880,1.6222942645946303e-06,1.6222900022966488e-06,2.437573710247273e-05,0.0,1.7701796492382327e-06,1.4788964828436498e-07,0.0,6.350585757418607e-09,-4.26088346136381e-12
648,38940.0,38940,1.6233509253094757e-06,1.6233466771116273e-06,2.4398349544889343e-05,0.0,1.771226221781073e-06,1.4787954607735776e-07,0.0,6.350580957551088e-09,-4.246855478670687e-12
649,39000.0,39000,1.6244140559303203e-06,1.6244098217258706e-06,2.4420976982661184e-05,0.0,1.7722792156349997e-06,1.478693952824718e-07,0.0,6.3505761384359354e-09,-4.232836191744812e-12
650,39060.0,39060,1.6254837003284829e-06,1.6254794800989578e-06,2.444361950756868e-05,0.0,1.7733386744751951e-06,1.478591957061145e-07,0.0,6.350571299904037e-09,-4.218825953046637e-12
651,39120.0,39120,1.6265599028589116e-06,1.626555696690465e-06,2.4466277212010636e-05,0.0,1.7744046424624756e-06,1.478489471529503e-07,0.0,6.350566441785191e-09,-4.204825257184067e-12
652,39180.0,39180,1.6276427083703093e-06,1.6276385161678293e-06,2.448895018901642e-05,0.0,1.7754771642463618e-06,1.4783864942598147e-07,0.0,6.3505615639064175e-09,-4.190834421314961e-12
653,39240.0,39240,1.6287321622097262e-06,1.6287279840133586e-06,2.4511638532251643e-05,0.0,1.7765562849745702e-06,1.4782830232645767e-07,0.0,6.350556666094543e-09,-4.176853956636081e-12
654,39300.0,39300,1.6298283102291326e-06,1.629824145993707e-06,2.4534342336024656e-05,0.0,1.7776420502998897e-06,1.478179056538744e-07,0.0,6.3505517481736145e-09,-4.1628843012019615e-12
655,39360.0,39360,1.6309311987948595e-06,1.6309270485051753e-06,2.455706169529345e-05,0.0,1.778734506385333e-06,1.4780745920597297e-07,0.0,6.350546809965796e-09,-4.148925905877463e-12
656,39420.0,39420,1.6320408747931306e-06,1.6320367384751987e-06,2.4579796705672578e-05,0.0,1.7798336999125364e-06,1.4779696277870887e-07,0.0,6.350541851290281e-09,-4.134979232475265e-12
657,39480.0,39480,1.6331573856382073e-06,1.6331532632230033e-06,2.4602547463443268e-05,0.0,1.7809396780881042e-06,1.4778641616622153e-07,0.0,6.350536871965563e-09,-4.121044700875088e-12
658,39540.0,39540,1.6342807792787344e-06,1.6342766707804691e-06,2.4625314065555896e-05,0.0,1.7820524886528459e-06,1.477758191608391e-07,0.0,6.350531871807763e-09,-4.1071227895468855e-12
659,39600.0,39600,1.6354111042056055e-06,1.6354070096571165e-06,2.4648096609643772e-05,0.0,1.7831721798887287e-06,1.4776517155301191e-07,0.0,6.350526850630916e-09,-4.093213972301713e-12
660,39660.0,39660,1.6365484094603127e-06,1.6365443287927784e-06,2.4670895194026792e-05,0.0,1.7842988006257298e-06,1.4775447313135833e-07,0.0,6.35052180824668e-09,-4.079318747814679e-12
661,39720.0,39720,1.637692744642661e-06,1.6376886778741493e-06,2.4693709917718763e-05,0.0,1.7854324002503631e-06,1.477437236825793e-07,0.0,6.3505167444643335e-09,-4.065437562393321e-12
662,39780.0,39780,1.6388441599195486e-06,1.638840106983928e-06,2.471654088043794e-05,0.0,1.786573028711617e-06,1.4773292299147242e-07,0.0,6.350511659091369e-09,-4.051570961825759e-12
663,39840.0,39840,1.640002706031945e-06,1.6399986669790301e-06,2.4739388182614757e-05,0.0,1.787720736532196e-06,1.4772207084092255e-07,0.0,6.350506551932307e-09,-4.037719281845001e-12
664,39900.0,39900,1.6411684343011347e-06,1.641164409043452e-06,2.476225192539506e-05,0.0,1.7888755748172007e-06,1.4771116701180188e-07,0.0,6.350501422792065e-09,-4.023883203772954e-12
665,39960.0,39960,1.6423413966421407e-06,1.6423373851871508e-06,2.4785132210657584e-05,0.0,1.7900375952585925e-06,1.4770021128305398e-07,0.0,6.3504962714692155e-09,-4.010063114694706e-12
666,40020.0,40020,1.6435216455690031e-06,1.6435176479952724e-06,2.480802914101353e-05,0.0,1.7912068501461072e-06,1.4768920343159538e-07,0.0,6.350491097763222e-09,-3.99625962784624e-12
667,40080.0,40080,1.6447092342035593e-06,1.6447052504269384e-06,2.483094281981713e-05,0.0,1.7923833923774039e-06,1.4767814323233796e-07,0.0,6.35048590146889e-09,-3.9824731418310404e-12
668,40140.0,40140,1.6459042162868126e-06,1.645900246315067e-06,2.48538733511827e-05,0.0,1.7935672754623812e-06,1.4766703045812687e-07,0.0,6.350480682380233e-09,-3.968704162918945e-12
669,40200.0,40200,1.6471066461826635e-06,1.6471026898858391e-06,2.4876820839979362e-05,0.0,1.7947585535401771e-06,1.4765586487972648e-07,0.0,6.350475440289678e-09,-3.9549534073143605e-12
670,40260.0,40260,1.6483165788943528e-06,1.648312636403571e-06,2.489978539184809e-05,0.0,1.7959572813788922e-06,1.4764464626582653e-07,0.0,6.350470174983602e-09,-3.941221197254244e-12
671,40320.0,40320,1.6495340700689785e-06,1.6495301412693082e-06,2.492276711321269e-05,0.0,1.7971635143912965e-06,1.4763337438298043e-07,0.0,6.350464886249677e-09,-3.927508126076231e-12
672,40380.0,40380,1.6507591760063028e-06,1.6507552608993936e-06,2.4945766111283024e-05,0.0,1.798377308644549e-06,1.476220489955734e-07,0.0,6.3504595738716035e-09,-3.913814908799081e-12
673,40440.0,40440,1.651991953674789e-06,1.6519880522515557e-06,2.496878249406883e-05,0.0,1.7995987208640294e-06,1.476106698658606e-07,0.0,6.350454237628427e-09,-3.900141801081892e-12
674,40500.0,40500,1.6532324607131244e-06,1.6532285729357306e-06,2.499181637038704e-05,0.0,1.8008278084511277e-06,1.4759923675384511e-07,0.0,6.350448877300679e-09,-3.886489632519858e-12
675,40560.0,40560,1.6544807554474006e-06,1.6544768813271645e-06,2.501486784987028e-05,0.0,1.8020646294872534e-06,1.4758774941735545e-07,0.0,6.350443492662743e-09,-3.872858799464249e-12
676,40620.0,40620,1.6557368968968991e-06,1.655733036388396e-06,2.5037937042981102e-05,0.0,1.80330924274797e-06,1.4757620761192355e-07,0.0,6.3504380834883124e-09,-3.8592499117665215e-12
677,40680.0,40680,1.6570009447859678e-06,1.6569970977986285e-06,2.506102406101604e-05,0.0,1.8045617077122833e-06,1.4756461109081493e-07,0.0,6.350432649547806e-09,-3.8456636805423865e-12
678,40740.0,40740,1.6582729595578003e-06,1.6582691261603701e-06,2.5084129016118595e-05,0.0,1.8058220845704828e-06,1.4755295960500483e-07,0.0,6.350427190607184e-09,-3.8321005009538334e-12
679,40800.0,40800,1.659553002380704e-06,1.6595491825536176e-06,2.51072520212894e-05,0.0,1.8070904342389108e-06,1.4754125290309896e-07,0.0,6.350421706432108e-09,-3.818561055219215e-12
680,40860.0,40860,1.6608411351610426e-06,1.6608373289006458e-06,2.513039319039838e-05,0.0,1.8083668183712298e-06,1.4752949073134296e-07,0.0,6.350416196784275e-09,-3.805045998039532e-12
681,40920.0,40920,1.6621374205559748e-06,1.6621336277425403e-06,2.5153552638189244e-05,0.0,1.8096512993658573e-06,1.4751767283360664e-07,0.0,6.3504106614215155e-09,-3.79155581510757e-12
682,40980.0,40980,1.6634419219821586e-06,1.6634381427002668e-06,2.5176730480296515e-05,0.0,1.810943940382411e-06,1.4750579895132518e-07,0.0,6.3504051001007695e-09,-3.778091205586559e-12
683,41040.0,41040,1.66475470362948e-06,1.6647509377313877e-06,2.519992683325529e-05,0.0,1.812244805350285e-06,1.4749386882346111e-07,0.0,6.350399512574712e-09,-3.76465286519336e-12
684,41100.0,41100,1.6660758304749344e-06,1.6660720780205814e-06,2.5223141814506914e-05,0.0,1.813553958979334e-06,1.4748188218651866e-07,0.0,6.350393898591658e-09,-3.751241305411164e-12
685,41160.0,41160,1.6674053682920914e-06,1.6674016292159555e-06,2.5246375542414825e-05,0.0,1.814871466774668e-06,1.4746983877446587e-07,0.0,6.350388257898832e-09,-3.737857143380781e-12
686,41220.0,41220,1.6687433836608663e-06,1.6687396579278509e-06,2.526962813627551e-05,0.0,1.8161973950529688e-06,1.4745773831872688e-07,0.0,6.350382590240484e-09,-3.724501198310623e-12
687,41280.0,41280,1.670089943988073e-06,1.670086231590591e-06,2.52928997163319e-05,0.0,1.8175318109451557e-06,1.4744558054813733e-07,0.0,6.350376895355512e-09,-3.71117395961129e-12
688,41340.0,41340,1.6714451175130852e-06,1.6714414183466604e-06,2.5316190403777854e-05,0.0,1.8188747824186652e-06,1.4743336518894125e-07,0.0,6.350371172981625e-09,-3.697876238082944e-12
689,41400.0,41400,1.6728089733269439e-06,1.6728052875080553e-06,2.5339500320776405e-05,0.0,1.8202263782839226e-06,1.474210919646992e-07,0.0,6.350365422850779e-09,-3.6846085541236076e-12
690,41460.0,41460,1.6741815813801223e-06,1.6741779088210175e-06,2.5362829590472366e-05,0.0,1.8215866682137805e-06,1.4740876059634036e-07,0.0,6.350359644695034e-09,-3.671371709301448e-12
691,41520.0,41520,1.675563012499885e-06,1.6755593531219212e-06,2.538617833699801e-05,0.0,1.822955722754126e-06,1.4739637080201523e-07,0.0,6.350353838239904e-09,-3.658166424413417e-12
692,41580.0,41580,1.6769533384054865e-06,1.676949692231072e-06,2.5409546685493766e-05,0.0,1.824333613335453e-06,1.4738392229719072e-07,0.0,6.350348003208129e-09,-3.644993239954782e-12
693,41640.0,41640,1.678352631717969e-06,1.6783489986757186e-06,2.543293476211352e-05,0.0,1.8257204122936954e-06,1.4737141479447563e-07,0.0,6.350342139320466e-09,-3.6318530281483377e-12
694,41700.0,41700,1.6797609659787361e-06,1.6797573460306358e-06,2.5456342694042873e-05,0.0,1.8271161928793137e-06,1.473588480037255e-07,0.0,6.350336246292518e-09,-3.6187465085208793e-12
695,41760.0,41760,1.6811784156643744e-06,1.6811748088334406e-06,2.547977060950968e-05,0.0,1.8285210292726208e-06,1.4734622163189805e-07,0.0,6.350330323835427e-09,-3.6056742670627557e-12
696,41820.0,41820,1.6826050561981726e-06,1.6826014623312062e-06,2.5503218637793833e-05,0.0,1.8299349966035008e-06,1.4733353538303594e-07,0.0,6.35032437165964e-09,-3.5926371831006725e-12
697,41880.0,41880,1.6840409639697906e-06,1.6840373831075214e-06,2.5526686909252e-05,0.0,1.8313581709619394e-06,1.4732078895829835e-07,0.0,6.350318389468567e-09,-3.5796360731508656e-12
698,41940.0,41940,1.6854862163518037e-06,1.6854826484657334e-06,2.5550175555316816e-05,0.0,1.8327906294128706e-06,1.4730798205583734e-07,0.0,6.350312376962149e-09,-3.56667144053393e-12
699,42000.0,42000,1.686940891708991e-06,1.6869373367835131e-06,2.5573684708520853e-05,0.0,1.8342324500206385e-06,1.4729511437079305e-07,0.0,6.3503063338394334e-09,-3.553744292928642e-12
700,42060.0,42060,1.6884050694232044e-06,1.6884015273508232e-06,2.559721450250635e-05,0.0,1.8356837118562812e-06,1.472821855952446e-07,0.0,6.350300259792529e-09,-3.5408553531270574e-12
701,42120.0,42120,1.6898788299049913e-06,1.6898753007626235e-06,2.5620765072041868e-05,0.0,1.8371444950195829e-06,1.472691954182005e-07,0.0,6.350294154509483e-09,-3.528005398915772e-12
702,42180.0,42180,1.691362254613261e-06,1.691358738281763e-06,2.564433655303731e-05,0.0,1.8386148806537164e-06,1.4725614352550355e-07,0.0,6.350288017675066e-09,-3.5151952544399375e-12
703,42240.0,42240,1.6928554260720596e-06,1.6928519224556853e-06,2.5667929082552852e-05,0.0,1.840094950963869e-06,1.4724302959985927e-07,0.0,6.3502818489701886e-09,-3.502425671546167e-12
704,42300.0,42300,1.694358427886582e-06,1.6943549370762054e-06,2.569154279882331e-05,0.0,1.8415847892372659e-06,1.4722985332069967e-07,0.0,6.350275648071395e-09,-3.4896976957602618e-12
705,42360.0,42360,1.6958713447676102e-06,1.6958678666162491e-06,2.5715177841264224e-05,0.0,1.8430844798548423e-06,1.4721661436422437e-07,0.0,6.350269414647799e-09,-3.477011849608987e-12
706,42420.0,42420,1.6973942625415363e-06,1.6973907970655078e-06,2.573883435049663e-05,0.0,1.844594108319666e-06,1.472033124032991e-07,0.0,6.350263148369798e-09,-3.4643693081697423e-12
707,42480.0,42480,1.698927268178049e-06,1.6989238153087857e-06,2.5762512468355998e-05,0.0,1.8461137612661234e-06,1.471899471074717e-07,0.0,6.350256848897386e-09,-3.4517706772392106e-12
708,42540.0,42540,1.7004704498026193e-06,1.700467009408416e-06,2.5786212337907643e-05,0.0,1.847643526487352e-06,1.4717651814284178e-07,0.0,6.3502505158906535e-09,-3.4392170263344914e-12
709,42600.0,42600,1.7020238967205062e-06,1.702020468887542e-06,2.5809934103472323e-05,0.0,1.8491834929513294e-06,1.4716302517208164e-07,0.0,6.350244149001464e-09,-3.4267092074935305e-12
710,42660.0,42660,1.703587699437718e-06,1.7035842840383482e-06,2.583367791063232e-05,0.0,1.8507337508194988e-06,1.4714946785436155e-07,0.0,6.3502377478780115e-09,-3.4142480424612136e-12
711,42720.0,42720,1.7051619496776348e-06,1.705158546713991e-06,2.5857443906253373e-05,0.0,1.85229439147334e-06,1.4713584584529266e-07,0.0,6.3502313121648265e-09,-3.401834637299102e-12
712,42780.0,42780,1.7067467404085912e-06,1.7067433497772888e-06,2.5881232238504156e-05,0.0,1.85386550752802e-06,1.4712215879692394e-07,0.0,6.350224841498405e-09,-3.389469708781282e-12
713,42840.0,42840,1.7083421658586225e-06,1.7083387876349287e-06,2.5905043056866842e-05,0.0,1.8554471928621878e-06,1.4710840635761518e-07,0.0,6.3502183355134634e-09,-3.3771544443297647e-12
714,42900.0,42900,1.709948321543047e-06,1.709944955560516e-06,2.59288765121635e-05,0.0,1.8570395426341876e-06,1.4709458817202593e-07,0.0,6.350211793836487e-09,-3.364889629775583e-12
715,42960.0,42960,1.7115653042852512e-06,1.7115619505329206e-06,2.595273275656786e-05,0.0,1.8586426533071328e-06,1.4708070388110599e-07,0.0,6.350205216091089e-09,-3.3526763706002216e-12
716,43020.0,43020,1.7131932122398072e-06,1.7131898706552245e-06,2.597661194362805e-05,0.0,1.8602566226715919e-06,1.470667531219463e-07,0.0,6.350198601893049e-09,-3.3405156223535086e-12
717,43080.0,43080,1.7148321449165038e-06,1.7148288153886713e-06,2.6000514228280005e-05,0.0,1.8618815498703054e-06,1.4705273552779643e-07,0.0,6.3501919508540844e-09,-3.3284084416164343e-12
718,43140.0,43140,1.7164822032061307e-06,1.7164788857854214e-06,2.6024439766873443e-05,0.0,1.8635175354201116e-06,1.4703865072799477e-07,0.0,6.350185262578973e-09,-3.3163558096728467e-12
719,43200.0,43200,1.7181434894016923e-06,1.7181401839121186e-06,2.6048388717188116e-05,0.0,1.8651646812403433e-06,1.4702449834789076e-07,0.0,6.35017853666813e-09,-3.3043588650777444e-12
720,43260.0,43260,1.7198161072269315e-06,1.7198128137248553e-06,2.6072361238452874e-05,0.0,1.8668230906760468e-06,1.4701027800878788e-07,0.0,6.350171772714042e-09,-3.2924187005540045e-12
721,43320.0,43320,1.7215001618640412e-06,1.7214968802581063e-06,2.6096357491365594e-05,0.0,1.8684928685215067e-06,1.4699598932793568e-07,0.0,6.350164970302652e-09,-3.2805362810577138e-12
722,43380.0,43380,1.7231957599742192e-06,1.7231924901853517e-06,2.612037763811831e-05,0.0,1.8701741210532605e-06,1.469816319183775e-07,0.0,6.350158129016434e-09,-3.2687128644538985e-12
723,43440.0,43440,1.7249030097305818e-06,1.724899751685849e-06,2.614442184241187e-05,0.0,1.8718669560522024e-06,1.4696720538898066e-07,0.0,6.350151248428347e-09,-3.2569495880250266e-12
724,43500.0,43500,1.7266220208446568e-06,1.7266187744974926e-06,2.6168490269483937e-05,0.0,1.8735714828314715e-06,1.4695270934428576e-07,0.0,6.350144328104606e-09,-3.2452475441525216e-12
725,43560.0,43560,1.7283529045936391e-06,1.7283496699128554e-06,2.619258308612399e-05,0.0,1.8752878122680464e-06,1.4693814338455733e-07,0.0,6.3501373676062735e-09,-3.233607925719327e-12
726,43620.0,43620,1.7300957738499533e-06,1.7300925507808378e-06,2.621670046070219e-05,0.0,1.8770160568302026e-06,1.4692350710558105e-07,0.0,6.350130366486582e-09,-3.2220320457314497e-12
727,43680.0,43680,1.73185074311432e-06,1.7318475315681309e-06,2.6240842563183976e-05,0.0,1.8787563306051727e-06,1.4690880009870792e-07,0.0,6.35012332428994e-09,-3.21052092598024e-12
728,43740.0,43740,1.7336179285394838e-06,1.733614728427935e-06,2.6265009565162142e-05,0.0,1.8805087493367554e-06,1.4689402195071803e-07,0.0,6.3501162405563945e-09,-3.1990761240029795e-12
729,43800.0,43800,1.7353974479711445e-06,1.7353942591956987e-06,2.6289201639875107e-05,0.0,1.882273430446251e-06,1.4687917224377758e-07,0.0,6.350109114813602e-09,-3.187698598711576e-12
730,43860.0,43860,1.73718942097166e-06,1.7371862435347025e-06,2.6313418962230475e-05,0.0,1.8840504930739013e-06,1.468642505554026e-07,0.0,6.350101946585848e-09,-3.1763898429279227e-12
731,43920.0,43920,1.7389939688567157e-06,1.738990802597434e-06,2.6337661708830198e-05,0.0,1.885840058107946e-06,1.4684925645829853e-07,0.0,6.350094735387308e-09,-3.165151121172049e-12
732,43980.0,43980,1.7408112147286429e-06,1.7408080596402869e-06,2.6361930058000216e-05,0.0,1.8876422482184753e-06,1.4683418952036042e-07,0.0,6.350087480723731e-09,-3.1539838325654105e-12
733,44040.0,44040,1.7426412835137744e-06,1.74263813960784e-06,2.6386224189805085e-05,0.0,1.889457187888796e-06,1.4681904930461738e-07,0.0,6.350080182092638e-09,-3.1428891638084863e-12
734,44100.0,44100,1.7444843019904353e-06,1.7444811690760642e-06,2.641054428608491e-05,0.0,1.8912850034591038e-06,1.4680383536905e-07,0.0,6.350072838984711e-09,-3.131868717831416e-12
735,44160.0,44160,1.7463403988344421e-06,1.746337276864662e-06,2.643489053047526e-05,0.0,1.8931258231524955e-06,1.4678854726664613e-07,0.0,6.350065450879728e-09,-3.1209236429611337e-12
736,44220.0,44220,1.7482097046470943e-06,1.7482065935676245e-06,2.6459263108435164e-05,0.0,1.8949797771214068e-06,1.4677318454519132e-07,0.0,6.350058017251221e-09,-3.110055591743648e-12
737,44280.0,44280,1.750092352002781e-06,1.7500892516835658e-06,2.6483662207276346e-05,0.0,1.896846997476011e-06,1.467577467473451e-07,0.0,6.350050537561719e-09,-3.0992656102119302e-12
738,44340.0,44340,1.7519884754778843e-06,1.7519853858935723e-06,2.650808801618883e-05,0.0,1.898727618332712e-06,1.467422334104156e-07,0.0,6.350043011270482e-09,-3.088555423800731e-12
739,44400.0,44400,1.7538982116979295e-06,1.7538951327851807e-06,2.653254072626974e-05,0.0,1.9006217758459426e-06,1.467266440663613e-07,0.0,6.35003543782378e-09,-3.077926134233733e-12
740,44460.0,44460,1.7558216993748134e-06,1.7558186309935989e-06,2.655702053055335e-05,0.0,1.902529608253283e-06,1.4671097824174015e-07,0.0,6.350027816664913e-09,-3.0673792316952465e-12
741,44520.0,44520,1.7577590793496646e-06,1.757756021427255e-06,2.658152762404155e-05,0.0,1.90445125591406e-06,1.4669523545752565e-07,0.0,6.3500201472283564e-09,-3.0569158757473176e-12
742,44580.0,44580,1.7597104946324065e-06,1.7597074470378578e-06,2.6606062203729823e-05,0.0,1.9063868613548722e-06,1.466794152291624e-07,0.0,6.35001242894492e-09,-3.046537303782153e-12
743,44640.0,44640,1.7616760904487795e-06,1.7616730532111738e-06,2.663062446864298e-05,0.0,1.9083365693087206e-06,1.4666351706640579e-07,0.0,6.3500046612419425e-09,-3.03624458861746e-12
744,44700.0,44700,1.7636560142807417e-06,1.7636529871903655e-06,2.665521461986397e-05,0.0,1.9103005267617792e-06,1.466475404732967e-07,0.0,6.349996843544878e-09,-3.0260387299650454e-12
745,44760.0,44760,1.7656504159143288e-06,1.765647399001279e-06,2.6679832860565582e-05,0.0,1.9122788829943503e-06,1.4663148494808387e-07,0.0,6.349988975279183e-09,-3.015920407338812e-12
746,44820.0,44820,1.7676594474789878e-06,1.767656440602119e-06,2.6704479396043303e-05,0.0,1.9142717896323318e-06,1.466153499831745e-07,0.0,6.349981055877551e-09,-3.0058903065894444e-12
747,44880.0,44880,1.769683263500031e-06,1.7696802665994293e-06,2.6729154433750657e-05,0.0,1.916279400683656e-06,1.465991350650679e-07,0.0,6.349973084777628e-09,-2.995948581740993e-12
748,44940.0,44940,1.771722020938503e-06,1.7717190338339173e-06,2.6753858183331286e-05,0.0,1.918301872592672e-06,1.4658283967433466e-07,0.0,6.349965061432131e-09,-2.9860952375109307e-12
749,45000.0,45000,1.7737758792395226e-06,1.7737729019583853e-06,2.6778590856653037e-05,0.0,1.92033936428085e-06,1.4656646328558984e-07,0.0,6.3499569853127086e-09,-2.9763298252513413e-12
750,45060.0,45060,1.775845000382276e-06,1.775842032764942e-06,2.6803352667842904e-05,0.0,1.9223920371892892e-06,1.4655000536746112e-07,0.0,6.349948855916684e-09,-2.966651144538808e-12
751,45120.0,45120,1.7779295489144256e-06,1.7779265908766446e-06,2.682814383332558e-05,0.0,1.9244600553359896e-06,1.4653346538258104e-07,0.0,6.349940672779942e-09,-2.957057869618761e-12
752,45180.0,45180,1.7800296920059625e-06,1.7800267434721879e-06,2.685296457185758e-05,0.0,1.9265435853507476e-06,1.465168427875566e-07,0.0,6.349932435479999e-09,-2.9475477370144137e-12
753,45240.0,45240,1.7821455994926227e-06,1.7821426603786292e-06,2.6877815104564994e-05,0.0,1.9286427965198947e-06,1.4650013703307424e-07,0.0,6.349924143651767e-09,-2.9381178098718137e-12
754,45300.0,45300,1.7842774439157566e-06,1.784274514193528e-06,2.690269565498002e-05,0.0,1.930757860833091e-06,1.4648334756386318e-07,0.0,6.349915796998757e-09,-2.9287643323495977e-12
755,45360.0,45360,1.7864254005639952e-06,1.7864224800871086e-06,2.6927606449084017e-05,0.0,1.9328889530255272e-06,1.4646647381873983e-07,0.0,6.34990739530824e-09,-2.9194828707296325e-12
756,45420.0,45420,1.7885896475165704e-06,1.7885867362299579e-06,2.6952547715339583e-05,0.0,1.935036250614976e-06,1.4644951523065224e-07,0.0,6.3498989384617576e-09,-2.9102680734027926e-12
757,45480.0,45480,1.7907703656846267e-06,1.7907674636127262e-06,2.6977519684735206e-05,0.0,1.937199933938865e-06,1.4643247122673885e-07,0.0,6.3498904264514795e-09,-2.9011136631811166e-12
758,45540.0,45540,1.7929677388399226e-06,1.792964845888967e-06,2.7002522590821813e-05,0.0,1.9393801862033315e-06,1.464153412283093e-07,0.0,6.349881859397151e-09,-2.8920129862350603e-12
759,45600.0,45600,1.795181953661524e-06,1.7951790697595708e-06,2.7027556669758643e-05,0.0,1.9415771935097405e-06,1.4639812465088427e-07,0.0,6.349873237551252e-09,-2.8829585167202303e-12
760,45660.0,45660,1.7974131997695047e-06,1.7974103248463362e-06,2.70526221603494e-05,0.0,1.9437911448947052e-06,1.4638082090416355e-07,0.0,6.349864561315249e-09,-2.8739421553162524e-12
761,45720.0,45720,1.7996616697608025e-06,1.7996588038447392e-06,2.707771930408325e-05,0.0,1.9460222323681496e-06,1.4636342939197704e-07,0.0,6.349855831250304e-09,-2.8649547774547705e-12
762,45780.0,45780,1.8019275592462456e-06,1.801924702382382e-06,2.710284834518314e-05,0.0,1.9482706509481014e-06,1.4634594951225139e-07,0.0,6.349847048094027e-09,-2.8559856443114476e-12
763,45840.0,45840,1.8042110668799878e-06,1.804208218949865e-06,2.7128009530642743e-05,0.0,1.9505365986991124e-06,1.4632838065699093e-07,0.0,6.3498382127887254e-09,-2.847020424332477e-12
764,45900.0,45900,1.8065123943884134e-06,1.8065095554107091e-06,2.7153203110273157e-05,0.0,1.9528202767550465e-06,1.4631072221252836e-07,0.0,6.349829326543659e-09,-2.8380368482649165e-12
765,45960.0,45960,1.8088317465715589e-06,1.8088289166413342e-06,2.7178429336741885e-05,0.0,1.9551218893317432e-06,1.4629297356014157e-07,0.0,6.34982039096569e-09,-2.8289970695037492e-12
766,46020.0,46020,1.8111693312582203e-06,1.811166510474368e-06,2.7203688465623988e-05,0.0,1.9574416437046845e-06,1.4627513407743206e-07,0.0,6.349811408323652e-09,-2.819833947244323e-12
767,46080.0,46080,1.8135253591783854e-06,1.8135225478320017e-06,2.7228980755437818e-05,0.0,1.9597797501012982e-06,1.4625720314136215e-07,0.0,6.349802382034777e-09,-2.8104279985589054e-12
768,46140.0,46140,1.8159000436738629e-06,1.8158972421334685e-06,2.7254306467692522e-05,0.0,1.9621364214523415e-06,1.4623918013365387e-07,0.0,6.349793317540483e-09,-2.800571497668983e-12
769,46200.0,46200,1.8182936001352747e-06,1.8182908093112586e-06,2.7279665866923378e-05,0.0,1.9645118728931715e-06,1.4622106445040036e-07,0.0,6.349784223778922e-09,-2.7899160862727726e-12
770,46260.0,46260,1.8207062450092186e-06,1.8207034661971629e-06,2.7305059220721816e-05,0.0,1.9669063208541453e-06,1.462028555179153e-07,0.0,6.34977511553004e-09,-2.7779028481879726e-12
771,46320.0,46320,1.82313819416553e-06,1.8231354295590731e-06,2.7330486799758182e-05,0.0,1.969319981534995e-06,1.461845528187947e-07,0.0,6.349766016927872e-09,-2.76368141402329e-12
772,46380.0,46380,1.8255896603964344e-06,1.8255869134143257e-06,2.735594887776954e-05,0.0,1.971753068506707e-06,1.4616615593465125e-07,0.0,6.349756966319988e-09,-2.74606745158416e-12
773,46440.0,46440,1.8280608499919612e-06,1.8280581251207506e-06,2.7381445731530042e-05,0.0,1.974205788911485e-06,1.4614766462305024e-07,0.0,6.349748021838265e-09,-2.7239529626516176e-12
774,46500.0,46500,1.830551959511265e-06,1.8305492576778878e-06,2.740697764075022e-05,0.0,1.9766783358272064e-06,1.4612907898881807e-07,0.0,6.3497392601308526e-09,-2.700923723676932e-12
775,46560.0,46560,1.8330631857837378e-06,1.833060457931983e-06,2.74325448878744e-05,0.0,1.9791708571051876e-06,1.461104000362393e-07,0.0,6.3497306981403664e-09,-2.7269750536253227e-12
776,46620.0,46620,1.8355948696127042e-06,1.83559160833871e-06,2.745814775742333e-05,0.0,1.981683239759341e-06,1.460916322881512e-07,0.0,6.34972151961368e-09,-3.2604078869513715e-12
777,46680.0,46680,1.8381488448984101e-06,1.838140572062984e-06,2.7483786532243687e-05,0.0,1.984213371219582e-06,1.4607279998678902e-07,0.0,6.349703269973942e-09,-8.271937927315762e-12
778,46740.0,46740,1.8407403547346417e-06,1.8406885135601475e-06,2.7509461464849914e-05,0.0,1.986742575616716e-06,1.4605406286289756e-07,0.0,6.349601315684691e-09,-5.1840256234092195e-11
779,46800.0,46800,1.8435018122558495e-06,1.8430751331081346e-06,2.7535172540517833e-05,0.0,1.98911173984269e-06,1.4603660757917575e-07,0.0,6.34877304175464e-09,-4.266782739427613e-10
780,46860.0,46860,1.8475863378323803e-06,1.8439280493414877e-06,2.7560917470644478e-05,0.0,1.989957861158133e-06,1.46029812692419e-07,0.0,6.341697261850014e-09,-3.658287660682515e-09
781,46920.0,46920,1.8632580880586285e-06,1.8313833942332668e-06,2.7586674501111153e-05,0.0,1.9774948113327383e-06,1.4611141793206982e-07,0.0,6.280760955252816e-09,-3.18746929868619e-08
782,46980.0,46980,2.00656451547244e-06,1.6959340732304971e-06,2.7612253611987357e-05,0.0,1.842988635056331e-06,1.470545625082308e-07,0.0,5.749549997804648e-09,-3.1063044151612786e-07
783,47040.0,47040,299.99994294886625,-5.60844006592926e-05,2.7635911499988374e-05,300.0,4.129495591349298e-08,5.612569562908854e-05,0.0,5.724059704874209e-10,9.667330771708379e-07
784,47100.0,47100,299.99994294650423,-5.607763876966296e-05,2.6701068043455375e-05,300.0,4.345729836957938e-08,5.612109608063139e-05,0.0,1.6685263862857916e-08,9.758570802550855e-07
785,47160.0,47160,299.99994294222535,-5.606494523593913e-05,2.5766331879719646e-05,300.0,4.733719067414223e-08,5.611228243832889e-05,0.0,3.295011714457947e-08,9.928294649265467e-07
786,47220.0,47220,299.99994293633335,-5.604625461583365e-05,2.483179757568769e-05,300.0,5.2625600175886235e-08,5.609888022736262e-05,0.0,4.949778960515803e-08,1.0174120908566347e-06
787,47280.0,47280,299.9999429283808,-5.601820788624909e-05,2.389756156151282e-05,300.0,5.96704804563825e-08,5.607787837680851e-05,0.0,6.645512488289996e-08,1.0534113591877385e-06
788,47340.0,47340,299.9999429173868,-5.5971690716761446e-05,2.296377538118077e-05,300.0,6.924148314909714e-08,5.6040932209493184e-05,0.0,8.401240364271872e-08,1.1109224680327448e-06
789,47400.0,47400,299.9999429014446,-5.587085175745577e-05,2.2030740560013602e-05,300.0,8.279010122460058e-08,5.595364186744425e-05,0.0,1.0252815864250113e-07,1.2277036460340564e-06
790,47460.0,47460,299.999942877598,-5.4668060531103485e-05,2.109935251710023e-05,300.0,1.0236195756646552e-07,5.4770422495396015e-05,0.0,1.2299022589116094e-07,2.4543415119884352e-06
791,47520.0,47520,299.9999428392648,-4.9061020886406215e-05,2.0187962065431384e-05,300.0,1.3220822349978714e-07,4.91932291163847e-05,0.0,1.638962182451855e-07,8.0997143659058e-06
792,47580.0,47580,280.0000074093255,7.175860795408452e-07,1.9369947659199265e-05,279.9999999999999,1.0984478820787563e-06,3.8086181042555463e-07,0.0,2.988917250991593e-07,-6.691739540484891e-06
793,47640.0,47640,1.2421170161953055e-05,1.8833583884707395e-06,1.937916110354616e-05,0.0,2.041884996836824e-06,1.5852660886109233e-07,0.0,1.8736296593405691e-07,-1.0537811772924486e-05
794,47700.0,47700,2.0042188977382884e-06,1.7234345682543033e-06,1.9405445494029715e-05,0.0,1.8712998199781279e-06,1.4786525247127785e-07,0.0,1.1732871985657438e-08,-2.807843286803841e-07
795,47760.0,47760,1.881389467499219e-06,1.845242203172976e-06,1.9429490950766664e-05,0.0,1.9916379300060972e-06,1.463957275929567e-07,0.0,7.05316934664322e-09,-3.61472634761821e-08
796,47820.0,47820,1.8671343137552317e-06,1.862148808950153e-06,1.945526568979898e-05,0.0,2.0082377280956806e-06,1.4608891992336632e-07,0.0,6.4507463641028665e-09,-4.985503963710658e-09
797,47880.0,47880,1.8654530084498848e-06,1.8646130580660671e-06,1.948128070642201e-05,0.0,2.010593535533312e-06,1.4598047820211318e-07,0.0,6.3676865004993835e-09,-8.399495072361149e-10
798,47940.0,47940,1.8653935791593968e-06,1.865261897222063e-06,1.9507330904670982e-05,0.0,2.0111804665187535e-06,1.4591857002126037e-07,0.0,6.353719449531375e-09,-1.316810571497585e-10
799,48000.0,48000,1.8656238319031765e-06,1.8655991631708798e-06,1.953339044990627e-05,0.0,2.0114958015535255e-06,1.4589663908786724e-07,0.0,6.351556851108762e-09,-2.466783528747574e-11
800,48060.0,48060,1.8659095060632337e-06,1.86590328598224e-06,1.955945482823235e-05,0.0,2.011788738126557e-06,1.458854529096021e-07,0.0,6.351177701378234e-09,-6.219253776132393e-12
801,48120.0,48120,1.8662161512173637e-06,1.866212712377204e-06,1.9585523543261637e-05,0.0,2.0120909562275617e-06,1.4587824457676108e-07,0.0,6.351105903952819e-09,-3.4379814558718384e-12
802,48180.0,48180,1.866550040531855e-06,1.8665528678257958e-06,1.961159666018627e-05,0.0,2.0124252397672443e-06,1.458723726644182e-07,0.0,6.3510803253532595e-09,2.8281533075451475e-12
803,48240.0,48240,1.8668850266394957e-06,1.8668869571334175e-06,1.9637674610994666e-05,0.0,2.01275549810086e-06,1.4586854170598094e-07,0.0,6.351159044288677e-09,1.931331117698337e-12
804,48300.0,48300,1.867218512020355e-06,1.8672168833495953e-06,1.9663757304648815e-05,0.0,2.0130826084806534e-06,1.458657258765032e-07,0.0,6.351222667372954e-09,-1.6278462278423429e-12
805,48360.0,48360,1.8675577981535964e-06,1.8675577781852023e-06,1.968984467963722e-05,0.0,2.0134205076731756e-06,1.4586273022447484e-07,0.0,6.351226816434227e-09,-1.9139041790864328e-14
806,48420.0,48420,1.8679028257715768e-06,1.86790079655802e-06,1.9715936891799425e-05,0.0,2.0137608741424195e-06,1.458600783501715e-07,0.0,6.351257625101535e-09,-2.028419273371878e-12
807,48480.0,48480,1.8682588298953297e-06,1.8682601329307236e-06,1.974203397036066e-05,0.0,2.014117171498585e-06,1.45857039303543e-07,0.0,6.351254790679527e-09,1.303852400309956e-12
808,48540.0,48540,1.8686097542294936e-06,1.8686068649663567e-06,1.9768136147462937e-05,0.0,2.0144616562324197e-06,1.4585479205339253e-07,0.0,6.3513073393590606e-09,-2.888499846604999e-12
809,48600.0,48600,1.8689675194763074e-06,1.868969347710798e-06,1.9794243242567873e-05,0.0,2.0148213205554275e-06,1.4585197360549272e-07,0.0,6.3512898548862715e-09,1.8290190356602563e-12
810,48660.0,48660,1.869312629356167e-06,1.869311030357142e-06,1.982035548023918e-05,0.0,2.015161117652121e-06,1.4585008801680013e-07,0.0,6.351350837787866e-09,-1.5981848345588092e-12
811,48720.0,48720,1.8696605172901563e-06,1.8696563930943707e-06,1.9846472563480327e-05,0.0,2.0155044510811125e-06,1.4584805873608235e-07,0.0,6.351354535745842e-09,-4.123413739545203e-12
812,48780.0,48780,1.8700217526838597e-06,1.8700175498583367e-06,1.9872594544786767e-05,0.0,2.0158629797748214e-06,1.4584543066362688e-07,0.0,6.351315981269406e-09,-4.2020481848508556e-12
813,48840.0,48840,1.8703982346482117e-06,1.8703953177397717e-06,1.9898721649404552e-05,0.0,2.016237846089555e-06,1.4584252908627235e-07,0.0,6.3512759540970954e-09,-2.916122507729351e-12
814,48900.0,48900,1.8707862486784237e-06,1.8707848164179594e-06,1.992485411334574e-05,0.0,2.016624481751932e-06,1.4583966608110867e-07,0.0,6.351257198638321e-09,-1.4314923842294227e-12
815,48960.0,48960,1.8711796583255705e-06,1.8711788571269737e-06,1.995099210269882e-05,0.0,2.01701578384277e-06,1.458369274649659e-07,0.0,6.351263026308077e-09,-8.004392859385535e-13
816,49020.0,49020,1.8715749846110105e-06,1.8715741094159294e-06,1.9977135681503012e-05,0.0,2.017408386365708e-06,1.458342776600232e-07,0.0,6.3512792094712095e-09,-8.744011051341137e-13
817,49080.0,49080,1.8719716757110455e-06,1.8719705473770409e-06,2.0003284866702443e-05,0.0,2.0178022101424143e-06,1.4583166347002906e-07,0.0,6.351293996292008e-09,-1.127538167200059e-12
818,49140.0,49140,1.872370247523754e-06,1.8723688648667235e-06,2.0029439675005138e-05,0.0,2.0181979126418295e-06,1.4582904846817236e-07,0.0,6.3513043990195556e-09,-1.381857762553019e-12
819,49200.0,49200,1.8727715303524753e-06,1.8727699238239798e-06,2.0055600133042823e-05,0.0,2.0185963358001763e-06,1.4582641267887108e-07,0.0,6.35131039665473e-09,-1.6057444042363378e-12
820,49260.0,49260,1.8731764181293317e-06,1.8731746305608542e-06,2.0081766279707022e-05,0.0,2.018998374997368e-06,1.4582374514270946e-07,0.0,6.3513124953102834e-09,-1.7867945269534378e-12
821,49320.0,49320,1.873585719661185e-06,1.8735838008899293e-06,2.010793816675464e-05,0.0,2.0194048391333484e-06,1.45821038949962e-07,0.0,6.351311407960326e-09,-1.9180030162296437e-12
822,49380.0,49380,1.874000079893014e-06,1.873998080465666e-06,2.01341158575178e-05,0.0,2.019816369421097e-06,1.458182896296265e-07,0.0,6.35130796442877e-09,-1.998630875475784e-12
823,49440.0,49440,1.8744199529968608e-06,1.874417918661981e-06,2.0160299424489824e-05,0.0,2.020233413110678e-06,1.4581549513457705e-07,0.0,6.3513030069233585e-09,-2.0335586861938476e-12
824,49500.0,49500,1.8748456067986685e-06,1.8748435742621596e-06,2.0186488946530134e-05,0.0,2.0206562292394743e-06,1.4581265569654103e-07,0.0,6.351297296352214e-09,-2.0317967354625027e-12
825,49560.0,49560,1.875277148205079e-06,1.8752751428830783e-06,2.021268450616681e-05,0.0,2.0210849152932543e-06,1.4580977310393995e-07,0.0,6.3512914434719935e-09,-2.0045638073181924e-12
826,49620.0,49620,1.8757145629617189e-06,1.875712598945072e-06,2.0238886187277367e-05,0.0,2.0215194480678404e-06,1.4580684977738443e-07,0.0,6.351285872060836e-09,-1.9632248266733926e-12
827,49680.0,49680,1.8761577613962555e-06,1.8761558431698629e-06,2.0265094073372064e-05,0.0,2.0219597305044023e-06,1.4580388805293476e-07,0.0,6.351280816471793e-09,-1.917503651043646e-12
828,49740.0,49740,1.8766066211865384e-06,1.8766047461249772e-06,2.029130824654636e-05,0.0,2.022405635234378e-06,1.458008898151537e-07,0.0,6.351276348978506e-09,-1.8743312092454313e-12
829,49800.0,49800,1.8770610202677368e-06,1.8770591820109205e-06,2.0317528787058034e-05,0.0,2.022857037741141e-06,1.45797856407847e-07,0.0,6.351272426324999e-09,-1.837503905137226e-12
830,49860.0,49860,1.877520856864252e-06,1.877519048011319e-06,2.0343755773382813e-05,0.0,2.023313835990657e-06,1.4579478868715007e-07,0.0,6.351268941974422e-09,-1.808137646790425e-12
831,49920.0,49920,1.8779860576507625e-06,1.877984271271082e-06,2.036998928253188e-05,0.0,2.0237759577079717e-06,1.4579168711712352e-07,0.0,6.351265770787121e-09,-1.7856413025256375e-12
832,49980.0,49980,1.8784565777738205e-06,1.8784548083042352e-06,2.0396229390487754e-05,0.0,2.0242433595076534e-06,1.4578855186244624e-07,0.0,6.351262797477531e-09,-1.7687181619061971e-12
833,50040.0,50040,1.878932396970713e-06,1.8789306402047555e-06,2.0422476172614978e-05,0.0,2.024716022419602e-06,1.457853828671912e-07,0.0,6.3512599283760796e-09,-1.7560139040708063e-12
834,50100.0,50100,1.879413514665363e-06,1.8794117675638435e-06,2.0448729704009502e-05,0.0,2.025193946816805e-06,1.4578217992072065e-07,0.0,6.351257092391224e-09,-1.7463696795604539e-12
835,50160.0,50160,1.8798999453726863e-06,1.8798982058321046e-06,2.047499005977683e-05,0.0,2.025677147845778e-06,1.4577894271356094e-07,0.0,6.351254237751915e-09,-1.7388446610879152e-12
836,50220.0,50220,1.880391714696989e-06,1.88038998125755e-06,2.0501257315242924e-05,0.0,2.0261656515218276e-06,1.4577567088417496e-07,0.0,6.351251328371194e-09,-1.7326751781544824e-12
837,50280.0,50280,1.8808888559244594e-06,1.8808871279550193e-06,2.05275315461069e-05,0.0,2.026659491361437e-06,1.4577236405612153e-07,0.0,6.3512483408948605e-09,-1.7272393366491002e-12
838,50340.0,50340,1.8813914071121319e-06,1.8813896843460324e-06,2.05538128285486e-05,0.0,2.027158705561618e-06,1.457690218652418e-07,0.0,6.351245262334208e-09,-1.7220431595799414e-12
839,50400.0,50400,1.8818994087420135e-06,1.8818976913314638e-06,2.0580101239296205e-05,0.0,2.027663334638991e-06,1.457656439779987e-07,0.0,6.351242087934376e-09,-1.7167097220253263e-12
840,50460.0,50460,1.882412901859676e-06,1.8824111901995126e-06,2.0606396855658933e-05,0.0,2.0281734196252985e-06,1.4576223010142925e-07,0.0,6.351238819220245e-09,-1.7109711443139798e-12
841,50520.0,50520,1.882931926743174e-06,1.882930221369657e-06,2.063269975552823e-05,0.0,2.028689000718657e-06,1.457587799870512e-07,0.0,6.3512354621793295e-09,-1.7046539746165461e-12
842,50580.0,50580,1.883456521989786e-06,1.8834548236347292e-06,2.0659010017372108e-05,0.0,2.029210116405907e-06,1.4575529342984926e-07,0.0,6.351232025686735e-09,-1.6976644501697247e-12
843,50640.0,50640,1.8839867239951338e-06,1.8839850332774237e-06,2.0685327720206718e-05,0.0,2.0297368029431484e-06,1.457517702643563e-07,0.0,6.351228520176549e-09,-1.6899714717073173e-12
844,50700.0,50700,1.8845225667187515e-06,1.884520884434151e-06,2.0711652943563457e-05,0.0,2.0302690941476033e-06,1.4574821035872918e-07,0.0,6.351224956597034e-09,-1.6815915097014299e-12
845,50760.0,50760,1.8850640816929176e-06,1.8850624084186197e-06,2.0737985767457298e-05,0.0,2.0308070213955585e-06,1.4574461360818915e-07,0.0,6.351221345618795e-09,-1.672573762044283e-12
846,50820.0,50820,1.8856112981779844e-06,1.8856096344819706e-06,2.0764326272347816e-05,0.0,2.0313506137923668e-06,1.4574097992831424e-07,0.0,6.351217697090175e-09,-1.6629883584361346e-12
847,50880.0,50880,1.8861642434243686e-06,1.8861625898386359e-06,2.0790674539106706e-05,0.0,2.031899898441285e-06,1.4573730924887285e-07,0.0,6.351214019687823e-09,-1.6529164455022238e-12
848,50940.0,50940,1.8867229430029549e-06,1.8867212998753418e-06,2.0817030648993415e-05,0.0,2.0324549007555567e-06,1.4573360150838196e-07,0.0,6.351210320734406e-09,-1.6424415050746303e-12
849,51000.0,51000,1.8872874211273295e-06,1.8872857888035937e-06,2.0843394683628756e-05,0.0,2.0330156448262762e-06,1.4572985664965042e-07,0.0,6.351206606161431e-09,-1.6316449673968613e-12
850,51060.0,51060,1.8878577010153734e-06,1.8878560797311374e-06,2.0869766724972577e-05,0.0,2.033582153731955e-06,1.4572607461622938e-07,0.0,6.3512028805435434e-09,-1.6206001822483075e-12
851,51120.0,51120,1.8884338051858394e-06,1.8884321951430512e-06,2.089614685531604e-05,0.0,2.0341544498718974e-06,1.4572225535002994e-07,0.0,6.351199147233442e-09,-1.6093713573005648e-12
852,51180.0,51180,1.8890157557428751e-06,1.889014157049005e-06,2.0922535157267412e-05,0.0,2.0347325552368433e-06,1.4571839878947557e-07,0.0,6.351195408515823e-09,-1.5980116815151244e-12
853,51240.0,51240,1.8896035746141342e-06,1.8896019873886047e-06,2.094893171374558e-05,0.0,2.0353164916406314e-06,1.457145048686471e-07,0.0,6.351191665792452e-09,-1.5865628313388495e-12
854,51300.0,51300,1.890197283735136e-06,1.8901957080111654e-06,2.0975336607982883e-05,0.0,2.035906280921918e-06,1.4571057351687196e-07,0.0,6.351187919771894e-09,-1.5750565507763227e-12
855,51360.0,51360,1.8907969052064256e-06,1.8907953410236522e-06,2.1001749923521042e-05,0.0,2.0365019450835484e-06,1.457066046587687e-07,0.0,6.3511841706384285e-09,-1.5635149779970663e-12
856,51420.0,51420,1.891402461403377e-06,1.891400908785528e-06,2.1028171744212804e-05,0.0,2.037103506406114e-06,1.4570259821461956e-07,0.0,6.351180418210253e-09,-1.5519526044231665e-12
857,51480.0,51480,1.892013975054329e-06,1.8920124340175696e-06,2.1054602154228832e-05,0.0,2.037710987525101e-06,1.4569855410091935e-07,0.0,6.3511766620688515e-09,-1.5403775860480775e-12
858,51540.0,51540,1.8926314692926327e-06,1.8926299398504632e-06,2.1081041238066642e-05,0.0,2.038324411481463e-06,1.4569447223092733e-07,0.0,6.3511729016633715e-09,-1.5287934805183486e-12
859,51600.0,51600,1.8932549676804037e-06,1.8932534498341438e-06,2.110748908054167e-05,0.0,2.038943801757989e-06,1.456903525153175e-07,0.0,6.351169136388043e-09,-1.5172011588417846e-12
860,51660.0,51660,1.8938844942413602e-06,1.893882988005855e-06,2.1133945766813256e-05,0.0,2.0395691822728803e-06,1.4568619486282412e-07,0.0,6.351165365626489e-09,-1.5055984289538085e-12
861,51720.0,51720,1.8945200734396075e-06,1.8945185787840752e-06,2.1160411382374496e-05,0.0,2.0402005774121326e-06,1.4568199918058117e-07,0.0,6.351161588803274e-09,-1.4939831250924076e-12
862,51780.0,51780,1.895161730197173e-06,1.8951602472019055e-06,2.1186886013068885e-05,0.0,2.040838012001469e-06,1.4567776537472498e-07,0.0,6.351157805382908e-09,-1.4823518687488042e-12
863,51840.0,51840,1.8958094898756855e-06,1.8958080185304307e-06,2.1213369745093163e-05,0.0,2.041481511312228e-06,1.4567349335057664e-07,0.0,6.351154014890077e-09,-1.4707016763186496e-12
864,51900.0,51900,1.8964633782720345e-06,1.896461918650207e-06,2.1239862665002998e-05,0.0,2.0421311010496386e-06,1.4566918301291962e-07,0.0,6.351150216902989e-09,-1.4590297563052985e-12
865,51960.0,51960,1.8971234216089817e-06,1.8971219736212049e-06,2.126636485971664e-05,0.0,2.0427868073406396e-06,1.4566483426614403e-07,0.0,6.351146411050115e-09,-1.4473336665722376e-12
866,52020.0,52020,1.8977896465233346e-06,1.897788210243074e-06,2.1292876416529948e-05,0.0,2.043448656732941e-06,1.4566044701430845e-07,0.0,6.351142597004234e-09,-1.4356116116662004e-12
867,52080.0,52080,1.898462080065313e-06,1.898460655560984e-06,2.131939742311313e-05,0.0,2.044116676178479e-06,1.4565602116121143e-07,0.0,6.351138774471531e-09,-1.4238619861549188e-12
868,52140.0,52140,1.8991407496859614e-06,1.8991393369929394e-06,2.134592796751969e-05,0.0,2.044790893035064e-06,1.4565155661033265e-07,0.0,6.351134943186741e-09,-1.4120837820392177e-12
869,52200.0,52200,1.8998256832373269e-06,1.8998242823141463e-06,2.1372468138193322e-05,0.0,2.0454713350566873e-06,1.4564705326482513e-07,0.0,6.351131102906405e-09,-1.4002761059516705e-12
870,52260.0,52260,1.9005169089669023e-06,1.900515519919587e-06,2.139901802397035e-05,0.0,2.0461580303916693e-06,1.4564251102746118e-07,0.0,6.351127253404216e-09,-1.3884382185596585e-12
871,52320.0,52320,1.9012144555108493e-06,1.9012130783480017e-06,2.1425577714091906e-05,0.0,2.046851007585019e-06,1.4563792980055e-07,0.0,6.351123394468931e-09,-1.3765698622416854e-12
872,52380.0,52380,1.9019183519015617e-06,1.9019169865865129e-06,2.145214729820028e-05,0.0,2.0475502955663295e-06,1.4563330948589172e-07,0.0,6.351119525896546e-09,-1.3646704627071978e-12
873,52440.0,52440,1.9026286275576922e-06,1.9026272742093572e-06,2.147872686635271e-05,0.0,2.048255923657847e-06,1.4562864998469482e-07,0.0,6.35111564749515e-09,-1.3527397252697326e-12
874,52500.0,52500,1.9033453122859032e-06,1.9033439709017188e-06,2.15053165090206e-05,0.0,2.0489679215714772e-06,1.456239511974985e-07,0.0,6.35111175908086e-09,-1.3407775573017828e-12
875,52560.0,52560,1.904068436288505e-06,1.9040671068918435e-06,2.1531916317100858e-05,0.0,2.049686319399979e-06,1.4561921302418372e-07,0.0,6.351107860473661e-09,-1.3287832462465227e-12
876,52620.0,52620,1.9047980301494232e-06,1.9047967127931442e-06,2.155852638191632e-05,0.0,2.0504111476328774e-06,1.456144353638321e-07,0.0,6.351103951508109e-09,-1.3167568265656903e-12
877,52680.0,52680,1.9055341248434099e-06,1.9055328195622284e-06,2.158514679522345e-05,0.0,2.0511424371473505e-06,1.4560961811470688e-07,0.0,6.351100032020345e-09,-1.3046980583437559e-12
878,52740.0,52740,1.9062767517432504e-06,1.9062754585519866e-06,2.1611777649218857e-05,0.0,2.0518802192025723e-06,1.4560476117428457e-07,0.0,6.351096101853549e-09,-1.2926062852948e-12
879,52800.0,52800,1.9070259426023808e-06,1.9070246615146874e-06,2.1638419036542527e-05,0.0,2.0526245254608257e-06,1.455998644390837e-07,0.0,6.351092160864086e-09,-1.2804816817254234e-12
880,52860.0,52860,1.9077817295766103e-06,1.9077804606706477e-06,2.166507105028757e-05,0.0,2.053375387966516e-06,1.4559492780477598e-07,0.0,6.35108820890812e-09,-1.2683237004791994e-12
881,52920.0,52920,1.9085441452127268e-06,1.9085428884998635e-06,2.1691733784000233e-05,0.0,2.0541328391632497e-06,1.4558995116605435e-07,0.0,6.351084245852721e-09,-1.256132274385429e-12
882,52980.0,52980,1.9093132224572267e-06,1.909311977978192e-06,2.171840733168718e-05,0.0,2.0548969118877942e-06,1.4558493441669359e-07,0.0,6.351080271569124e-09,-1.2439069303815952e-12
883,53040.0,53040,1.9100889946504017e-06,1.910087762444911e-06,2.1745091787824048e-05,0.0,2.055667639382386e-06,1.4557987744943744e-07,0.0,6.351076285939166e-09,-1.2316479238041502e-12
884,53100.0,53100,1.910871495543545e-06,1.9108702756200485e-06,2.1771787247357878e-05,0.0,2.056445055281154e-06,1.4557478015607808e-07,0.0,6.35107228884231e-09,-1.219354721871424e-12
885,53160.0,53160,1.911660759286517e-06,1.9116595516870883e-06,2.1798493805716427e-05,0.0,2.057229193629989e-06,1.455696424274037e-07,0.0,6.351068280169712e-09,-1.2070273949581604e-12
886,53220.0,53220,1.912456820440786e-06,1.9124556251925032e-06,2.1825211558807804e-05,0.0,2.058020088879389e-06,1.4556446415315884e-07,0.0,6.351064259813323e-09,-1.1946658561865042e-12
887,53280.0,53280,1.913259713980321e-06,1.9132585311530457e-06,2.185194060303302e-05,0.0,2.0588177758910044e-06,1.455592452220413e-07,0.0,6.351060227670349e-09,-1.182270033940146e-12
888,53340.0,53340,1.9140694752955213e-06,1.9140683049090474e-06,2.187868103528723e-05,0.0,2.059622289941268e-06,1.4555398552174967e-07,0.0,6.351056183639975e-09,-1.1698398918976255e-12
889,53400.0,53400,1.9148861401942587e-06,1.9148849822694205e-06,2.190543295296865e-05,0.0,2.0604336667293125e-06,1.4554868493886277e-07,0.0,6.351052127625851e-09,-1.1573755358260059e-12
890,53460.0,53460,1.9157097449122057e-06,1.9157085994971936e-06,2.1932196453982225e-05,0.0,2.0612519423748134e-06,1.455433433589745e-07,0.0,6.351048059531623e-09,-1.1448770858439953e-12
891,53520.0,53520,1.9165403261156515e-06,1.9165391932300562e-06,2.1958971636744894e-05,0.0,2.062077153423825e-06,1.4553796066652411e-07,0.0,6.35104397926203e-09,-1.1323444298850303e-12
892,53580.0,53580,1.917377920900031e-06,1.9173768005786948e-06,2.1985758600197372e-05,0.0,2.062909336861927e-06,1.4553253674488823e-07,0.0,6.3510398867263704e-09,-1.1197779188124714e-12
893,53640.0,53640,1.918222566805227e-06,1.9182214590673854e-06,2.2012557443803345e-05,0.0,2.0637485301071424e-06,1.455270714763665e-07,0.0,6.351035781829878e-09,-1.1071775913328706e-12
894,53700.0,53700,1.9190743018153914e-06,1.9190732067372253e-06,2.2039368267556756e-05,0.0,2.064594771022146e-06,1.4552156474211352e-07,0.0,6.351031664481057e-09,-1.0945435394782056e-12
895,53760.0,53760,1.9199331643607743e-06,1.9199320819441866e-06,2.2066191171994015e-05,0.0,2.065448097922433e-06,1.4551601642217675e-07,0.0,6.351027534588017e-09,-1.0818761443310724e-12
896,53820.0,53820,1.920799193331146e-06,1.9207981236512014e-06,2.209302625819398e-05,0.0,2.066308549575028e-06,1.4551042639545543e-07,0.0,6.3510233920565855e-09,-1.0691754584523107e-12
897,53880.0,53880,1.9216724280770674e-06,1.9216713710844587e-06,2.2119873627788102e-05,0.0,2.0671761652085303e-06,1.4550479453972743e-07,0.0,6.351019236793088e-09,-1.0564418366005103e-12
898,53940.0,53940,1.922552908418848e-06,1.9225518642043225e-06,2.2146733382962887e-05,0.0,2.0680509845155545e-06,1.454991207315906e-07,0.0,6.351015068702164e-09,-1.0436754080065324e-12
899,54000.0,54000,1.9234406746475847e-06,1.923439643261287e-06,2.217360562647164e-05,0.0,2.0689330476655925e-06,1.4549340484648815e-07,0.0,6.351010887687955e-09,-1.0308764868545002e-12
900,54060.0,54060,1.9243357675363813e-06,1.9243347489790974e-06,2.2200490461639774e-05,0.0,2.0698223953052695e-06,1.4548764675867216e-07,0.0,6.35100669365193e-09,-1.0180453522866253e-12
901,54120.0,54120,1.9252382283453946e-06,1.92523722264608e-06,2.2227387992366e-05,0.0,2.0707190685664898e-06,1.454818463411941e-07,0.0,6.351002486494663e-09,-1.0051821786667566e-12
902,54180.0,54180,1.926148098826329e-06,1.926147106054465e-06,2.2254298323140212e-05,0.0,2.071623109075876e-06,1.4547600346591117e-07,0.0,6.350998266115638e-09,-9.922874005051046e-13
903,54240.0,54240,1.9270654212328163e-06,1.9270644413476217e-06,2.2281221559038195e-05,0.0,2.0725345589563687e-06,1.4547011800344184e-07,0.0,6.350994032410772e-09,-9.793612375292143e-13
904,54300.0,54300,1.9279902383281507e-06,1.9279892714112126e-06,2.2308157805738282e-05,0.0,2.073453460834914e-06,1.454641898231912e-07,0.0,6.350989785274294e-09,-9.66403904653829e-13
905,54360.0,54360,1.928922593383569e-06,1.928921639491147e-06,2.2335107169524193e-05,0.0,2.0743798578576667e-06,1.4545821879330988e-07,0.0,6.350985524600436e-09,-9.534158126432485e-13
906,54420.0,54420,1.9298625301966965e-06,1.9298615892986687e-06,2.2362069757292343e-05,0.0,2.075313793685472e-06,1.454522047806828e-07,0.0,6.350981250278671e-09,-9.403972066826245e-13
907,54480.0,54480,1.9308100930926378e-06,1.9308091652743966e-06,2.2389045676559555e-05,0.0,2.0762553125072622e-06,1.4544614765091808e-07,0.0,6.350976962197876e-09,-9.273483983618784e-13
908,54540.0,54540,1.9317653269306017e-06,1.931764412212195e-06,2.2416035035471994e-05,0.0,2.0772044590498817e-06,1.45440047268344e-07,0.0,6.35097266024445e-09,-9.142696773695573e-13
909,54600.0,54600,1.932728277115852e-06,1.932727375492509e-06,2.244303794281248e-05,0.0,2.0781612785788206e-06,1.4543390349597233e-07,0.0,6.350968344302316e-09,-9.011614032696714e-13
910,54660.0,54660,1.9336989896040245e-06,1.93369810112089e-06,2.2470054508004135e-05,0.0,2.079125816910902e-06,1.4542771619553335e-07,0.0,6.350964014253313e-09,-8.880237768308466e-13
911,54720.0,54720,1.934677510909319e-06,1.93467663558606e-06,2.2497084841125e-05,0.0,2.0800981204217197e-06,1.4542148522737112e-07,0.0,6.35095966997819e-09,-8.748572485387482e-13
912,54780.0,54780,1.9356638881126493e-06,1.9356630259949185e-06,2.2524129052910478e-05,0.0,2.0810782360523866e-06,1.4541521045052603e-07,0.0,6.350955311352938e-09,-8.616620297105638e-13
913,54840.0,54840,1.9366581688725277e-06,1.9366573199886457e-06,2.255118725476348e-05,0.0,2.082066211315702e-06,1.4540889172267282e-07,0.0,6.350950938253648e-09,-8.484384293509558e-13
914,54900.0,54900,1.9376604014274263e-06,1.9376595657894977e-06,2.2578259558762548e-05,0.0,2.083062094310034e-06,1.4540252890010163e-07,0.0,6.350946550553833e-09,-8.351868744951138e-13
915,54960.0,54960,1.9386706346122203e-06,1.9386698122331873e-06,2.2605346077670778e-05,0.0,2.0840659337189604e-06,1.453961218377339e-07,0.0,6.35094214812304e-09,-8.219074859492513e-13
916,55020.0,55020,1.9396889178581365e-06,1.939688108793371e-06,2.263244692494112e-05,0.0,2.0850777788296207e-06,1.4538967038906352e-07,0.0,6.350937730831314e-09,-8.08600659807936e-13
917,55080.0,55080,1.940715301205241e-06,1.940714505471136e-06,2.2659562214730155e-05,0.0,2.0860976795368994e-06,1.4538317440615547e-07,0.0,6.350933298545228e-09,-7.95266833556784e-13
918,55140.0,55140,1.941749835314972e-06,1.9417490529581455e-06,2.268669206190299e-05,0.0,2.0871256863481747e-06,1.4537663373966783e-07,0.0,6.350928851127886e-09,-7.819060908902731e-13
919,55200.0,55200,1.9427925714724027e-06,1.942791802534243e-06,2.271383658204137e-05,0.0,2.0881618503988205e-06,1.4537004823881067e-07,0.0,6.350924388443088e-09,-7.68518846928189e-13
920,55260.0,55260,1.943843561597732e-06,1.9438428060641047e-06,2.2740995891454636e-05,0.0,2.0892062234609634e-06,1.453634177512825e-07,0.0,6.350919910351162e-09,-7.55105564520907e-13
921,55320.0,55320,1.944902858262174e-06,1.944902116144143e-06,2.276817010718826e-05,0.0,2.0902588579430516e-06,1.4535674212336557e-07,0.0,6.350915416707382e-09,-7.416661634106999e-13
922,55380.0,55380,1.9459705146836416e-06,1.945969786068706e-06,2.2795359347032776e-05,0.0,2.091319806916118e-06,1.4535002119977985e-07,0.0,6.350910907372077e-09,-7.282014580891269e-13
923,55440.0,55440,1.947046584751999e-06,1.9470458696272423e-06,2.2822563729532702e-05,0.0,2.0923891241049254e-06,1.4534325482378925e-07,0.0,6.3509063821948695e-09,-7.147112874451087e-13
924,55500.0,55500,1.948131123025963e-06,1.9481304214130566e-06,2.2849783373996305e-05,0.0,2.0934668639135955e-06,1.4533644283708128e-07,0.0,6.350901841030339e-09,-7.011962100786393e-13
925,55560.0,55560,1.949224184748e-06,1.9492234967123403e-06,2.287701840050573e-05,0.0,2.094553081428554e-06,1.4532958507979696e-07,0.0,6.350897283728011e-09,-6.876566323271278e-13
926,55620.0,55620,1.9503258258611777e-06,1.9503251513749256e-06,2.2904268929927165e-05,0.0,2.0956478324228695e-06,1.4532268139053888e-07,0.0,6.350892710132948e-09,-6.740925666088771e-13
927,55680.0,55680,1.9514361030050516e-06,1.9514354421114243e-06,2.293153508391733e-05,0.0,2.0967511733809452e-06,1.4531573160631246e-07,0.0,6.350888120093683e-09,-6.605046051798071e-13
928,55740.0,55740,1.9525550735409925e-06,1.9525544262245355e-06,2.2958816984935672e-05,0.0,2.0978631614938477e-06,1.4530873556253556e-07,0.0,6.3508835134517106e-09,-6.468928786373071e-13
929,55800.0,55800,1.9536827955537596e-06,1.953682161863729e-06,2.298611475625855e-05,0.0,2.0989838546805764e-06,1.4530169309297646e-07,0.0,6.350878890049219e-09,-6.332578134638738e-13
930,55860.0,55860,1.9548193278655845e-06,1.95481870789765e-06,2.3013428521979658e-05,0.0,2.1001133115941e-06,1.452946040298175e-07,0.0,6.350874249724829e-09,-6.195996320670107e-13
931,55920.0,55920,1.95596473004523e-06,1.955964123740848e-06,2.3040758407032365e-05,0.0,2.101251591636558e-06,1.4528746820351208e-07,0.0,6.350869592316664e-09,-6.059187563404303e-13
932,55980.0,55980,1.9571190624239533e-06,1.957118469824082e-06,2.3068104537190102e-05,0.0,2.1023987549641847e-06,1.4528028544292773e-07,0.0,6.3508649176586865e-09,-5.922153526536772e-13
933,56040.0,56040,1.958282386100454e-06,1.9582818072185423e-06,2.3095467039082204e-05,0.0,2.1035548625075837e-06,1.452730555751809e-07,0.0,6.35086022558555e-09,-5.784899406871025e-13
934,56100.0,56100,1.9594547629612253e-06,1.9594541978389677e-06,2.3122846040206913e-05,0.0,2.1047199759727696e-06,1.452657784256973e-07,0.0,6.350855515926161e-09,-5.647426031726456e-13
935,56160.0,56160,1.9606362556827884e-06,1.9606357043428207e-06,2.315024166893542e-05,0.0,2.1058941578651483e-06,1.4525845381817863e-07,0.0,6.350850788511605e-09,-5.509739076480364e-13
936,56220.0,56220,1.9618269277526023e-06,1.961826390213323e-06,2.3177654054530962e-05,0.0,2.107077471492157e-06,1.4525108157455027e-07,0.0,6.350846043166625e-09,-5.371840575256541e-13
937,56280.0,56280,1.9630268434794682e-06,1.963026319765036e-06,2.320508332715247e-05,0.0,2.108269980977321e-06,1.4524366151501346e-07,0.0,6.350841279715566e-09,-5.23373291263553e-13
938,56340.0,56340,1.964236068001118e-06,1.9642355580878553e-06,2.3232529617875286e-05,0.0,2.109471751280456e-06,1.4523619345794405e-07,0.0,6.3508364979823775e-09,-5.09542043252039e-13
939,56400.0,56400,1.9654546673019758e-06,1.9654541712587054e-06,2.3259993058693984e-05,0.0,2.1106828482040613e-06,1.4522867721990013e-07,0.0,6.350831697786448e-09,-4.956906742951268e-13
940,56460.0,56460,1.9666827082283615e-06,1.9666822260656144e-06,2.328747378254067e-05,0.0,2.111903338405349e-06,1.4522111261564452e-07,0.0,6.3508268789453834e-09,-4.818194105924879e-13
941,56520.0,56520,1.9679202584964823e-06,1.9679197902188007e-06,2.331497192329308e-05,0.0,2.1131332894155807e-06,1.4521349945805731e-07,0.0,6.3508220412755e-09,-4.67928655429554e-13
942,56580.0,56580,1.9691673867116434e-06,1.9691669323497078e-06,2.3342487615791225e-05,0.0,2.1143727696487474e-06,1.452058375581709e-07,0.0,6.35081718459014e-09,-4.54018665463383e-13
943,56640.0,56640,1.970424162376978e-06,1.970423721978395e-06,2.3370020995844327e-05,0.0,2.115621848420905e-06,1.4519812672506368e-07,0.0,6.35081230870106e-09,-4.4008991673344615e-13
944,56700.0,56700,1.971690655916362e-06,1.9716902294474826e-06,2.339757220024823e-05,0.0,2.116880595955326e-06,1.4519036676599005e-07,0.0,6.350807413416545e-09,-4.2614255408071955e-13
945,56760.0,56760,1.972966938677663e-06,1.9729665261698266e-06,2.3425141366797615e-05,0.0,2.118149083411533e-06,1.4518255748616482e-07,0.0,6.350802498544588e-09,-4.1217707548391156e-13
946,56820.0,56820,1.9742530829579885e-06,1.9742526844340347e-06,2.3452728634299396e-05,0.0,2.119427382886487e-06,1.4517469868890269e-07,0.0,6.3507975638889135e-09,-3.981937644313417e-13
947,56880.0,56880,1.9755491620144472e-06,1.975548777495312e-06,2.348033414258082e-05,0.0,2.1207155674373533e-06,1.451667901755199e-07,0.0,6.35079260925206e-09,-3.8419289830739864e-13
948,56940.0,56940,1.976855250077954e-06,1.976854879604163e-06,2.3507958032512636e-05,0.0,2.1220137110980987e-06,1.45158831745282e-07,0.0,6.350787634434285e-09,-3.7017493202909155e-13
949,57000.0,57000,1.9781714223748996e-06,1.9781710659057242e-06,2.3535600446013945e-05,0.0,2.123321888889385e-06,1.4515082319546566e-07,0.0,6.35078263923307e-09,-3.5614015337793215e-13
950,57060.0,57060,1.9794977551388015e-06,1.9794974127361354e-06,2.356326152607089e-05,0.0,2.1246401768406243e-06,1.4514276432126814e-07,0.0,6.3507776234430235e-09,-3.420889521447044e-13
951,57120.0,57120,1.980834325630729e-06,1.9808339972979724e-06,2.359094141675128e-05,0.0,2.1259686520024634e-06,1.451346549157964e-07,0.0,6.3507725868573636e-09,-3.280216013054317e-13
952,57180.0,57180,1.9821812121533145e-06,1.9821808979199298e-06,2.361864026321797e-05,0.0,2.1273073924670083e-06,1.4512649477006218e-07,0.0,6.350767529266733e-09,-3.139384007964633e-13
953,57240.0,57240,1.983538494063261e-06,1.9835381939224978e-06,2.364635821174145e-05,0.0,2.1286564773903094e-06,1.4511828367289802e-07,0.0,6.350762450460685e-09,-2.998400194961006e-13
954,57300.0,57300,1.9849062518067703e-06,1.984905965796897e-06,2.3674095409718555e-05,0.0,2.1300159869921315e-06,1.4511002141103494e-07,0.0,6.350757350221334e-09,-2.8572640806331584e-13
955,57360.0,57360,1.986284566916801e-06,1.986284295023099e-06,2.3701852005687436e-05,0.0,2.1313860025958223e-06,1.451017077689692e-07,0.0,6.350752228335261e-09,-2.7159812922583215e-13
956,57420.0,57420,1.9876735220425066e-06,1.9876732643149676e-06,2.3729628149338563e-05,0.0,2.132766606635898e-06,1.450933425289719e-07,0.0,6.350747084582202e-09,-2.574556444596797e-13
957,57480.0,57480,1.989073200972479e-06,1.9890729573916394e-06,2.3757423991537446e-05,0.0,2.1341578826717244e-06,1.4508492547110633e-07,0.0,6.3507419187387235e-09,-2.432990434141162e-13
958,57540.0,57540,1.990483688641043e-06,1.9904834592469983e-06,2.378523968433519e-05,0.0,2.135559915421771e-06,1.4507645637313758e-07,0.0,6.350736730583077e-09,-2.29128971182605e-13
959,57600.0,57600,1.9919050711604605e-06,1.9919048559622445e-06,2.3813075380984753e-05,0.0,2.1369727907701124e-06,1.450679350105136e-07,0.0,6.35073151988598e-09,-2.1494558027005677e-13
960,57660.0,57660,1.9933374358345295e-06,1.9933372348188193e-06,2.3840931235964062e-05,0.0,2.138396595793806e-06,1.450593611564047e-07,0.0,6.350726286420033e-09,-2.0074930968363544e-13
961,57720.0,57720,1.994780871179674e-06,1.9947806843881636e-06,2.3868807404985785e-05,0.0,2.139831418783119e-06,1.4505073458151812e-07,0.0,6.350721029952684e-09,-1.8654069430031879e-13
962,57780.0,57780,1.996235466952351e-06,1.996235294378798e-06,2.3896704045016798e-05,0.0,2.1412773492561695e-06,1.4504205505428192e-07,0.0,6.3507157502473126e-09,-1.7231979887448212e-13
963,57840.0,57840,1.997701314160165e-06,1.9977011558250736e-06,2.392462131429729e-05,0.0,2.142734477992477e-06,1.450333223405992e-07,0.0,6.350710447069385e-09,-1.5808729594765184e-13
964,57900.0,57900,1.999178505094299e-06,1.9991783610074903e-06,2.3952559372356168e-05,0.0,2.1442028970433634e-06,1.4502453620397022e-07,0.0,6.3507051201763335e-09,-1.4384341681684634e-13
965,57960.0,57960,2.0006671333466705e-06,2.0006670035314907e-06,2.398051838003016e-05,0.0,2.145682699760886e-06,1.4501569640538924e-07,0.0,6.350699769326287e-09,-1.2958861362424835e-13
966,58020.0,58020,2.0021672938338094e-06,2.002167178266734e-06,2.4008498499484917e-05,0.0,2.147173980821409e-06,1.4500680270332398e-07,0.0,6.350694394272419e-09,-1.153233192900072e-13
967,58080.0,58080,2.0036790828246964e-06,2.0036789815424207e-06,2.403649989422802e-05,0.0,2.1486768362430147e-06,1.4499785485367595e-07,0.0,6.350688994765123e-09,-1.0104772873573677e-13
968,58140.0,58140,2.0052025979525147e-06,2.005202510962372e-06,2.4064522729134536e-05,0.0,2.1501913634255975e-06,1.4498885260974714e-07,0.0,6.3506835705546e-09,-8.676272395848084e-14
969,58200.0,58200,2.006737938262101e-06,2.0067378655691166e-06,2.4092567170460847e-05,0.0,2.1517176611496704e-06,1.449797957222162e-07,0.0,6.350678121380737e-09,-7.246819318247641e-14
970,58260.0,58260,2.0082852042105063e-06,2.008285145838864e-06,2.4120633385867375e-05,0.0,2.1532558296300387e-06,1.4497068393907342e-07,0.0,6.350672646988182e-09,-5.816505746322771e-14
971,58320.0,58320,2.0098444977146016e-06,2.0098444536604185e-06,2.4148721544441718e-05,0.0,2.154805970517955e-06,1.4496151700561447e-07,0.0,6.350667147110577e-09,-4.3853376133214577e-14
972,58380.0,58380,2.01141592215727e-06,2.0114158924209012e-06,2.417683181670964e-05,0.0,2.1563681869509103e-06,1.4495229466435938e-07,0.0,6.350661621483748e-09,-2.953408486587096e-14
973,58440.0,58440,2.0129995824372977e-06,2.012999567023362e-06,2.420496437466752e-05,0.0,2.1579425835546364e-06,1.4494301665505736e-07,0.0,6.350656069832318e-09,-1.520720927837343e-14
974,58500.0,58500,2.014595584975412e-06,2.0145955838999474e-06,2.4233119391796586e-05,0.0,2.1595292664977444e-06,1.449336827145869e-07,0.0,6.3506504918831905e-09,-8.737148421224878e-16
975,58560.0,58560,2.0162040377614847e-06,2.016204051035251e-06,2.426129704308605e-05,0.0,2.1611283434967475e-06,1.4492429257696531e-07,0.0,6.3506448873521655e-09,1.3465978257924906e-14
976,58620.0,58620,2.017825050375795e-06,2.0178250779958484e-06,2.4289497505055443e-05,0.0,2.1627399238587196e-06,1.4491484597327248e-07,0.0,6.3506392559504835e-09,2.7811404382107107e-14
977,58680.0,58680,2.0194587340142817e-06,2.0194587759971174e-06,2.4317720955778155e-05,0.0,2.164364118515098e-06,1.4490534263158592e-07,0.0,6.3506335973863135e-09,4.2161677752888774e-14
978,58740.0,58740,2.021105201531428e-06,2.0211052578758278e-06,2.4345967574902973e-05,0.0,2.1660010400408414e-06,1.4489578227696337e-07,0.0,6.350627911356819e-09,5.6516209072584685e-14
979,58800.0,58800,2.0227645674637614e-06,2.022764638171882e-06,2.4374237543678013e-05,0.0,2.167650802695694e-06,1.4488616463136656e-07,0.0,6.350622197551732e-09,7.087406268919095e-14
980,58860.0,58860,2.0244369480686544e-06,2.0244370331286957e-06,2.440253104497551e-05,0.0,2.1693135224517683e-06,1.4487648941362007e-07,0.0,6.350616455650967e-09,8.523459216797035e-14
981,58920.0,58920,2.026122461351223e-06,2.026122560792089e-06,2.4430848263315348e-05,0.0,2.170989317033286e-06,1.4486675633932242e-07,0.0,6.35061068532552e-09,9.959664592367224e-14
982,58980.0,58980,2.0278212271098287e-06,2.0278213409085286e-06,2.4459189384886595e-05,0.0,2.1726783059422597e-06,1.4485696512083025e-07,0.0,6.350604886232311e-09,1.1395935097351255e-13
983,59040.0,59040,2.029533366957597e-06,2.0295334951356496e-06,2.448755459758161e-05,0.0,2.17438061050894e-06,1.448471154671204e-07,0.0,6.350599058016757e-09,1.283213568915838e-13
984,59100.0,59100,2.031259004375759e-06,2.0312591469051235e-06,2.4515944091013074e-05,0.0,2.1760963539113575e-06,1.4483720708384215e-07,0.0,6.350593200305348e-09,1.4268156277044767e-13
985,59160.0,59160,2.032998264737049e-06,2.0329984216177762e-06,2.4544358056542844e-05,0.0,2.1778256612303637e-06,1.4482723967307144e-07,0.0,6.350587312709799e-09,1.5703811789123305e-13
986,59220.0,59220,2.034751275361356e-06,2.0347514465996377e-06,2.4572796687311985e-05,0.0,2.17956865947171e-06,1.4481721293342662e-07,0.0,6.350581394815061e-09,1.7138980413376577e-13
987,59280.0,59280,2.036518165536304e-06,2.0365183511331045e-06,2.4601260178265136e-05,0.0,2.1813254776283703e-06,1.4480712655982262e-07,0.0,6.350575446189138e-09,1.857341372079926e-13
988,59340.0,59340,2.0382990665826725e-06,2.0382992665099504e-06,2.4629748726177307e-05,0.0,2.1830962466998305e-06,1.4479698024350586e-07,0.0,6.350569466361964e-09,2.0006928427773814e-13
989,59400.0,59400,2.040094111876602e-06,2.040094326148974e-06,2.4658262529687578e-05,0.0,2.1848810997585987e-06,1.4478677367189722e-07,0.0,6.3505634548366134e-09,2.143921425478528e-13
990,59460.0,59460,2.041903436918618e-06,2.0419036654836308e-06,2.4686801789323866e-05,0.0,2.18668017197274e-06,1.4477650652854608e-07,0.0,6.350557411067387e-09,2.2869993155757824e-13
991,59520.0,59520,2.0437271793600987e-06,2.0437274222206967e-06,2.471536670753419e-05,0.0,2.18849360067711e-06,1.447661784929637e-07,0.0,6.3505513344661596e-09,2.429886520824501e-13
992,59580.0,59580,2.0455654790695865e-06,2.0455657362080048e-06,2.474395748871876e-05,0.0,2.190321525408119e-06,1.4475578924063124e-07,0.0,6.350545224380373e-09,2.5725390285346057e-13
993,59640.0,59640,2.047418478179528e-06,2.047418749564275e-06,2.4772574339257156e-05,0.0,2.1921640879653493e-06,1.447453384427618e-07,0.0,6.350539080088081e-09,2.7149005673899654e-13
994,59700.0,59700,2.04928632114571e-06,2.049286606726108e-06,2.48012174675461e-05,0.0,2.194021432465858e-06,1.447348257663242e-07,0.0,6.350532900775445e-09,2.8569040895225073e-13
995,59760.0,59760,2.0511691548130585e-06,2.0511694545542656e-06,2.4829887084029106e-05,0.0,2.1958937054037136e-06,1.4472425087377822e-07,0.0,6.3505266855202784e-09,2.9984692223078573e-13
996,59820.0,59820,2.0530671284729667e-06,2.0530674423157787e-06,2.485858340122651e-05,0.0,2.1977810557260236e-06,1.4471361342309344e-07,0.0,6.3505204332683574e-09,3.1394927334497283e-13
997,59880.0,59880,2.0549803939483823e-06,2.0549807218371736e-06,2.4887306633782182e-05,0.0,2.1996836348933813e-06,1.4470291306752266e-07,0.0,6.350514142795456e-09,3.2798523229336094e-13
998,59940.0,59940,2.0569091056708506e-06,2.056909447526268e-06,2.491605699848461e-05,0.0,2.2016015969669594e-06,1.446921494555509e-07,0.0,6.350507812675918e-09,3.419398724163129e-13
999,60000.0,60000,2.0588534207673537e-06,2.058853776480379e-06,2.4944834714314846e-05,0.0,2.2035350986990273e-06,1.4468132223072913e-07,0.0,6.350501441236368e-09,3.5579510975325546e-13
1000,60060.0,60060,2.0608134991596617e-06,2.0608138686181555e-06,2.4973640002476525e-05,0.0,2.2054842996370495e-06,1.4467043103154082e-07,0.0,6.350495026503074e-09,3.695290752801023e-13
1001,60120.0,60120,2.0627895036888543e-06,2.062789886722717e-06,2.5002473086444194e-05,0.0,2.207449362221584e-06,1.4465947549135923e-07,0.0,6.350488566138602e-09,3.8311613150351887e-13
1002,60180.0,60180,2.0647816002265994e-06,2.0647819966759315e-06,2.5031334191996608e-05,0.0,2.209430451927104e-06,1.4464845523828566e-07,0.0,6.350482057378778e-09,3.965249251161585e-13
1003,60240.0,60240,2.0667899578334255e-06,2.0667903674804957e-06,2.5060223547262604e-05,0.0,2.2114277373909805e-06,1.4463736989495107e-07,0.0,6.350475496936722e-09,4.0971695599561844e-13
1004,60300.0,60300,2.0688147489161107e-06,2.0688151714997665e-06,2.5089141382769424e-05,0.0,2.2134413905883587e-06,1.4462621907825606e-07,0.0,6.350468880882416e-09,4.226396732920681e-13
1005,60360.0,60360,2.0708561494490147e-06,2.0708565845945697e-06,2.5118087931482912e-05,0.0,2.2154715870263132e-06,1.4461500239862547e-07,0.0,6.3504622044095525e-09,4.3521498166417976e-13
1006,60420.0,60420,2.0729143392704827e-06,2.072914786529175e-06,2.5147063428865155e-05,0.0,2.21751850601817e-06,1.4460371945874577e-07,0.0,6.350455461408492e-09,4.473163943693681e-13
1007,60480.0,60480,2.07498950253772e-06,2.074989961235519e-06,2.5176068112923644e-05,0.0,2.2195823311095555e-06,1.4459236985120508e-07,0.0,6.350448643661247e-09,4.587375559421068e-13
1008,60540.0,60540,2.0770818284590124e-06,2.077082297576663e-06,2.520510222427255e-05,0.0,2.221663250777069e-06,1.4458095315478982e-07,0.0,6.350441739508314e-09,4.691690670217398e-13
1009,60600.0,60600,2.0791915124002515e-06,2.0791919906017465e-06,2.52341660062038e-05,0.0,2.2237614595727974e-06,1.4456946893039108e-07,0.0,6.35043473213505e-09,4.78241395850868e-13
1010,60660.0,60660,2.0813187572879366e-06,2.081319242999489e-06,2.5263259704774367e-05,0.0,2.2258771597530407e-06,1.4455791671957074e-07,0.0,6.3504275985711774e-09,4.857372779380072e-13
1011,60720.0,60720,2.0834637747321708e-06,2.0834642667225282e-06,2.5292383568909397e-05,0.0,2.2280105628324857e-06,1.44546296055093e-07,0.0,6.350420312233709e-09,4.920236358520881e-13
1012,60780.0,60780,2.0856267844931648e-06,2.0856272826467364e-06,2.5321537850543505e-05,0.0,2.230161889194544e-06,1.4453460650297345e-07,0.0,6.350412852670906e-09,4.981640052152209e-13
1013,60840.0,60840,2.0878080116476754e-06,2.087808513417757e-06,2.5350722804736917e-05,0.0,2.232331361271797e-06,1.4452284777745766e-07,0.0,6.3504052171859e-09,5.018053662602607e-13
1014,60900.0,60900,2.0900076938551934e-06,2.0900081538300242e-06,2.5379938689707932e-05,0.0,2.2345191739748527e-06,1.4451102007737536e-07,0.0,6.350397363915556e-09,4.599888912157041e-13
1015,60960.0,60960,2.0922262158958534e-06,2.0922261858958967e-06,2.540918576643177e-05,0.0,2.2367253115733783e-06,1.444991256142886e-07,0.0,6.3503885351047085e-09,-2.9997870276465465e-14
1016,61020.0,61020,2.0944653817784298e-06,2.0944608350456055e-06,2.5438464295622988e-05,0.0,2.238948014004298e-06,1.4448717887114138e-07,0.0,6.35037126126856e-09,-4.546716827593942e-12
1017,61080.0,61080,2.0967397788938356e-06,2.0966950234309124e-06,2.5467774512824076e-05,0.0,2.241170309956759e-06,1.444752864352503e-07,0.0,6.350278430406532e-09,-4.4755452785257064e-11
1018,61140.0,61140,2.099177975874982e-06,2.098777420232995e-06,2.54971164113705e-05,0.0,2.2432417211033977e-06,1.444643007877051e-07,0.0,6.3495151755807274e-09,-4.005556483923287e-10
1019,61200.0,61200,2.102925052199772e-06,2.0993739151770516e-06,2.5526487838614674e-05,0.0,2.243835235111793e-06,1.4446131983599593e-07,0.0,6.34282163588452e-09,-3.5511370252059573e-09
1020,61260.0,61260,2.1183989300068644e-06,2.086645145533747e-06,2.555586772426938e-05,0.0,2.231172624110568e-06,1.4452747848044807e-07,0.0,6.283618104383013e-09,-3.175378448821132e-08
1021,61320.0,61320,2.265318064614599e-06,1.9475724920383184e-06,2.5585067120903528e-05,0.0,2.092861398956141e-06,1.452889067900376e-07,0.0,5.754370117927549e-09,-3.1774557260871517e-07
1022,61380.0,61380,299.99994295701026,-5.610588055874869e-05,2.5612294418655293e-05,300.0,3.3915844459929514e-08,5.613979640894715e-05,0.0,4.5859330735811615e-10,9.371091770059386e-07
1023,61440.0,61440,299.9999429555816,-5.6102136812446374e-05,2.4677111529961913e-05,300.0,3.5251504297656296e-08,5.613738832117573e-05,0.0,1.607722511071595e-08,9.422816661730564e-07
1024,61500.0,61500,299.9999429529501,-5.609511905187267e-05,2.3741987698529642e-05,300.0,3.7697117775001184e-08,5.6132816172961474e-05,0.0,3.178198790238655e-08,9.519308497264758e-07
1025,61560.0,61560,299.99994294946094,-5.608551295358882e-05,2.280697471635825e-05,300.0,4.091989535814185e-08,5.612643285143832e-05,0.0,4.7647513615932426e-08,9.650260804199808e-07
1026,61620.0,61620,299.99994294501295,-5.6072712410458894e-05,2.187211377946275e-05,300.0,4.4997027007820405e-08,5.6117709439131835e-05,0.0,6.373124350592099e-08,9.82274715025038e-07
1027,61680.0,61680,299.9999429393231,-5.605530373230204e-05,2.0937455992658064e-05,300.0,5.0162438136726335e-08,5.6105466171650346e-05,0.0,8.01024046231885e-08,1.0053731888249685e-06
1028,61740.0,61740,299.99994293189803,-5.60305023617491e-05,2.0003075437437382e-05,300.0,5.6820681711609204e-08,5.6087323044032015e-05,0.0,9.68584965182358e-08,1.0375996180388567e-06
1029,61800.0,61800,299.99994292189325,-5.599230864777174e-05,1.9069091593198497e-05,300.0,6.564805689998403e-08,5.6057956704294076e-05,0.0,1.1415165329499557e-07,1.085798150084756e-06
1030,61860.0,61860,299.9999429077944,-5.592497072237508e-05,1.813572224276878e-05,300.0,7.78157028316479e-08,5.6002786424242374e-05,0.0,1.3224807777249013e-07,1.1672349079490963e-06
1031,61920.0,61920,299.9999428867267,-5.576809601504021e-05,1.720344477224283e-05,300.0,9.543201046467457e-08,5.5863528023830474e-05,0.0,1.5170174123608159e-07,1.345177286749641e-06
1032,61980.0,61980,299.99994285406285,-5.486680895751496e-05,1.6273737839574474e-05,300.0,1.2150906422615298e-07,5.498831801926518e-05,0.0,1.7412107139999854e-07,2.2791282384280397e-06
1033,62040.0,62040,299.9999427971461,-1.4384942673572664e-06,1.5358987165299612e-05,300.0,1.6389031693254847e-07,1.6023845762409149e-06,0.0,2.121062117575475e-07,5.576435969646372e-05
1034,62100.0,62100,130.0000684682422,9.150095084521618e-07,1.5334602449428966e-05,129.99999999999986,1.0900138930023751e-06,1.750043806169197e-07,0.0,1.141511837823217e-06,-6.75532328636261e-05
1035,62160.0,62160,2.400993379255886e-06,1.9137070161337508e-06,1.5347127487415275e-05,0.0,2.0624294793487292e-06,1.4872246278016915e-07,0.0,1.562421793197281e-08,-4.872863634784368e-07
1036,62220.0,62220,2.1417598537560272e-06,2.0841558654200434e-06,1.5373866444775553e-05,0.0,2.229503323669191e-06,1.453474580915504e-07,0.0,7.502600573680778e-09,-5.760398841477705e-08
1037,62280.0,62280,2.116555177632651e-06,2.1075013566402913e-06,1.540302853161555e-05,0.0,2.252296588604109e-06,1.4479523183128288e-07,0.0,6.542490132043028e-09,-9.053821029792957e-09
1038,62340.0,62340,2.1127335711385335e-06,2.110989112201418e-06,1.543252272675817e-05,0.0,2.2555401821537578e-06,1.4455106982906454e-07,0.0,6.3915697604601526e-09,-1.7444589765394097e-09
1039,62400.0,62400,2.111338129535386e-06,2.110875451550583e-06,1.546206694212561e-05,0.0,2.2553469299746737e-06,1.4447147829883948e-07,0.0,6.362474700736564e-09,-4.626780230788604e-10
1040,62460.0,62460,2.110455560230121e-06,2.110322525734251e-06,1.5491609746232514e-05,0.0,2.2547670169161294e-06,1.44444491061967e-07,0.0,6.354743134883546e-09,-1.3303454211601981e-10
1041,62520.0,62520,2.1096996379628966e-06,2.1096569217324296e-06,1.5521144784650736e-05,0.0,2.254089203311942e-06,1.4443228146632758e-07,0.0,6.352505694927704e-09,-4.2716286032331767e-11
1042,62580.0,62580,2.109096535492041e-06,2.1090926354158033e-06,1.555067042416455e-05,0.0,2.2535183603078467e-06,1.444257247674596e-07,0.0,6.3517736205346224e-09,-3.900117293011388e-12
1043,62640.0,62640,2.1085295476660723e-06,2.1085272849641684e-06,1.558018808598114e-05,0.0,2.2529516768546883e-06,1.4442439177355378e-07,0.0,6.3516885212698794e-09,-2.2627519141674056e-12
1044,62700.0,62700,2.1079948905614205e-06,2.107993613240087e-06,1.560969774196952e-05,0.0,2.2524176915041817e-06,1.4442407814645807e-07,0.0,6.351630733671581e-09,-1.2773701767448668e-12
1045,62760.0,62760,2.107463896962253e-06,2.1074740577916645e-06,1.563919983836885e-05,0.0,2.251897092082516e-06,1.444230341686687e-07,0.0,6.351589386456848e-09,1.0160784975363695e-11
1046,62820.0,62820,2.1069030621207704e-06,2.106906403216699e-06,1.5668694576987857e-05,0.0,2.2513321257207186e-06,1.444257223755722e-07,0.0,6.351738709568762e-09,3.3410556542481757e-12
1047,62880.0,62880,2.1063676524031214e-06,2.1063614191707786e-06,1.5698181267096864e-05,0.0,2.2507903035467778e-06,1.4442888425562023e-07,0.0,6.351774375387132e-09,-6.233281920136932e-12
1048,62940.0,62940,2.1058774752933573e-06,2.1058904395554276e-06,1.5727660228683303e-05,0.0,2.2503198869110028e-06,1.4442944722756703e-07,0.0,6.351650464904106e-09,1.2964218853871792e-11
1049,63000.0,63000,2.1053450225311477e-06,2.1053364771594307e-06,1.575713251664328e-05,0.0,2.2497701195604887e-06,1.4443364228138927e-07,0.0,6.351846527261536e-09,-8.545421591482108e-12
1050,63060.0,63060,2.1048704654688766e-06,2.104878001756788e-06,1.5786596946311132e-05,0.0,2.2493123695217715e-06,1.4443436764099948e-07,0.0,6.351684084606609e-09,7.536245668556753e-12
1051,63120.0,63120,2.1043585568958467e-06,2.1043593802490664e-06,1.5816054879098416e-05,0.0,2.248796916010976e-06,1.4443753564224118e-07,0.0,6.351789679233952e-09,8.233031141047888e-13
1052,63180.0,63180,2.103879591254944e-06,2.103877211868781e-06,1.584550545683266e-05,0.0,2.2483173061408184e-06,1.444400941476206e-07,0.0,6.3517833856692555e-09,-2.3794310797170398e-12
1053,63240.0,63240,2.1034174752894875e-06,2.103429203133154e-06,1.5874949197460687e-05,0.0,2.2478707976201246e-06,1.444415943642922e-07,0.0,6.351723706825337e-09,1.1727796782976892e-11
1054,63300.0,63300,2.1029318837516667e-06,2.102932579383335e-06,1.5904386587561065e-05,0.0,2.247378169179623e-06,1.444455896700865e-07,0.0,6.351899147669309e-09,6.95589413741521e-13
1055,63360.0,63360,2.102471899874355e-06,2.102470357252795e-06,1.5933816932187325e-05,0.0,2.2469188665246557e-06,1.4444850914222545e-07,0.0,6.351890695811828e-09,-1.5426629044996209e-12
1056,63420.0,63420,2.102012163993352e-06,2.102008845862349e-06,1.5963240721389568e-05,0.0,2.2464595928849533e-06,1.4445074689724822e-07,0.0,6.351844918151811e-09,-3.318178423372632e-12
1057,63480.0,63480,2.1015572125297112e-06,2.1015549243212524e-06,1.599265796694543e-05,0.0,2.246007323445839e-06,1.4445239900136208e-07,0.0,6.35176953197577e-09,-2.288254905135226e-12
1058,63540.0,63540,2.1011215470438166e-06,2.1011210175036797e-06,1.6022068777844802e-05,0.0,2.24557531178107e-06,1.4445429415028475e-07,0.0,6.351711300288057e-09,-5.295864837992594e-13
1059,63600.0,63600,2.1007069670943587e-06,2.1007118579136696e-06,1.6051473437027357e-05,0.0,2.2451683154972935e-06,1.4445645745439627e-07,0.0,6.351682368564417e-09,4.8907744274137485e-12
1060,63660.0,63660,2.1002902006281707e-06,2.1002923199543717e-06,1.608087229441122e-05,0.0,2.244751089438296e-06,1.4445876935678051e-07,0.0,6.35174376240255e-09,2.11928012051193e-12
1061,63720.0,63720,2.099880368586765e-06,2.099882545416421e-06,1.6110265202602825e-05,0.0,2.2443436500627325e-06,1.4446110452330092e-07,0.0,6.351758948067985e-09,2.176778860796868e-12
1062,63780.0,63780,2.0994755254864053e-06,2.0994775672513803e-06,1.6139652299862565e-05,0.0,2.2439409943024493e-06,1.4446342692694995e-07,0.0,6.3517750722436665e-09,2.041714201883604e-12
1063,63840.0,63840,2.0990748831056064e-06,2.09907664924351e-06,1.616903365417584e-05,0.0,2.243542365378965e-06,1.444657160110286e-07,0.0,6.3517889230115965e-09,1.7660871619504287e-12
1064,63900.0,63900,2.0986787797131447e-06,2.0986802462581172e-06,1.6198409323147767e-05,0.0,2.2431482109359366e-06,1.444679645463885e-07,0.0,6.351798155247676e-09,1.466498157885611e-12
1065,63960.0,63960,2.0982880414816166e-06,2.098289246352897e-06,1.6227779370847213e-05,0.0,2.2427594150617354e-06,1.4447016857848456e-07,0.0,6.3518023673703506e-09,1.2048241159171011e-12
1066,64020.0,64020,2.0979035074586145e-06,2.0979045125644193e-06,1.625714387393232e-05,0.0,2.2423768368447233e-06,1.4447232415174395e-07,0.0,6.351802189294894e-09,1.0050577520459223e-12
1067,64080.0,64080,2.097525836300658e-06,2.0975267056313356e-06,1.6286502921299298e-05,0.0,2.242001134515699e-06,1.444744287559017e-07,0.0,6.351798650990871e-09,8.692804808291529e-13
1068,64140.0,64140,2.097155497805645e-06,2.0971562894227607e-06,1.6315856611208567e-05,0.0,2.24163277245192e-06,1.444764829006552e-07,0.0,6.351792817246964e-09,7.915642948043473e-13
1069,64200.0,64200,2.0967928113238426e-06,2.0967935750187695e-06,1.634520504849311e-05,0.0,2.2412720649428285e-06,1.4447848979325324e-07,0.0,6.351785654135689e-09,7.636431714787348e-13
1070,64260.0,64260,2.0964379656417498e-06,2.0964387412629654e-06,1.6374548342382788e-05,0.0,2.2409191952028088e-06,1.4448045380904692e-07,0.0,6.3517779900051435e-09,7.755679410167435e-13
1071,64320.0,64320,2.0960910233745273e-06,2.096091839920624e-06,1.6403886604631104e-05,0.0,2.2405742190725327e-06,1.4448237900928555e-07,0.0,6.351770487391162e-09,8.16501200347388e-13
1072,64380.0,64380,2.0957519289297127e-06,2.095752804407313e-06,1.6433219947716338e-05,0.0,2.2402370729321263e-06,1.4448426838914168e-07,0.0,6.3517636281819544e-09,8.754267903605746e-13
1073,64440.0,64440,2.0954205308761497e-06,2.0954214712882135e-06,1.6462548483163617e-05,0.0,2.23990759525251e-06,1.4448612382470697e-07,0.0,6.351757710626333e-09,9.403636027792175e-13
1074,64500.0,64500,2.095096622591044e-06,2.0950976215107446e-06,1.6491872320178834e-05,0.0,2.239585567991602e-06,1.4448794634006616e-07,0.0,6.35175283324994e-09,9.988706959165185e-13
1075,64560.0,64560,2.0947799942357647e-06,2.0947810369549933e-06,1.6521191564861575e-05,0.0,2.239270773474345e-06,1.4448973637686747e-07,0.0,6.351748887204168e-09,1.042671601642562e-12
1076,64620.0,64620,2.0944704738670402e-06,2.0944715452051493e-06,1.6550506320221358e-05,0.0,2.238963039317561e-06,1.4449149396977383e-07,0.0,6.3517456256881985e-09,1.0712850159211196e-12
1077,64680.0,64680,2.09416793971677e-06,2.0941690287702533e-06,1.6579816686824835e-05,0.0,2.2386622477785294e-06,1.4449321886427443e-07,0.0,6.351742793883362e-09,1.0890018034284426e-12
1078,64740.0,64740,2.0938723110515636e-06,2.0938734108398995e-06,1.6609122763573338e-05,0.0,2.2383683215862317e-06,1.4449491061024837e-07,0.0,6.351740208496118e-09,1.0997292900893082e-12
1079,64800.0,64800,2.0935835360801604e-06,2.0935846415548572e-06,1.663842464828228e-05,0.0,2.2380812103425635e-06,1.4449656864131469e-07,0.0,6.351737751372441e-09,1.1054216538089677e-12
1080,64860.0,64860,2.0933015846562313e-06,2.0933026917573208e-06,1.6667722438063224e-05,0.0,2.2378008842526367e-06,1.4449819234798362e-07,0.0,6.351735336945264e-09,1.1070498026323867e-12
1081,64920.0,64920,2.0930264440140513e-06,2.0930275495462266e-06,1.66970162296146e-05,0.0,2.2375273308279675e-06,1.444997811429431e-07,0.0,6.351732895848263e-09,1.105470510641334e-12
1082,64980.0,64980,2.092758115062538e-06,2.0927592167372007e-06,1.672630611946817e-05,0.0,2.23726055139025e-06,1.4450133450966788e-07,0.0,6.351730373008641e-09,1.1016170066290894e-12
1083,65040.0,65040,2.09249660854436e-06,2.0924977050194884e-06,1.675559220418228e-05,0.0,2.2370005571892557e-06,1.445028520296152e-07,0.0,6.35172772892112e-09,1.0964075003006615e-12
1084,65100.0,65100,2.0922419414292476e-06,2.0922430321369876e-06,1.678487458048318e-05,0.0,2.2367473656758326e-06,1.4450433339030905e-07,0.0,6.351724939392878e-09,1.0906510529679463e-12
1085,65160.0,65160,2.091994133825776e-06,2.091995218893442e-06,1.681415334534844e-05,0.0,2.236500997421604e-06,1.4450577837998083e-07,0.0,6.351721993720697e-09,1.085004424295849e-12
1086,65220.0,65220,2.091753206648053e-06,2.0917542866821233e-06,1.6843428596048586e-05,0.0,2.2362614737039957e-06,1.4450718687459082e-07,0.0,6.351718892150215e-09,1.0799705543642132e-12
1087,65280.0,65280,2.0915191798818295e-06,2.0915202558569476e-06,1.6872700430163126e-05,0.0,2.236028814827161e-06,1.4450855882124447e-07,0.0,6.3517156433077274e-09,1.0759092131222894e-12
1088,65340.0,65340,2.09129207143641e-06,2.0912931445649976e-06,1.6901968945554373e-05,0.0,2.235803038931052e-06,1.4450989422159123e-07,0.0,6.351712261813286e-09,1.073057013543132e-12
1089,65400.0,65400,2.0910718963696684e-06,2.091072967986287e-06,1.6931234240345102e-05,0.0,2.2355841612493282e-06,1.4451119311623704e-07,0.0,6.351708766224598e-09,1.0715441941679072e-12
1090,65460.0,65460,2.0908586664360686e-06,2.0908597379144857e-06,1.696049641287145e-05,0.0,2.235372193639939e-06,1.4451245557143884e-07,0.0,6.351705177264613e-09,1.0714122725556693e-12
1091,65520.0,65520,2.090652389843502e-06,2.0906534625387063e-06,1.698975556163644e-05,0.0,2.235167144363077e-06,1.445136816680992e-07,0.0,6.351701516341753e-09,1.0726278275493496e-12
1092,65580.0,65580,2.090453071206823e-06,2.0904541463718653e-06,1.7019011785261038e-05,0.0,2.2349690180236744e-06,1.4451487149291595e-07,0.0,6.351697804300997e-09,1.0750968493844933e-12
1093,65640.0,65640,2.090260711650295e-06,2.0902617904077403e-06,1.7048265182426717e-05,0.0,2.234777815686259e-06,1.4451602513157996e-07,0.0,6.351694060415947e-09,1.0786783987808106e-12
1094,65700.0,65700,2.090075309045601e-06,2.0900763923218247e-06,1.7077515851830987e-05,0.0,2.234593535140723e-06,1.4451714266362811e-07,0.0,6.351690301607316e-09,1.0831983906106672e-12
1095,65760.0,65760,2.0898968584044162e-06,2.089897946942702e-06,1.7106763892137034e-05,0.0,2.234416171264373e-06,1.4451822415898431e-07,0.0,6.351686541892657e-09,1.0884660982999717e-12
1096,65820.0,65820,2.089725352327783e-06,2.089726446687027e-06,1.7136009401935793e-05,0.0,2.2342457165278146e-06,1.4451926967561534e-07,0.0,6.3516827921110935e-09,1.0942879210873353e-12
1097,65880.0,65880,2.0895607815545997e-06,2.0895618821150727e-06,1.716525247970957e-05,0.0,2.234082161534689e-06,1.4452027925857749e-07,0.0,6.351679059877123e-09,1.100482336673788e-12
1098,65940.0,65940,2.089403135523921e-06,2.0894042424940923e-06,1.7194493223807298e-05,0.0,2.2339254955975984e-06,1.4452125293997863e-07,0.0,6.351675349784226e-09,1.106891113387691e-12
1099,66000.0,66000,2.0892524029229656e-06,2.0892535163872126e-06,1.7223731732425853e-05,0.0,2.2337757072956566e-06,1.4452219073982674e-07,0.0,6.351671663793844e-09,1.113387699036277e-12
1100,66060.0,66060,2.089108572182672e-06,2.089109692139168e-06,1.7252968103599903e-05,0.0,2.2336327849781905e-06,1.445230926674969e-07,0.0,6.351668001766304e-09,1.1198805534558947e-12
1101,66120.0,66120,2.0889716318943863e-06,2.0889727582910574e-06,1.7282202435197438e-05,0.0,2.2334967171808192e-06,1.4452395872366793e-07,0.0,6.351664362043696e-09,1.1263131930379571e-12
1102,66180.0,66180,2.0888415711275246e-06,2.088842703870782e-06,1.7311434824928103e-05,0.0,2.233367492942532e-06,1.4452478890232716e-07,0.0,6.3516607420356145e-09,1.1326597292964502e-12
1103,66240.0,66240,2.0887183796514694e-06,2.0887195186597526e-06,1.7340665370341967e-05,0.0,2.2332451020174857e-06,1.4452558319283063e-07,0.0,6.3516571387296644e-09,1.1389187576059815e-12
1104,66300.0,66300,2.0886020480569715e-06,2.0886031932511557e-06,1.7369894168846997e-05,0.0,2.2331295350017093e-06,1.4452634158177153e-07,0.0,6.351653549099477e-09,1.1451051640341036e-12
1105,66360.0,66360,2.0884925678128143e-06,2.088493719148846e-06,1.739912131771595e-05,0.0,2.233020783373426e-06,1.4452706405451382e-07,0.0,6.3516499703754235e-09,1.1512431202272368e-12
1106,66420.0,66420,2.0883899312622132e-06,2.0883910887088527e-06,1.742834691410221e-05,0.0,2.2329188394831346e-06,1.4452775059637075e-07,0.0,6.35164640019975e-09,1.1573597122847715e-12
1107,66480.0,66480,2.088294131576373e-06,2.0882952951378334e-06,1.7457571055051366e-05,0.0,2.2328236965189665e-06,1.4452840119338674e-07,0.0,6.3516428366750524e-09,1.1634801397067843e-12
1108,66540.0,66540,2.0882051627089645e-06,2.08820633242425e-06,1.7486793837511956e-05,0.0,2.232735348437942e-06,1.4452901583284645e-07,0.0,6.35163927833077e-09,1.1696255976897754e-12
1109,66600.0,66600,2.0881230193239276e-06,2.0881241952310017e-06,1.7516015358348073e-05,0.0,2.2326537899130602e-06,1.445295945034382e-07,0.0,6.351635724057368e-09,1.1758118424111321e-12
1110,66660.0,66660,2.0880476967448943e-06,2.0880488788883942e-06,1.7545235714347067e-05,0.0,2.2325790162698305e-06,1.445301371952477e-07,0.0,6.351632173014538e-09,1.1820495418153943e-12
1111,66720.0,66720,2.0879791909041055e-06,2.087980379350848e-06,1.757445500223214e-05,0.0,2.2325110234321715e-06,1.4453064389958492e-07,0.0,6.351628624545857e-09,1.1883454830731027e-12
1112,66780.0,66780,2.0879174982938413e-06,2.08791869310024e-06,1.7603673318667207e-05,0.0,2.2324498078913734e-06,1.445311146087354e-07,0.0,6.351625078113558e-09,1.1947030072004112e-12
1113,66840.0,66840,2.0878626159352073e-06,2.087863817167266e-06,1.7632890760267467e-05,0.0,2.2323953666644553e-06,1.4453154931572371e-07,0.0,6.35162153324034e-09,1.2011236869952154e-12
1114,66900.0,66900,2.087814541351361e-06,2.0878157490519663e-06,1.7662107423606294e-05,0.0,2.2323476972675454e-06,1.445319480139773e-07,0.0,6.351617989480426e-09,1.207608126737732e-12
1115,66960.0,66960,2.087773272540994e-06,2.087774486800208e-06,1.769132340521991e-05,0.0,2.2323067976920024e-06,1.4453231069709168e-07,0.0,6.351614446402014e-09,1.2141565357160551e-12
1116,67020.0,67020,2.0877388079591473e-06,2.0877400288390923e-06,1.7720538801617946e-05,0.0,2.232272666385964e-06,1.4453263735866085e-07,0.0,6.351610903580641e-09,1.2207692206938607e-12
1117,67080.0,67080,2.0877111464951593e-06,2.0877123740550386e-06,1.7749753709288712e-05,0.0,2.2322453022371953e-06,1.4453292799199966e-07,0.0,6.351607360600862e-09,1.2274467629793699e-12
1118,67140.0,67140,2.0876902874620564e-06,2.0876915217614043e-06,1.7778968224703875e-05,0.0,2.232224704552024e-06,1.4453318259008822e-07,0.0,6.351603817060318e-09,1.2341901636961138e-12
1119,67200.0,67200,2.0876762305797817e-06,2.0876774716954895e-06,1.7808182444324747e-05,0.0,2.232210873039734e-06,1.445334011454341e-07,0.0,6.3516002725765725e-09,1.2410008173704466e-12
1120,67260.0,67260,2.087668975957049e-06,2.0876702239529646e-06,1.7837396464610604e-05,0.0,2.232203807803254e-06,1.4453358364998652e-07,0.0,6.351596726793758e-09,1.2478803627416793e-12
1121,67320.0,67320,2.0876685240786043e-06,2.0876697790228382e-06,1.7866610382020736e-05,0.0,2.2322035093246143e-06,1.445337300950825e-07,0.0,6.351593179385843e-09,1.2548304857748045e-12
1122,67380.0,67380,2.087674875799084e-06,2.0876761377651025e-06,1.789582429302193e-05,0.0,2.2322099784461432e-06,1.445338404714374e-07,0.0,6.3515896300584194e-09,1.261853250253189e-12
1123,67440.0,67440,2.0876880323223843e-06,2.087689301393651e-06,1.7925038294091736e-05,0.0,2.232223216370596e-06,1.4453391476909238e-07,0.0,6.351586078553853e-09,1.2689502987958477e-12
1124,67500.0,67500,2.087707995203361e-06,2.087709271446515e-06,1.7954252481727204e-05,0.0,2.2322432246368655e-06,1.4453395297743685e-07,0.0,6.351582524644645e-09,1.2761236532514823e-12
1125,67560.0,67560,2.0877347663280864e-06,2.087736049825983e-06,1.7983466952446074e-05,0.0,2.2322700051253403e-06,1.445339550851528e-07,0.0,6.351578968139976e-09,1.2833748325995373e-12
1126,67620.0,67620,2.087768347914079e-06,2.0877696387519073e-06,1.8012681802793103e-05,0.0,2.2323035600407232e-06,1.4453392108027982e-07,0.0,6.351575408876978e-09,1.2907054428673622e-12
1127,67680.0,67680,2.087808742499694e-06,2.087810040749473e-06,1.804189712934329e-05,0.0,2.232343891911067e-06,1.4453385095016927e-07,0.0,6.351571846721433e-09,1.2981167444011419e-12
1128,67740.0,67740,2.087855952940901e-06,2.087857258679066e-06,1.807111302871081e-05,0.0,2.2323910035798047e-06,1.4453374468149834e-07,0.0,6.351568281564201e-09,1.30560992846439e-12
1129,67800.0,67800,2.0879099824049414e-06,2.08791129572229e-06,1.8100329597546595e-05,0.0,2.2324448982048143e-06,1.445336022602496e-07,0.0,6.3515647133173545e-09,1.3131857938877284e-12
1130,67860.0,67860,2.0879708343728135e-06,2.087972155356819e-06,1.8129546932549074e-05,0.0,2.2325055792478577e-06,1.4453342367177276e-07,0.0,6.351561141909424e-09,1.320845272611945e-12
1131,67920.0,67920,2.088038512628767e-06,2.0880398413596453e-06,1.815876513046398e-05,0.0,2.2325730504826033e-06,1.4453320890068796e-07,0.0,6.351557567287177e-09,1.3285888118000382e-12
1132,67980.0,67980,2.0881130212659375e-06,2.088114357818905e-06,1.8187984288093282e-05,0.0,2.2326473159828994e-06,1.445329579310031e-07,0.0,6.351553989407494e-09,1.3364168826259427e-12
1133,68040.0,68040,2.0881943646812187e-06,2.088195709155321e-06,1.821720450229437e-05,0.0,2.232728380128893e-06,1.4453267074596165e-07,0.0,6.351550408236868e-09,1.344329838463485e-12
1134,68100.0,68100,2.0882825475732853e-06,2.0882839000511235e-06,1.824642586999041e-05,0.0,2.2328162476067456e-06,1.4453234732816783e-07,0.0,6.351546823751708e-09,1.3523276170869665e-12
1135,68160.0,68160,2.0883775749513204e-06,2.088378935507933e-06,1.8275648488166493e-05,0.0,2.2329109233999103e-06,1.4453198765949323e-07,0.0,6.3515432359291155e-09,1.3604106129697715e-12
1136,68220.0,68220,2.0884794521219223e-06,2.0884808208446056e-06,1.8304872453880994e-05,0.0,2.2330124128052905e-06,1.4453159172112254e-07,0.0,6.351539644755212e-09,1.368578460364434e-12
1137,68280.0,68280,2.0885881847027317e-06,2.0885895616812935e-06,1.8334097864270643e-05,0.0,2.2331207214191855e-06,1.4453115949348723e-07,0.0,6.351536050213542e-09,1.3768311802631895e-12
1138,68340.0,68340,2.0887037786226344e-06,2.088705163948101e-06,1.836332481654527e-05,0.0,2.2332358551411705e-06,1.4453069095635562e-07,0.0,6.351532452289833e-09,1.385168802768539e-12
1139,68400.0,68400,2.0888262401099865e-06,2.0888276338570923e-06,1.8392553408004226e-05,0.0,2.2333578201886397e-06,1.4453018608868736e-07,0.0,6.351528850973179e-09,1.3935909100593206e-12
1140,68460.0,68460,2.08895557571048e-06,2.088956977964897e-06,1.8421783736032326e-05,0.0,2.2334866230814763e-06,1.445296448687282e-07,0.0,6.351525246248414e-09,1.4020974892646588e-12
1141,68520.0,68520,2.089091792281712e-06,2.0890932031297714e-06,1.8451015898107985e-05,0.0,2.2336222706514443e-06,1.44529067273996e-07,0.0,6.351521638103048e-09,1.410688489378344e-12
1142,68580.0,68580,2.08923489699019e-06,2.089236316516346e-06,1.8480249991808683e-05,0.0,2.233764770048937e-06,1.445284532812013e-07,0.0,6.351518026525582e-09,1.4193635937406007e-12
1143,68640.0,68640,2.089384897322879e-06,2.089386325616482e-06,1.8509486114808124e-05,0.0,2.23391412873374e-06,1.4452780286634086e-07,0.0,6.351514411502534e-09,1.4281230277615276e-12
1144,68700.0,68700,2.089541801085601e-06,2.0895432382253197e-06,1.85387243648931e-05,0.0,2.234070354479829e-06,1.445271160046661e-07,0.0,6.3515107930265704e-09,1.4369670002231008e-12
1145,68760.0,68760,2.089705616393674e-06,2.089707062458125e-06,1.856796483995576e-05,0.0,2.234233455389046e-06,1.4452639267061472e-07,0.0,6.3515071710964016e-09,1.4458955524432207e-12
1146,68820.0,68820,2.0898763516890634e-06,2.0898778067742214e-06,1.85972076380054e-05,0.0,2.2344034398728035e-06,1.44525632837952e-07,0.0,6.351503545714208e-09,1.4549093940880482e-12
1147,68880.0,68880,2.090054015731401e-06,2.0900554799190046e-06,1.862645285717189e-05,0.0,2.2345803166633004e-06,1.4452483647969616e-07,0.0,6.351499916896247e-09,1.4640092200523552e-12
1148,68940.0,68940,2.090238617600978e-06,2.0902400909721823e-06,1.8655700595705507e-05,0.0,2.2347640948098437e-06,1.445240035681834e-07,0.0,6.351496284673049e-09,1.4731963278950166e-12
1149,69000.0,69000,2.0904301666896113e-06,2.0904316493398574e-06,1.8684950951990095e-05,0.0,2.234954783686156e-06,1.4452313407502193e-07,0.0,6.351492649099532e-09,1.4824718930953648e-12
1150,69060.0,69060,2.090628672711045e-06,2.090630164733491e-06,1.871420402453903e-05,0.0,2.23515239297454e-06,1.4452222797123477e-07,0.0,6.351489010252123e-09,1.4918379970737124e-12
1151,69120.0,69120,2.0908341456882393e-06,2.0908356471694195e-06,1.874345991200475e-05,0.0,2.2353569326719956e-06,1.4452128522723427e-07,0.0,6.351485368245414e-09,1.5012970970404988e-12
1152,69180.0,69180,2.091046595951669e-06,2.091048106996237e-06,1.877271871318221e-05,0.0,2.2355684130837477e-06,1.4452030581285384e-07,0.0,6.351481723237018e-09,1.5108521468729913e-12
1153,69240.0,69240,2.091266034134883e-06,2.091267554836682e-06,1.880198052701212e-05,0.0,2.235786844812512e-06,1.4451928969749874e-07,0.0,6.351478075436094e-09,1.520506858014977e-12
1154,69300.0,69300,2.0914924711602926e-06,2.091494001624128e-06,1.8831245452587258e-05,0.0,2.2360122387567706e-06,1.445182368501126e-07,0.0,6.351474425116829e-09,1.5302656200544358e-12
1155,69360.0,69360,2.091725918234377e-06,2.0917274585654103e-06,1.8860513589152048e-05,0.0,2.2362446060919663e-06,1.4451714723925846e-07,0.0,6.351470772628848e-09,1.5401338149567904e-12
1156,69420.0,69420,2.0919663868262377e-06,2.091967937140237e-06,1.8889785036113733e-05,0.0,2.2364839582662395e-06,1.445160208332202e-07,0.0,6.351467118414061e-09,1.5501174195662396e-12
1157,69480.0,69480,2.0922138886567394e-06,2.0922154490809947e-06,1.891905989303933e-05,0.0,2.2367303069764487e-06,1.4451485760003748e-07,0.0,6.3514634630175735e-09,1.5602235496930364e-12
1158,69540.0,69540,2.0924684356785118e-06,2.0924700063450072e-06,1.8948338259663534e-05,0.0,2.236983664145685e-06,1.4451365750759762e-07,0.0,6.351459807104035e-09,1.570460512732822e-12
1159,69600.0,69600,2.0927300400410316e-06,2.0927316210928155e-06,1.897762023589037e-05,0.0,2.2372440419097218e-06,1.445124205236437e-07,0.0,6.351456151481833e-09,1.580837332147817e-12
1160,69660.0,69660,2.0929987140751686e-06,2.0930003056544772e-06,1.9006905921796e-05,0.0,2.237511452568977e-06,1.4451114661587908e-07,0.0,6.351452497111019e-09,1.5913650078113374e-12
1161,69720.0,69720,2.0932744702409596e-06,2.0932760725113965e-06,1.90361954176312e-05,0.0,2.237785908568387e-06,1.4450983575194053e-07,0.0,6.351448845138998e-09,1.6020556807600206e-12
1162,69780.0,69780,2.0935573210908123e-06,2.093558934236867e-06,1.9065488823824566e-05,0.0,2.238067422439147e-06,1.4450848789949659e-07,0.0,6.3514451969190605e-09,1.612923985181865e-12
1163,69840.0,69840,2.093847279204745e-06,2.0938489034096114e-06,1.9094786240980305e-05,0.0,2.2383560067473417e-06,1.445071030262268e-07,0.0,6.351441554051923e-09,1.6239873514102946e-12
1164,69900.0,69900,2.0941443571148143e-06,2.0941459926056895e-06,1.9124087769884942e-05,0.0,2.2386516740197495e-06,1.4450568109993132e-07,0.0,6.351437918432708e-09,1.6352676338282208e-12
1165,69960.0,69960,2.0944485672119047e-06,2.0944502142358056e-06,1.9153393511499784e-05,0.0,2.2389544366350998e-06,1.44504222088718e-07,0.0,6.3514342923252954e-09,1.6467937232813332e-12
1166,70020.0,70020,2.0947599215926842e-06,2.0947615804260904e-06,1.9182703566963573e-05,0.0,2.2392643067062e-06,1.445027259613148e-07,0.0,6.351430678480183e-09,1.6586046766743195e-12
1167,70080.0,70080,2.095078431879886e-06,2.0950801028692147e-06,1.9212018037587013e-05,0.0,2.2395812958781404e-06,1.4450119268779942e-07,0.0,6.3514270803035e-09,1.670756561018539e-12
1168,70140.0,70140,2.0954041089357787e-06,2.095405792506572e-06,1.924133702484524e-05,0.0,2.2399054150694497e-06,1.4449962224088713e-07,0.0,6.3514235021417975e-09,1.683331818161658e-12
1169,70200.0,70200,2.095736962458805e-06,2.095738659155596e-06,1.9270660630369308e-05,0.0,2.2402366740803563e-06,1.4449801459826387e-07,0.0,6.3514199497219846e-09,1.6964551052195775e-12
1170,70260.0,70260,2.0960770003831432e-06,2.096078710942871e-06,1.9299988955931157e-05,0.0,2.240575081021204e-06,1.44496369746618e-07,0.0,6.3514164308554255e-09,1.7103170734509757e-12
1171,70320.0,70320,2.096424227980752e-06,2.096425953436833e-06,1.9329322103414803e-05,0.0,2.240920641461392e-06,1.4449468768861566e-07,0.0,6.351412956537568e-09,1.7252116093722352e-12
1172,70380.0,70380,2.0967786465229037e-06,2.0967803883609144e-06,1.9358660174783624e-05,0.0,2.2412733571511004e-06,1.4449296845455505e-07,0.0,6.351409542670782e-09,1.741589924803164e-12
1173,70440.0,70440,2.097140251270879e-06,2.097142011651189e-06,1.9388003272027812e-05,0.0,2.241633224116693e-06,1.4449121212220782e-07,0.0,6.351406212684901e-09,1.7601295450150427e-12
1174,70500.0,70500,2.0975090285525988e-06,2.097510810576622e-06,1.9417351497077457e-05,0.0,2.242000229774016e-06,1.4448941885063035e-07,0.0,6.35140300130923e-09,1.7817710841660683e-12
1175,70560.0,70560,2.0978849516868976e-06,2.0978867592585354e-06,1.9446704951682983e-05,0.0,2.242374348548225e-06,1.4448758894054772e-07,0.0,6.351399958958852e-09,1.8073151921745457e-12
1176,70620.0,70620,2.0982679769965366e-06,2.0982698105199637e-06,1.9476063737225937e-05,0.0,2.2427555338311755e-06,1.4448572295701023e-07,0.0,6.351397149398579e-09,1.8332644318581487e-12
1177,70680.0,70680,2.098658052833939e-06,2.0986598685592887e-06,1.950542795442077e-05,0.0,2.2431436909842625e-06,1.4448382207066897e-07,0.0,6.3513945781082905e-09,1.8154605641175405e-12
1178,70740.0,70740,2.099055255854787e-06,2.0990566082680665e-06,1.95347977026195e-05,0.0,2.243538498226562e-06,1.4448188960036994e-07,0.0,6.351391514601772e-09,1.3521448970197934e-12
1179,70800.0,70800,2.0994610558894996e-06,2.0994579610881184e-06,1.956417307656128e-05,0.0,2.2439379025796427e-06,1.4447994113417116e-07,0.0,6.35138053241755e-09,-3.095073502610733e-12
1180,70860.0,70860,2.099889543098927e-06,2.0998468932941605e-06,1.9593554141640042e-05,0.0,2.2443249763601764e-06,1.4447808269828826e-07,0.0,6.3512952319123856e-09,-4.265007546752913e-11
1181,70920.0,70920,2.100466824090739e-06,2.1000751822730555e-06,1.9622940721676707e-05,0.0,2.2445523344950642e-06,1.444771518519579e-07,0.0,6.350550482108727e-09,-3.916420951511971e-10
1182,70980.0,70980,2.1023145551505497e-06,2.0988382471192958e-06,1.965233053857447e-05,0.0,2.243322368300708e-06,1.4448412080853183e-07,0.0,6.343988998847885e-09,-3.4763083117868533e-09
1183,71040.0,71040,2.115613396009098e-06,2.0845663404212843e-06,1.9681702815246505e-05,0.0,2.2291254239314266e-06,1.4455908313422905e-07,0.0,6.286016224418947e-09,-3.104705586465367e-08
1184,71100.0,71100,2.2563497844437475e-06,1.9472224433291934e-06,1.97108727196139e-05,0.0,2.092537063445067e-06,1.4531461975092e-07,0.0,5.7685309859903774e-09,-3.0912734139461783e-07
1185,71160.0,71160,299.999942945683,-5.6074774654979464e-05,1.9738095030380198e-05,300.0,4.436216016908596e-08,5.6119136818738565e-05,0.0,6.163766617944508e-10,9.7954236011226e-07
1186,71220.0,71220,299.99994294290246,-5.6066466962118036e-05,1.880340449381843e-05,300.0,4.690156068300817e-08,5.611336852528211e-05,0.0,1.6942103994840144e-08,9.90630582936943e-07
1187,71280.0,71280,299.9999429378685,-5.605071094760737e-05,1.7868846070696978e-05,300.0,5.145647557082478e-08,5.61021674244995e-05,0.0,3.345256158644408e-08,1.0114205894816687e-06
1188,71340.0,71340,299.999942930834,-5.602679697795079e-05,1.693453886083846e-05,300.0,5.7748197151466295e-08,5.608454517557258e-05,0.0,5.030946436445668e-08,1.0423690849932453e-06
1189,71400.0,71400,299.99994292113684,-5.598922607714139e-05,1.6000614488047234e-05,300.0,6.628678064260775e-08,5.605551285742631e-05,0.0,6.768212706057986e-08,1.0896371235471528e-06
1190,71460.0,71460,299.99994290736015,-5.592259526021813e-05,1.5067294950579441e-05,300.0,7.815927850192182e-08,5.600075453768471e-05,0.0,8.584254546723963e-08,1.1700446391580306e-06
1191,71520.0,71520,299.99994288673923,-5.57676779947923e-05,1.4135056245462385e-05,300.0,9.539025897598332e-08,5.586306825212431e-05,0.0,1.0534304631928486e-07,1.3455828151622584e-06
1192,71580.0,71580,299.9999428547701,-5.488293295234016e-05,1.3205356417157527e-05,300.0,1.2092180880457152e-07,5.5003854758738895e-05,0.0,1.27769142106881e-07,2.2622970102182663e-06
1193,71640.0,71640,299.99994279971764,-2.8631560936832907e-06,1.2290338510366743e-05,300.0,1.6199194365056354e-07,3.025148029679508e-06,0.0,1.6547376764743905e-07,5.4337126297722706e-05
1194,71700.0,71700,200.0000641120699,8.68051425688112e-07,1.2242214208780153e-05,200.0000000000001,1.0579488675948985e-06,1.8989743784739923e-07,0.0,1.0710921754442293e-06,-6.32440183536926e-05
1195,71760.0,71760,2.491332319914144e-06,1.9212295026319734e-06,1.2254036806278977e-05,0.0,2.0690822048463617e-06,1.4785270155247334e-07,0.0,1.7024802215216336e-08,-5.701028178851588e-07
1196,71820.0,71820,2.1233607115663404e-06,2.0630180499365026e-06,1.2280884537794409e-05,0.0,2.2081150748804305e-06,1.4509702455215764e-07,0.0,7.522905578509461e-09,-6.034266193726843e-08
1197,71880.0,71880,2.0952640866225705e-06,2.0870479538326515e-06,1.2309747829059644e-05,0.0,2.2317592277981396e-06,1.4471127360752156e-07,0.0,6.517137330631193e-09,-8.216133067837562e-09
1198,71940.0,71940,2.0907119804231323e-06,2.089364854927279e-06,1.2338952507822287e-05,0.0,2.2339772224253574e-06,1.4461236714232851e-07,0.0,6.380164789177977e-09,-1.347125762419282e-09
1199,72000.0,72000,2.0885887308918886e-06,2.0883142088763067e-06,1.2368190256104698e-05,0.0,2.2328960677664696e-06,1.445818585361118e-07,0.0,6.35767841788374e-09,-2.7452227783677114e-10
1200,72060.0,72060,2.0869556811658085e-06,2.0869029061504716e-06,1.2397413196002755e-05,0.0,2.2314715307061985e-06,1.445686242077062e-07,0.0,6.353069445310301e-09,-5.277527161722118e-11
1201,72120.0,72120,2.085501932969149e-06,2.0854945398665646e-06,1.24266161750351e-05,0.0,2.2300620870809427e-06,1.445675468702957e-07,0.0,6.352156551870189e-09,-7.39335894273312e-12
1202,72180.0,72180,2.084079420263786e-06,2.084080479784777e-06,1.2455799204415395e-05,0.0,2.2286508686682874e-06,1.4457038854120713e-07,0.0,6.3520002739794155e-09,1.05926949222578e-12
1203,72240.0,72240,2.0826798304995515e-06,2.0826845130832274e-06,1.2484962193691935e-05,0.0,2.2272592519007746e-06,1.445747384808733e-07,0.0,6.351985113341257e-09,4.682333943108084e-12
1204,72300.0,72300,2.081294629132181e-06,2.081300730221336e-06,1.25141053954228e-05,0.0,2.225881097339369e-06,1.4458036678333958e-07,0.0,6.352030568761069e-09,6.100841408917847e-12
1205,72360.0,72360,2.0799294367980908e-06,2.0799360655749342e-06,1.2543228979024474e-05,0.0,2.2245227756577484e-06,1.4458670975205128e-07,0.0,6.352099887926194e-09,6.628535239760783e-12
1206,72420.0,72420,2.078570314495904e-06,2.0785703096900892e-06,1.257233321355842e-05,0.0,2.2231642622349173e-06,1.4459395221633633e-07,0.0,6.352178214313965e-09,-5.0464727849821895e-15
1207,72480.0,72480,2.077235365885884e-06,2.0772415896822048e-06,1.2601418081323672e-05,0.0,2.221841665158144e-06,1.4460007515094619e-07,0.0,6.3521461836478195e-09,6.223559884231384e-12
1208,72540.0,72540,2.0758923216934547e-06,2.0758937432519294e-06,1.2630484109800573e-05,0.0,2.2205011677570343e-06,1.4460742418295546e-07,0.0,6.352218169580201e-09,1.4213276380229397e-12
1209,72600.0,72600,2.074572708768383e-06,2.074578241346197e-06,1.2659531024972501e-05,0.0,2.219192346221924e-06,1.4461410455629985e-07,0.0,6.3522103142477026e-09,5.5323513564073155e-12
1210,72660.0,72660,2.0732541695139963e-06,2.0732571260825677e-06,1.268855928673311e-05,0.0,2.2178787232361536e-06,1.4462159683774875e-07,0.0,6.3522711709217154e-09,2.956345042361779e-12
1211,72720.0,72720,2.0719515737085822e-06,2.0719515248133106e-06,1.2717568813537108e-05,0.0,2.2165803951418253e-06,1.4462887001349614e-07,0.0,6.352289279465007e-09,-4.911582741242609e-14
1212,72780.0,72780,2.070660326487198e-06,2.0706605421400884e-06,1.2746559825719842e-05,0.0,2.2152960492160147e-06,1.4463550676185484e-07,0.0,6.3522574783516525e-09,2.1543806363535124e-13
1213,72840.0,72840,2.069374304440103e-06,2.069374647876946e-06,1.2775532531975252e-05,0.0,2.214016669079602e-06,1.4464202089581236e-07,0.0,6.3522302695086306e-09,3.432200327705949e-13
1214,72900.0,72900,2.0681019295621316e-06,2.0681027969753454e-06,1.280448700470307e-05,0.0,2.212751491126117e-06,1.4464869384881075e-07,0.0,6.352205373341727e-09,8.671990885156648e-13
1215,72960.0,72960,2.066846519524284e-06,2.0668489355447366e-06,1.2833423442459545e-05,0.0,2.211504420628362e-06,1.4465548478082417e-07,0.0,6.352189390935272e-09,2.4158122465272426e-12
1216,73020.0,73020,2.0656025921994825e-06,2.0656054488343724e-06,1.2862342099808325e-05,0.0,2.2102677671013097e-06,1.4466231796704046e-07,0.0,6.3521993964114625e-09,2.8564300627512907e-12
1217,73080.0,73080,2.0643670851964045e-06,2.064369715374527e-06,1.2891243123624486e-05,0.0,2.209038856339479e-06,1.4466914066861527e-07,0.0,6.3522169196222834e-09,2.629971525492248e-12
1218,73140.0,73140,2.0631394284804977e-06,2.0631417391894123e-06,1.2920126623778388e-05,0.0,2.207817666672839e-06,1.4467592719696673e-07,0.0,6.3522308388793544e-09,2.310502760499061e-12
1219,73200.0,73200,2.06191987952736e-06,2.0619218799391973e-06,1.2948992710262199e-05,0.0,2.206604546660065e-06,1.446826664290168e-07,0.0,6.352239600425883e-09,2.000212773137976e-12
1220,73260.0,73260,2.060709038176025e-06,2.060710772050319e-06,1.297784149818992e-05,0.0,2.205400125072269e-06,1.4468935273804002e-07,0.0,6.3522433539640904e-09,1.7336739449231441e-12
1221,73320.0,73320,2.0595075414703837e-06,2.0595090745115025e-06,1.3006673111677172e-05,0.0,2.204205058771988e-06,1.446959839767582e-07,0.0,6.352242825681023e-09,1.5328472565488304e-12
1222,73380.0,73380,2.058315892722483e-06,2.058317294734172e-06,1.3035487684182268e-05,0.0,2.203019856122426e-06,1.4470256110335916e-07,0.0,6.352239107977594e-09,1.4018230039210699e-12
1223,73440.0,73440,2.057134419698443e-06,2.0571357524443216e-06,1.3064285356348169e-05,0.0,2.2018448398829297e-06,1.4470908716096466e-07,0.0,6.352233361541438e-09,1.332556373158918e-12
1224,73500.0,73500,2.0559632884521865e-06,2.0559645999020383e-06,1.3093066273339152e-05,0.0,2.2006801659897566e-06,1.4471556581245107e-07,0.0,6.3522266130343265e-09,1.3112607368963492e-12
1225,73560.0,73560,2.0548025300676363e-06,2.0548038528073035e-06,1.312183058246799e-05,0.0,2.199525853282266e-06,1.4472200020308143e-07,0.0,6.352219659352018e-09,1.3225520197831926e-12
1226,73620.0,73620,2.053652070460885e-06,2.0536534225529462e-06,1.3150578431262851e-05,0.0,2.198381815312971e-06,1.4472839249048921e-07,0.0,6.352213040974753e-09,1.3519077914892483e-12
1227,73680.0,73680,2.0525117635892396e-06,2.0525131507291657e-06,1.317930996598916e-05,0.0,2.197247894890254e-06,1.4473474389238817e-07,0.0,6.352207056320653e-09,1.3869601003527096e-12
1228,73740.0,73740,2.0513814271538564e-06,2.0513828458010394e-06,1.3208025330666809e-05,0.0,2.1961239010116452e-06,1.4474105494639166e-07,0.0,6.3522017976564346e-09,1.4184672059964109e-12
1229,73800.0,73800,2.0502608757137986e-06,2.0502623171229194e-06,1.323672466659977e-05,0.0,2.195009643149221e-06,1.4474732576790022e-07,0.0,6.352197203212725e-09,1.441228671906276e-12
1230,73860.0,73860,2.0491499439418308e-06,2.049151398191994e-06,1.3265408112391936e-05,0.0,2.1939049546897803e-06,1.4475355623361484e-07,0.0,6.352193124550885e-09,1.4540769817399483e-12
1231,73920.0,73920,2.0480484962539124e-06,2.048049954909141e-06,1.3294075804287777e-05,0.0,2.192809701266705e-06,1.4475974609883904e-07,0.0,6.3521893937895565e-09,1.4584822583669488e-12
1232,73980.0,73980,2.0469564255181333e-06,2.0469578824123458e-06,1.3322727876633382e-05,0.0,2.191723777742694e-06,1.4476589507333477e-07,0.0,6.352185867573171e-09,1.4567273641388729e-12
1233,74040.0,74040,2.0458736469438256e-06,2.0458750979021993e-06,1.3351364462288374e-05,0.0,2.1906471010235123e-06,1.4477200287168545e-07,0.0,6.352182440620829e-09,1.4507895010201288e-12
1234,74100.0,74100,2.0448000917213514e-06,2.044801533971405e-06,1.337998569294261e-05,0.0,2.1895796034678133e-06,1.4477806924635563e-07,0.0,6.352179040632422e-09,1.4420838172208856e-12
1235,74160.0,74160,2.0437357020747855e-06,2.0437371338468245e-06,1.3408591699330367e-05,0.0,2.1885212281022363e-06,1.4478409400710574e-07,0.0,6.3521756189203695e-09,1.4316080271821607e-12
1236,74220.0,74220,2.0426804276806814e-06,2.042681847956998e-06,1.3437182611381168e-05,0.0,2.1874719252347322e-06,1.447900770295169e-07,0.0,6.352172143447377e-09,1.420113316669883e-12
1237,74280.0,74280,2.0416342230481786e-06,2.041635631401556e-06,1.3465758558323535e-05,0.0,2.18643164990286e-06,1.4479601825469305e-07,0.0,6.352168594716603e-09,1.4081951492129013e-12
1238,74340.0,74340,2.0405970455176703e-06,2.0405984420037855e-06,1.3494319668750356e-05,0.0,2.1854003599267845e-06,1.4480191768274672e-07,0.0,6.352164963170844e-09,1.3963235298747142e-12
1239,74400.0,74400,2.0395688537788547e-06,2.0395702387886607e-06,1.3522866070656033e-05,0.0,2.18437801439477e-06,1.4480777536302613e-07,0.0,6.352161247098958e-09,1.3848546290713599e-12
1240,74460.0,74460,2.0385496067634217e-06,2.038550980956865e-06,1.3551397891454549e-05,0.0,2.183364572582133e-06,1.4481359138300314e-07,0.0,6.3521574507357814e-09,1.3740387440376142e-12
1241,74520.0,74520,2.0375392628940046e-06,2.0375406270844853e-06,1.3579915257981912e-05,0.0,2.1823599931764904e-06,1.4481936585754068e-07,0.0,6.352153582494879e-09,1.364033230141746e-12
1242,74580.0,74580,2.0365377795769512e-06,2.036539134645268e-06,1.3608418296486401e-05,0.0,2.181364233800145e-06,1.448250989196269e-07,0.0,6.352149653418489e-09,1.3549168892685023e-12
1243,74640.0,74640,2.035545112919296e-06,2.035546459781219e-06,1.3636907132615179e-05,0.0,2.1803772507232024e-06,1.4483079071259425e-07,0.0,6.352145675867046e-09,1.3467055295618153e-12
1244,74700.0,74700,2.0345612176049986e-06,2.0345625571228024e-06,1.3665381891391943e-05,0.0,2.1793989987392245e-06,1.4483644138428095e-07,0.0,6.352141662468731e-09,1.3393677433385846e-12
1245,74760.0,74760,2.0335860468827132e-06,2.033587379868275e-06,1.3693842697197255e-05,0.0,2.178429431179796e-06,1.4484205108267292e-07,0.0,6.352137625333684e-09,1.3328386472465983e-12
1246,74820.0,74820,2.032619552651535e-06,2.032620879831694e-06,1.372228967374964e-05,0.0,2.1774685000117433e-06,1.4484761995294862e-07,0.0,6.352133575495019e-09,1.3270325940090529e-12
1247,74880.0,74880,2.0316616856270917e-06,2.031663007625074e-06,1.3750722944083066e-05,0.0,2.176516155987743e-06,1.448531481357077e-07,0.0,6.352129522564858e-09,1.3218550687058252e-12
1248,74940.0,74940,2.03071239552225e-06,2.0307137128745197e-06,1.3779142630532523e-05,0.0,2.1755723488666706e-06,1.448586357660208e-07,0.0,6.352125474586326e-09,1.3172103807726984e-12
1249,75000.0,75000,2.0297716312774615e-06,2.0297729444277043e-06,1.38075488547186e-05,0.0,2.1746370276269662e-06,1.4486408297312833e-07,0.0,6.352121438014918e-09,1.3130095721439128e-12
1250,75060.0,75060,2.028839341278036e-06,2.0288406505877687e-06,1.3835941737537121e-05,0.0,2.1737101406981965e-06,1.4486948988072106e-07,0.0,6.352117417832301e-09,1.309174396863191e-12
1251,75120.0,75120,2.027915473565455e-06,2.027916779339173e-06,1.3864321399150429e-05,0.0,2.1727916361724194e-06,1.448748566074256e-07,0.0,6.3521134177248354e-09,1.3056402704944129e-12
1252,75180.0,75180,2.0269999760187636e-06,2.0270012785070106e-06,1.3892687958984732e-05,0.0,2.1718814619974756e-06,1.448801832676718e-07,0.0,6.3521094403119735e-09,1.3023563612686304e-12
1253,75240.0,75240,2.0260927965141393e-06,2.026094095927745e-06,1.3921041535725447e-05,0.0,2.1709795661256474e-06,1.448854699725129e-07,0.0,6.352105487375535e-09,1.2992854004774536e-12
1254,75300.0,75300,2.0251938830472586e-06,2.0251951795817758e-06,1.3949382247319832e-05,0.0,2.1700858966306955e-06,1.4489071683065792e-07,0.0,6.352101560086913e-09,1.2964012814628014e-12
1255,75360.0,75360,2.024303183813284e-06,2.0243044776242212e-06,1.3977710210978205e-05,0.0,2.1692004017959666e-06,1.44895923949371e-07,0.0,6.352097659191945e-09,1.293685889298152e-12
1256,75420.0,75420,2.023420647263759e-06,2.023421938522866e-06,1.4006025543175162e-05,0.0,2.168323030168725e-06,1.4490109143545159e-07,0.0,6.352093785145726e-09,1.2911248743538538e-12
1257,75480.0,75480,2.022546222143886e-06,2.0225475109734783e-06,1.403432835965506e-05,0.0,2.167453730585758e-06,1.4490621939604806e-07,0.0,6.352089938172484e-09,1.2887023468740508e-12
1258,75540.0,75540,2.021679857518945e-06,2.0216811440524024e-06,1.4062618775435469e-05,0.0,2.166592452197712e-06,1.4491130793942375e-07,0.0,6.352086118242578e-09,1.28639421444051e-12
1259,75600.0,75600,2.020821502817532e-06,2.0208227870983e-06,1.4090896904811836e-05,0.0,2.165739144494443e-06,1.449163571756073e-07,0.0,6.352082324933031e-09,1.2841596759939925e-12
1260,75660.0,75660,2.019971107900233e-06,2.0199723899561234e-06,1.4119162861362161e-05,0.0,2.1648937573857675e-06,1.4492136721691123e-07,0.0,6.35207855714868e-09,1.2819298993507641e-12
1261,75720.0,75720,2.019128623223528e-06,2.019129902945802e-06,1.4147416757953284e-05,0.0,2.1640562413327337e-06,1.4492633817849183e-07,0.0,6.352074812655383e-09,1.27959680910087e-12
1262,75780.0,75780,2.0182940001128464e-06,2.0182952772424847e-06,1.4175658706747997e-05,0.0,2.163226547627933e-06,1.4493127017885513e-07,0.0,6.352071087424292e-09,1.2770015816919657e-12
1263,75840.0,75840,2.017467191234041e-06,2.0174684652926673e-06,1.4203888819217016e-05,0.0,2.16240462884061e-06,1.4493616334119234e-07,0.0,6.3520673747852994e-09,1.273933411334413e-12
1264,75900.0,75900,2.016648151268712e-06,2.0166494215381394e-06,1.423210720615746e-05,0.0,2.161590439543091e-06,1.449410177956701e-07,0.0,6.352063664559968e-09,1.2701464586925076e-12
1265,75960.0,75960,2.0158368378521295e-06,2.0158381033905026e-06,1.4260313977720458e-05,0.0,2.160783937286017e-06,1.4494583368510212e-07,0.0,6.35205994247648e-09,1.265416948750285e-12
1266,76020.0,76020,2.015033212661007e-06,2.0150344724284893e-06,1.428850924345297e-05,0.0,2.1599850838078923e-06,1.4495061117643855e-07,0.0,6.3520561905368066e-09,1.2596450162136857e-12
1267,76080.0,76080,2.0142372424894477e-06,2.014238495570778e-06,1.4316693112357676e-05,0.0,2.1591938462653775e-06,1.4495535048402053e-07,0.0,6.352052389082032e-09,1.252964010002624e-12
1268,76140.0,76140,2.0134489002289666e-06,2.013450145863047e-06,1.4344865692967686e-05,0.0,2.1584101979877615e-06,1.4496005191662546e-07,0.0,6.352048520679156e-09,1.2455163565741214e-12
1269,76200.0,76200,2.0126681667534737e-06,2.012669400740409e-06,1.4373027093434243e-05,0.0,2.157634116925735e-06,1.4496471598230916e-07,0.0,6.352044570274935e-09,1.23386861667171e-12
1270,76260.0,76260,2.0118950453843983e-06,2.0118962211834435e-06,1.4401177421586e-05,0.0,2.1568655651085193e-06,1.449693437200224e-07,0.0,6.352040465603066e-09,1.1756819951170279e-12
1271,76320.0,76320,2.0111296979256746e-06,2.011130362823314e-06,1.4429316784698191e-05,0.0,2.1561043014126277e-06,1.4497393838300445e-07,0.0,6.3520354287719665e-09,6.647830357746527e-13
1272,76380.0,76380,2.0103737064772967e-06,2.0103697483233796e-06,1.445744528657473e-05,0.0,2.155348265490691e-06,1.449785169627005e-07,0.0,6.352021912363401e-09,-3.958267963129931e-12
1273,76440.0,76440,2.009641478394377e-06,2.0095965405609962e-06,1.4485563001548643e-05,0.0,2.154579739854492e-06,1.4498319909483884e-07,0.0,6.351931378301093e-09,-4.4937949951364495e-11
1274,76500.0,76500,2.0090615546353912e-06,2.0086569251646114e-06,1.4513669750961247e-05,0.0,2.153645852786295e-06,1.4498892742190526e-07,0.0,6.351157880280163e-09,-4.0462958359154374e-10
1275,76560.0,76560,2.009772606693299e-06,2.006213767176129e-06,1.4541763174759545e-05,0.0,2.1512172323358897e-06,1.450034649609056e-07,0.0,6.344389548810474e-09,-3.55883962916313e-09
1276,76620.0,76620,2.0220449719731956e-06,1.990531773559856e-06,1.4569821950738342e-05,0.0,2.135624804557881e-06,1.4509303079903687e-07,0.0,6.285051076652295e-09,-3.151319852909403e-08
1277,76680.0,76680,2.162691591842339e-06,1.8512199245210985e-06,1.4597658341160957e-05,0.0,1.9971484857680386e-06,1.4592856104229914e-07,0.0,5.759806803504812e-09,-3.11471667441529e-07
1278,76740.0,76740,299.999942949282,-5.60851489109524e-05,1.462351905816794e-05,300.0,4.1043659192292745e-08,5.6126192593100604e-05,0.0,5.685911382484545e-10,9.655691691936116e-07
1279,76800.0,76800,299.99994294691135,-5.6078276353133784e-05,1.3688663889540588e-05,300.0,4.322543542650466e-08,5.612150181032689e-05,0.0,1.6662571650873253e-08,9.748123503769564e-07
1280,76860.0,76860,299.9999429426624,-5.606551616583768e-05,1.2753917808918919e-05,300.0,4.7103408773118555e-08,5.6112619595515425e-05,0.0,3.291053658867734e-08,9.918214629897166e-07
1281,76920.0,76920,299.9999429368153,-5.6046638202299525e-05,1.1819374702790215e-05,300.0,5.238964846459123e-08,5.6099027870615876e-05,0.0,4.944193421874346e-08,1.0165465496196532e-06
1282,76980.0,76980,299.9999429289083,-5.601789281528027e-05,1.0885133013220243e-05,300.0,5.944980798607224e-08,5.607734264233008e-05,0.0,6.638537001587483e-08,1.0531989385336927e-06
1283,77040.0,77040,299.9999429179251,-5.5968337177540144e-05,9.95135276220268e-06,300.0,6.909327801897608e-08,5.603743047380895e-05,0.0,8.393963550012602e-08,1.113737712182328e-06
1284,77100.0,77100,299.99994290185145,-5.584711675387249e-05,9.018374328639831e-06,300.0,8.287208722462616e-08,5.592998885848697e-05,0.0,1.0250283913675222e-07,1.251031800873465e-06
1285,77160.0,77160,299.9999428775889,-5.463409884707112e-05,8.08738178683601e-06,300.0,1.0291348569876204e-07,5.473701234665587e-05,0.0,1.2335423778690554e-07,2.4883122785459426e-06
1286,77220.0,77220,299.9999428339661,-2.1378537177243623e-05,7.176556104453747e-06,300.0,1.365772903799632e-07,2.1515114481214185e-05,0.0,1.648269397579205e-07,3.578749677906927e-05
1287,77280.0,77280,290.0000190258641,-1.2828519573214966e-07,6.819905620561946e-06,290.00000000000017,1.5500475617480538e-06,1.67833277231382e-06,0.0,7.612860250272834e-07,-1.9154149152064932e-05
1288,77340.0,77340,3.736622141311727e-05,1.1755814314813744e-05,6.813892324069024e-06,0.0,1.1931159551598565e-05,1.7534523478101953e-07,0.0,4.420509790272088e-07,-2.5610407099704726e-05
1289,77400.0,77400,2.2196519655441046e-06,1.7558426239896129e-06,6.979994569813156e-06,0.0,1.9032149072275618e-06,1.4737228329982835e-07,0.0,1.5211159582048127e-08,-4.638093414278113e-07
1290,77460.0,77460,1.9993832447870165e-06,1.9403746805960386e-06,7.004500479245849e-06,0.0,2.086024452135597e-06,1.4564977154020085e-07,0.0,7.481053694312602e-09,-5.900856412519054e-08
1291,77520.0,77520,1.971408919472587e-06,1.963943751793369e-06,7.031624896086396e-06,0.0,2.1093015591295013e-06,1.4535780733360222e-07,0.0,6.497570789269968e-09,-7.465167583784343e-09
1292,77580.0,77580,1.96449883539064e-06,1.9634968793164597e-06,7.059083935037461e-06,0.0,2.1087890933591045e-06,1.4529221407150134e-07,0.0,6.373139064243736e-09,-1.0019559673175612e-09
1293,77640.0,77640,1.9602393354592498e-06,1.960090486245393e-06,7.0865368043346415e-06,0.0,2.105379202570554e-06,1.4528871637711032e-07,0.0,6.356428370699283e-09,-1.4884908727076083e-10
1294,77700.0,77700,1.9564003948319964e-06,1.9563753673931115e-06,7.113941422228622e-06,0.0,2.1016752013456113e-06,1.4529983401787662e-07,0.0,6.35393742740442e-09,-2.5027286578849248e-11
1295,77760.0,77760,1.9526848488556338e-06,1.9526859162217817e-06,7.141293378597537e-06,0.0,2.0980016215045444e-06,1.4531570536820918e-07,0.0,6.353511513178161e-09,1.067544105028449e-12
1296,77820.0,77820,1.9490269016879334e-06,1.9490258778520165e-06,7.1685930252127246e-06,0.0,2.09436090239539e-06,1.4533502466114678e-07,0.0,6.3535218274567e-09,-1.0236464233705729e-12
1297,77880.0,77880,1.945411153862397e-06,1.945411683814626e-06,7.195840770166474e-06,0.0,2.090766643282174e-06,1.4535495959296108e-07,0.0,6.353498570754023e-09,5.301725661251641e-13
1298,77940.0,77940,1.9418459261350032e-06,1.941848116946791e-06,7.223037261410651e-06,0.0,2.0872229865561587e-06,1.4537486976234796e-07,0.0,6.353502480819397e-09,2.1910465780132563e-12
1299,78000.0,78000,1.9383206429304575e-06,1.9383247801172622e-06,7.250183216254185e-06,0.0,2.0837199410554212e-06,1.4539516110878872e-07,0.0,6.353535330648464e-09,4.137448565902678e-12
1300,78060.0,78060,1.9348258680383913e-06,1.934821165226312e-06,7.277279203699176e-06,0.0,2.080237647631585e-06,1.45416482592659e-07,0.0,6.35360186322617e-09,-4.702526459633341e-12
1301,78120.0,78120,1.931377381301362e-06,1.9313821364312175e-06,7.304325500591844e-06,0.0,2.0768184873267675e-06,1.4543635111844457e-07,0.0,6.353522285250426e-09,4.755421923312034e-12
1302,78180.0,78180,1.9279585821787823e-06,1.92795675822156e-06,7.33132302556343e-06,0.0,2.0734142233452074e-06,1.454574653695793e-07,0.0,6.35360156107569e-09,-1.823646012876093e-12
1303,78240.0,78240,1.9245833033639746e-06,1.924585897405064e-06,7.35827196890885e-06,0.0,2.070063708529425e-06,1.4547781140793623e-07,0.0,6.353572384255831e-09,2.5943559752291363e-12
1304,78300.0,78300,1.921244150852263e-06,1.92124634942148e-06,7.385173104905495e-06,0.0,2.066744884517816e-06,1.4549853538652012e-07,0.0,6.3536180313506324e-09,2.1989178872957786e-12
1305,78360.0,78360,1.917929177616177e-06,1.917926373732853e-06,7.412026876235116e-06,0.0,2.063446060315107e-06,1.4551968688362437e-07,0.0,6.353658260594947e-09,-2.8035064907686583e-12
1306,78420.0,78420,1.9146425040346173e-06,1.9146392823379757e-06,7.4388335591275845e-06,0.0,2.0601794166700235e-06,1.4554013464563408e-07,0.0,6.353616273270744e-09,-3.2212964338361816e-12
1307,78480.0,78480,1.9113901727910156e-06,1.911386890205159e-06,7.4655936212297405e-06,0.0,2.0569469948431025e-06,1.4556010497631595e-07,0.0,6.353568474452649e-09,-3.282171883681801e-12
1308,78540.0,78540,1.9081817054732185e-06,1.9081794264709197e-06,7.492307555333289e-06,0.0,2.0537594067393573e-06,1.4557998062970027e-07,0.0,6.3535208058886074e-09,-2.2785735988653628e-12
1309,78600.0,78600,1.9050161997195977e-06,1.9050164187514974e-06,7.518975998185569e-06,0.0,2.0506163217438535e-06,1.4559990335133508e-07,0.0,6.353490998880676e-09,2.1950116445623324e-13
1310,78660.0,78660,1.9018822134736548e-06,1.901882490836569e-06,7.545599579487215e-06,0.0,2.0475023466095936e-06,1.4561985616486322e-07,0.0,6.353503949837434e-09,2.778362414722773e-13
1311,78720.0,78720,1.8987766643738202e-06,1.8987764549340853e-06,7.572178711150625e-06,0.0,2.0444162309687783e-06,1.4563977645123706e-07,0.0,6.3535189850674e-09,-2.0895523279353344e-13
1312,78780.0,78780,1.8956991630157653e-06,1.8956986004659949e-06,7.59871378841814e-06,0.0,2.0413582242226466e-06,1.4565962418887067e-07,0.0,6.353527007655363e-09,-5.620453437882326e-13
1313,78840.0,78840,1.8926494043412304e-06,1.8926485243822316e-06,7.625205210731841e-06,0.0,2.0383279045784837e-06,1.4567938067113924e-07,0.0,6.353530234849541e-09,-8.794611752961368e-13
1314,78900.0,78900,1.889627376980361e-06,1.8896261988323467e-06,7.651653371869732e-06,0.0,2.0353252352792286e-06,1.4569903691877742e-07,0.0,6.353529250523345e-09,-1.1776110501086824e-12
1315,78960.0,78960,1.8866332494245633e-06,1.8866318155569671e-06,7.678058665238606e-06,0.0,2.0323504034838197e-06,1.457185884099519e-07,0.0,6.3535243654034885e-09,-1.4333047628838468e-12
1316,79020.0,79020,1.8836671865882191e-06,1.8836655515132174e-06,7.704421486971321e-06,0.0,2.029403583638687e-06,1.4573803263155707e-07,0.0,6.3535162769907394e-09,-1.6345007781278565e-12
1317,79080.0,79080,1.8807292651222159e-06,1.8807274806776609e-06,7.730742235714352e-06,0.0,2.026484848544108e-06,1.4575736840458186e-07,0.0,6.35350588370045e-09,-1.7838646505166142e-12
1318,79140.0,79140,1.8778194545310152e-06,1.8778175634544458e-06,7.75702131116395e-06,0.0,2.0235941587796334e-06,1.4577659585519129e-07,0.0,6.353494039704289e-09,-1.8904550938019215e-12
1319,79200.0,79200,1.8749376159041732e-06,1.874935651844665e-06,7.78325911245626e-06,0.0,2.0207313675329726e-06,1.4579571626555912e-07,0.0,6.353481448349478e-09,-1.9634478794740738e-12
1320,79260.0,79260,1.8720835010453108e-06,1.8720814905319981e-06,7.809456036625725e-06,0.0,2.0178962216270343e-06,1.4581473168084925e-07,0.0,6.3534686601880324e-09,-2.009875601183476e-12
1321,79320.0,79320,1.8692567534944898e-06,1.8692547172548601e-06,7.835612477085327e-06,0.0,2.0150883611288003e-06,1.458336444654614e-07,0.0,6.3534561086859445e-09,-2.0355786665869347e-12
1322,79380.0,79380,1.8664569183914775e-06,1.866454869558177e-06,7.861728822109878e-06,0.0,2.0123073259497264e-06,1.4585245697663903e-07,0.0,6.353444130083924e-09,-2.048129718958184e-12
1323,79440.0,79440,1.8636834695471559e-06,1.8636814103802595e-06,7.887805453416038e-06,0.0,2.009552581148016e-06,1.458711713735144e-07,0.0,6.353432934523964e-09,-2.0584545378609203e-12
1324,79500.0,79500,1.8609358557458781e-06,1.8609337779429152e-06,7.913842745106646e-06,0.0,2.0068235667666624e-06,1.458897894954877e-07,0.0,6.353422550163201e-09,-2.077122988714852e-12
1325,79560.0,79560,1.8582135490025152e-06,1.8582114403028084e-06,7.939841063320714e-06,0.0,2.0041197524439576e-06,1.4590831280628387e-07,0.0,6.353412829109486e-09,-2.107976287007753e-12
1326,79620.0,79620,1.8555160677477541e-06,1.8555139193571341e-06,7.965800766658558e-06,0.0,2.0014406611282506e-06,1.4592674246067139e-07,0.0,6.353403559569059e-09,-2.1476618602133234e-12
1327,79680.0,79680,1.8528429703218915e-06,1.8528407781643775e-06,7.991722206943182e-06,0.0,1.998785856889415e-06,1.4594507944803548e-07,0.0,6.353394585742452e-09,-2.1914304871309542e-12
1328,79740.0,79740,1.8501938398246373e-06,1.8501916019893893e-06,8.017605729804966e-06,0.0,1.9961549259649394e-06,1.459633246870937e-07,0.0,6.353385831104532e-09,-2.237062889841654e-12
1329,79800.0,79800,1.8475682764722372e-06,1.847565991362756e-06,8.043451674997653e-06,0.0,1.9935474696983276e-06,1.4598147904054766e-07,0.0,6.353377256234378e-09,-2.2842980099428914e-12
1330,79860.0,79860,1.8449658967816355e-06,1.8449635627540438e-06,8.06926037661233e-06,0.0,1.9909631053205744e-06,1.4599954330604734e-07,0.0,6.353368826177664e-09,-2.333217155359438e-12
1331,79920.0,79920,1.8423863341026006e-06,1.8423839496510954e-06,8.095032163303277e-06,0.0,1.988401467098536e-06,1.4601751821946478e-07,0.0,6.353360504734326e-09,-2.383646065255646e-12
1332,79980.0,79980,1.8398292382580847e-06,1.8398268021731873e-06,8.120767358532294e-06,0.0,1.985862205877491e-06,1.460354044679551e-07,0.0,6.3533522587150075e-09,-2.4352390494623608e-12
1333,80040.0,80040,1.8372942743986196e-06,1.8372917859403452e-06,8.146466280802368e-06,0.0,1.9833449878214144e-06,1.4605320270212936e-07,0.0,6.353344060790884e-09,-2.487642353119192e-12
1334,80100.0,80100,1.8347811216622737e-06,1.8347785802557385e-06,8.172129243876632e-06,0.0,1.98084949297978e-06,1.460709135439848e-07,0.0,6.353335889623915e-09,-2.5405558598085484e-12
1335,80160.0,80160,1.8322894718218962e-06,1.8322868772068875e-06,8.197756556974464e-06,0.0,1.9783754139801235e-06,1.4608853759131721e-07,0.0,6.353327728969246e-09,-2.5937330448741425e-12
1336,80220.0,80220,1.8298190280383092e-06,1.8298163801697072e-06,8.223348524950654e-06,0.0,1.975922454768168e-06,1.4610607542136253e-07,0.0,6.353319566776609e-09,-2.6469623155722873e-12
1337,80280.0,80280,1.827369503651615e-06,1.8273668026738638e-06,8.248905448456288e-06,0.0,1.9734903294337717e-06,1.4612352759425433e-07,0.0,6.353311394605576e-09,-2.7000549062550033e-12
1338,80340.0,80340,1.8249406210394984e-06,1.824937867238619e-06,8.274427624082492e-06,0.0,1.9710787610722722e-06,1.4614089465699539e-07,0.0,6.353303207242126e-09,-2.7528390116454898e-12
1339,80400.0,80400,1.8225321105307493e-06,1.822529304438079e-06,8.299915344488416e-06,0.0,1.968687480702857e-06,1.4615817714792389e-07,0.0,6.353295002413556e-09,-2.805158276664651e-12
1340,80460.0,80460,1.8201437093813622e-06,1.820140851508952e-06,8.325368898513105e-06,0.0,1.9663162262639265e-06,1.4617537560096245e-07,0.0,6.353286780528473e-09,-2.856873101408167e-12
1341,80520.0,80520,1.8177751608474502e-06,1.8177722520161098e-06,8.350788571274063e-06,0.0,1.9639647416650437e-06,1.461924905501178e-07,0.0,6.353278544397147e-09,-2.9078610000043922e-12
1342,80580.0,80580,1.815426213330202e-06,1.8154232543378508e-06,8.376174644252208e-06,0.0,1.961632775942322e-06,1.4620952253319996e-07,0.0,6.353270298943055e-09,-2.958018024356635e-12
1343,80640.0,80640,1.8130966196084902e-06,1.8130936113552654e-06,8.40152739536303e-06,0.0,1.9593200825125797e-06,1.4622647209519583e-07,0.0,6.353262050894195e-09,-3.0072611041955215e-12
1344,80700.0,80700,1.8107861361936946e-06,1.8107830796529957e-06,8.42684709902095e-06,0.0,1.9570264184990786e-06,1.46243339790829e-07,0.0,6.35325380843376e-09,-3.055528764915187e-12
1345,80760.0,80760,1.808494522766821e-06,1.8084914189341506e-06,8.452134026188652e-06,0.0,1.9547515441873238e-06,1.4626012618630447e-07,0.0,6.353245580839316e-09,-3.102783413642411e-12
1346,80820.0,80820,1.8062215417407789e-06,1.8062183916574952e-06,8.47738844442448e-06,0.0,1.952495222575436e-06,1.4627683186011905e-07,0.0,6.353237378084499e-09,-3.149012863548525e-12
1347,80880.0,80880,1.8039669579277938e-06,1.803963762607468e-06,8.502610617918178e-06,0.0,1.9502572190587478e-06,1.4629345740275688e-07,0.0,6.353229210415848e-09,-3.1942320380690213e-12
1348,80940.0,80940,1.8017305383480933e-06,1.801727298816807e-06,8.527800807526712e-06,0.0,1.948037301216382e-06,1.4631000341554428e-07,0.0,6.3532210878997845e-09,-3.238483073204572e-12
1349,81000.0,81000,1.7995120521555273e-06,1.7995087692687032e-06,8.552959270804933e-06,0.0,1.94583523873713e-06,1.463264705082152e-07,0.0,6.353213019971287e-09,-3.2818345636605665e-12
1350,81060.0,81060,1.7973112706829154e-06,1.7973079452545116e-06,8.578086262033893e-06,0.0,1.943650803480125e-06,1.463428592956805e-07,0.0,6.353205014990196e-09,-3.3243801430977583e-12
1351,81120.0,81120,1.795127967623822e-06,1.7951246003072634e-06,8.603182032250995e-06,0.0,1.941483769640196e-06,1.4635917039385648e-07,0.0,6.353197079827351e-09,-3.3662340092602657e-12
1352,81180.0,81180,1.7929619193112675e-06,1.792958510625685e-06,8.628246829286535e-06,0.0,1.939333914030948e-06,1.463754044149688e-07,0.0,6.353189219520128e-09,-3.407524891747486e-12
1353,81240.0,81240,1.7908129050817569e-06,1.790809455631395e-06,8.653280897796383e-06,0.0,1.937201016460106e-06,1.463915619624992e-07,0.0,6.353181437031454e-09,-3.4483881822798423e-12
1354,81300.0,81300,1.788680707700213e-06,1.7886772175985314e-06,8.678284479309193e-06,0.0,1.9350848601492722e-06,1.4640764362629582e-07,0.0,6.353173733138689e-09,-3.488954882115731e-12
1355,81360.0,81360,1.7865651137860268e-06,1.7865615832657547e-06,8.70325781227146e-06,0.0,1.9329852321794136e-06,1.4642364997831465e-07,0.0,6.353166106507772e-09,-3.5293402846349817e-12
1356,81420.0,81420,1.7844659142164688e-06,1.784462343380027e-06,8.728201132102953e-06,0.0,1.9309019238842777e-06,1.4643958156943314e-07,0.0,6.353158553954126e-09,-3.569631071660955e-12
1357,81480.0,81480,1.7823829044162139e-06,1.7823792933386413e-06,8.753114671259038e-06,0.0,1.9288347311744777e-06,1.4645543892788796e-07,0.0,6.353151070919856e-09,-3.6098758469795342e-12
1358,81540.0,81540,1.7803158845325916e-06,1.7803122332584496e-06,8.777998659294314e-06,0.0,1.926783454693686e-06,1.4647122255962554e-07,0.0,6.353143652108964e-09,-3.650078458648026e-12
1359,81600.0,81600,1.7782646594174424e-06,1.7782609680010116e-06,8.802853322930838e-06,0.0,1.9247478998250543e-06,1.464869329506319e-07,0.0,6.353136292231696e-09,-3.690200049307729e-12
1360,81660.0,81660,1.7762290384548856e-06,1.776225307126206e-06,8.827678886125012e-06,0.0,1.9227278764912983e-06,1.4650257057111196e-07,0.0,6.353128986715487e-09,-3.730167325930561e-12
1361,81720.0,81720,1.7742088352239111e-06,1.774205064101974e-06,8.85247557013356e-06,0.0,1.920723198822944e-06,1.465181358807568e-07,0.0,6.353121732278814e-09,-3.769889656338252e-12
1362,81780.0,81780,1.7722038670841547e-06,1.7722000565162405e-06,8.87724359357048e-06,0.0,1.9187336847227657e-06,1.4653362933452146e-07,0.0,6.353114527218264e-09,-3.8092797731281835e-12
1363,81840.0,81840,1.7702139547521087e-06,1.7702101052139793e-06,8.901983172463474e-06,0.0,1.9167591554271225e-06,1.4654905138763547e-07,0.0,6.35310737135164e-09,-3.8482732830403636e-12
1364,81900.0,81900,1.7682389219489676e-06,1.7682350339127316e-06,8.926694520300246e-06,0.0,1.9147994351417514e-06,1.4656440249919507e-07,0.0,6.35310026563404e-09,-3.8868426043166e-12
1365,81960.0,81960,1.7662785951789384e-06,1.7662746689624388e-06,8.951377848070204e-06,0.0,1.912854350823605e-06,1.4657968313337505e-07,0.0,6.353093211543258e-09,-3.925000559210852e-12
1366,82020.0,82020,1.7643328036616368e-06,1.764328839622609e-06,8.976033364302647e-06,0.0,1.9109237321181716e-06,1.465948937582836e-07,0.0,6.353086210404533e-09,-3.962791113032183e-12
1367,82080.0,82080,1.7624013793898193e-06,1.7623973778218208e-06,9.00066127510603e-06,0.0,1.9090074114267718e-06,1.4661003484285674e-07,0.0,6.35307926286874e-09,-4.000271666647188e-12
1368,82140.0,82140,1.76048415724038e-06,1.7604801184696287e-06,9.025261784207161e-06,0.0,1.907105224041971e-06,1.4662510685288705e-07,0.0,6.353072368688058e-09,-4.037493841462867e-12
1369,82200.0,82200,1.7585809750755292e-06,1.75857689925563e-06,9.049835092990982e-06,0.0,1.9052170082536013e-06,1.4664011024761827e-07,0.0,6.353065526810048e-09,-4.074490672131056e-12
1370,82260.0,82260,1.7566916737831917e-06,1.7566875612336629e-06,9.0743814005434e-06,0.0,1.903342605384367e-06,1.466550454775789e-07,0.0,6.353058735686929e-09,-4.111274578258068e-12
1371,82320.0,82320,1.7548160972357193e-06,1.7548119480878596e-06,9.098900903695667e-06,0.0,1.9014818597522854e-06,1.4666991298388102e-07,0.0,6.353051993618065e-09,-4.147844252337671e-12
1372,82380.0,82380,1.7529540922144204e-06,1.7529499066226981e-06,9.123393797065766e-06,0.0,1.8996346185736473e-06,1.46684713198701e-07,0.0,6.353045298977664e-09,-4.184193598295875e-12
1373,82440.0,82440,1.7511055083070136e-06,1.751101286677329e-06,9.147860273099243e-06,0.0,1.8978007318651642e-06,1.4669944654599785e-07,0.0,6.353038650294371e-09,-4.220319533636538e-12
1374,82500.0,82500,1.7492701978290347e-06,1.7492659402588342e-06,9.172300522111107e-06,0.0,1.8959800523556566e-06,1.4671411344226035e-07,0.0,6.353032046198935e-09,-4.25622533949276e-12
1375,82560.0,82560,1.747448015767831e-06,1.7474437224708372e-06,9.196714732321379e-06,0.0,1.8941724354328407e-06,1.467287142967957e-07,0.0,6.353025485319627e-09,-4.291920598739646e-12
1376,82620.0,82620,1.7456388197555608e-06,1.74563449089218e-06,9.221103089895268e-06,0.0,1.89237773911526e-06,1.4674324951183097e-07,0.0,6.3530189661730975e-09,-4.327418977282048e-12
1377,82680.0,82680,1.7438424700568345e-06,1.743838105952269e-06,9.245465778980034e-06,0.0,1.890595824049165e-06,1.4675771948229903e-07,0.0,6.353012487098067e-09,-4.3627353648222985e-12
1378,82740.0,82740,1.7420588295690444e-06,1.7420544303174672e-06,9.269802981741318e-06,0.0,1.88882655350727e-06,1.46772124595553e-07,0.0,6.353006046232321e-09,-4.3978824070607156e-12
1379,82800.0,82800,1.7402877638161477e-06,1.7402833295219585e-06,9.294114878402531e-06,0.0,1.8870697933819506e-06,1.4678646523127437e-07,0.0,6.3529996415493895e-09,-4.432868213538153e-12
1380,82860.0,82860,1.7385291409226808e-06,1.7385246718319828e-06,9.318401647279161e-06,0.0,1.885325412173217e-06,1.4680074176139358e-07,0.0,6.3529932709335915e-09,-4.467694760187068e-12
1381,82920.0,82920,1.736782831580414e-06,1.7367783277621813e-06,9.342663464818564e-06,0.0,1.8835932809380359e-06,1.4681495455056117e-07,0.0,6.352986932280245e-09,-4.502356529860947e-12
1382,82980.0,82980,1.7350487089734907e-06,1.7350441707256458e-06,9.366900505635191e-06,0.0,1.881873273232116e-06,1.468291039566267e-07,0.0,6.3529806236198805e-09,-4.536840870119749e-12
1383,83040.0,83040,1.7333266486884155e-06,1.7333220760961224e-06,9.391112942545197e-06,0.0,1.8801652650149744e-06,1.4684319033161897e-07,0.0,6.352974343236795e-09,-4.571128437106458e-12
1384,83100.0,83100,1.7316165285982612e-06,1.731611921886814e-06,9.415300946602981e-06,0.0,1.8784691345303355e-06,1.468572140229244e-07,0.0,6.352968089778491e-09,-4.6051938440368924e-12
1385,83160.0,83160,1.7299182287213703e-06,1.729913588258351e-06,9.43946468713053e-06,0.0,1.876784762169631e-06,1.468711753746241e-07,0.0,6.352961862356781e-09,-4.6390075217880264e-12
1386,83220.0,83220,1.7282316310646046e-06,1.7282269569918182e-06,9.463604331751517e-06,0.0,1.8751120303192049e-06,1.4688507472902602e-07,0.0,6.352955660615303e-09,-4.672537777937401e-12
1387,83280.0,83280,1.7265566194655255e-06,1.726551912243483e-06,9.487720046415366e-06,0.0,1.8734508231855711e-06,1.4689891242823505e-07,0.0,6.352949484764306e-09,-4.705751589117355e-12
1388,83340.0,83340,1.724893079415368e-06,1.7248883392459662e-06,9.511811995426885e-06,0.0,1.8718010266365545e-06,1.4691268881558528e-07,0.0,6.352943335604049e-09,-4.738617842415676e-12
1389,83400.0,83400,1.723240897897923e-06,1.7232361252353036e-06,9.53588034146799e-06,0.0,1.8701625280313691e-06,1.4692640423710547e-07,0.0,6.352937214489806e-09,-4.771108437457787e-12
1390,83460.0,83460,1.7215999632364905e-06,1.7215951584939892e-06,9.55992524561862e-06,0.0,1.86853521606483e-06,1.4694005904262304e-07,0.0,6.352931123282998e-09,-4.8032003630213065e-12
1391,83520.0,83520,1.7199701649560588e-06,1.7199653285552333e-06,9.58394686737632e-06,0.0,1.86691898063108e-06,1.4695365358658704e-07,0.0,6.352925064265148e-09,-4.834877149008084e-12
1392,83580.0,83580,1.718351393665684e-06,1.7183465259641173e-06,9.607945364672488e-06,0.0,1.8653137127119847e-06,1.4696718822861228e-07,0.0,6.352919040029738e-09,-4.866130447528748e-12
1393,83640.0,83640,1.7167435409806585e-06,1.7167386424303605e-06,9.631920893888314e-06,0.0,1.8637193042820435e-06,1.4698066333351746e-07,0.0,6.352913053344708e-09,-4.8969603356815565e-12
1394,83700.0,83700,1.715146499457548e-06,1.7151415704839084e-06,9.655873609867764e-06,0.0,1.8621356482619778e-06,1.4699407927082854e-07,0.0,6.352907107014683e-09,-4.9273766278623265e-12
1395,83760.0,83760,1.7135601625795733e-06,1.713555203600445e-06,9.679803665931696e-06,0.0,1.8605626384870848e-06,1.4700743641390345e-07,0.0,6.3529012037168036e-09,-4.9573980658425706e-12
1396,83820.0,83820,1.7119844247606463e-06,1.711979436167414e-06,9.703711213893083e-06,0.0,1.8590001697209927e-06,1.4702073513841415e-07,0.0,6.352895345853035e-09,-4.987052304164628e-12
1397,83880.0,83880,1.710419181390565e-06,1.7104141634180391e-06,9.727596404064122e-06,0.0,1.8574481376908572e-06,1.470339758203799e-07,0.0,6.3528895354019664e-09,-5.016373959598904e-12
1398,83940.0,83940,1.7088643288920858e-06,1.708859281869352e-06,9.751459385275722e-06,0.0,1.855906439158392e-06,1.47047158833682e-07,0.0,6.352883773803032e-09,-5.045403138952416e-12
1399,84000.0,84000,1.7073197648078397e-06,1.7073146890661903e-06,9.775300304889072e-06,0.0,1.8543749719932824e-06,1.47060284547312e-07,0.0,6.3528780618656105e-09,-5.074181187529993e-12
1400,84060.0,84060,1.7057853878825262e-06,1.7057802834953764e-06,9.799119308812291e-06,0.0,1.8528536352586042e-06,1.4707335332230897e-07,0.0,6.352872399748999e-09,-5.10274637315577e-12
1401,84120.0,84120,1.7042610981257216e-06,1.704255965399926e-06,9.822916541518296e-06,0.0,1.8513423292885266e-06,1.4708636550875882e-07,0.0,6.3528667870134675e-09,-5.131128137500319e-12
1402,84180.0,84180,1.7027467968481662e-06,1.702741635906117e-06,9.846692146060837e-06,0.0,1.8498409557173946e-06,1.4709932144310902e-07,0.0,6.352861222769246e-09,-5.159339847756184e-12
1403,84240.0,84240,1.7012423866301725e-06,1.7012371976325804e-06,9.870446264096113e-06,0.0,1.8483494174527526e-06,1.4711222144602117e-07,0.0,6.352855705943474e-09,-5.1873717393625245e-12
1404,84300.0,84300,1.6997477711980644e-06,1.6997425543243677e-06,9.894179035897807e-06,0.0,1.8468676185647028e-06,1.4712506582116714e-07,0.0,6.352850235666901e-09,-5.215185148369996e-12
1405,84360.0,84360,1.698262855197665e-06,1.6982576107974788e-06,9.917890600375957e-06,0.0,1.8453954640570068e-06,1.47137854855088e-07,0.0,6.352844811756833e-09,-5.242708630751632e-12
1406,84420.0,84420,1.696787543842145e-06,1.696782272354207e-06,9.941581095091169e-06,0.0,1.8439328595198818e-06,1.4715058881835332e-07,0.0,6.352839435261746e-09,-5.2698384982517696e-12
1407,84480.0,84480,1.6953217424508248e-06,1.6953164443771116e-06,9.965250656259997e-06,0.0,1.8424797106555076e-06,1.4716326796771502e-07,0.0,6.352834109001031e-09,-5.296443935511839e-12
1408,84540.0,84540,1.6938653558886813e-06,1.6938600318642196e-06,9.988899418760222e-06,0.0,1.8410359227227066e-06,1.4717589254917805e-07,0.0,6.3528288380164234e-09,-5.3223788355346265e-12
1409,84600.0,84600,1.692418287976592e-06,1.6924129387949366e-06,1.001252751612324e-05,0.0,1.839601399927245e-06,1.4718846280170847e-07,0.0,6.352823629827754e-09,-5.347498533345522e-12
1410,84660.0,84660,1.6909804409408386e-06,1.6909750675901328e-06,1.0036135080518225e-05,0.0,1.838176044851059e-06,1.472009789610844e-07,0.0,6.352818494409653e-09,-5.371681074450823e-12
1411,84720.0,84720,1.6895517149967766e-06,1.6895463183665499e-06,1.0059722242731116e-05,0.0,1.8367597580233886e-06,1.4721344126393723e-07,0.0,6.352813443813972e-09,-5.394851404040695e-12
1412,84780.0,84780,1.6881320081973621e-06,1.6881265895052903e-06,1.0083289132135285e-05,0.0,1.8353524377419987e-06,1.472258499523131e-07,0.0,6.352808491389055e-09,-5.417004307149685e-12
1413,84840.0,84840,1.6867212166499195e-06,1.6867157767532022e-06,1.0106835876657532e-05,0.0,1.833953980287613e-06,1.4723820527951437e-07,0.0,6.352803650619248e-09,-5.438223892371068e-12
1414,84900.0,84900,1.6853192352328809e-06,1.6853137747798674e-06,1.0130362602752296e-05,0.0,1.832564280624437e-06,1.4725050751885444e-07,0.0,6.3527989336386805e-09,-5.458692850188245e-12
1415,84960.0,84960,1.683925958857465e-06,1.6839204784218468e-06,1.0153869435381768e-05,0.0,1.831183233698455e-06,1.472627569773771e-07,0.0,6.352794349593571e-09,-5.478686595159505e-12
1416,85020.0,85020,1.6825412842934554e-06,1.6825357839942997e-06,1.0177356498013147e-05,0.0,1.8298107363080504e-06,1.4727495401693517e-07,0.0,6.352789903102776e-09,-5.498535384811674e-12
1417,85080.0,85080,1.681165112370349e-06,1.681159592073362e-06,1.0200823912646146e-05,0.0,1.8284466894404616e-06,1.4728709908562405e-07,0.0,6.352785593352657e-09,-5.518535540797548e-12
1418,85140.0,85140,1.6797973501491967e-06,1.6797918096354795e-06,1.0224271799871666e-05,0.0,1.827091000641993e-06,1.4729919276227998e-07,0.0,6.352781414675682e-09,-5.5387726538597776e-12
1419,85200.0,85200,1.6784379121605045e-06,1.678432351544607e-06,1.024770027895899e-05,0.0,1.8257435856390018e-06,1.4731123581819292e-07,0.0,6.3527773600761104e-09,-5.55882792772338e-12
1420,85260.0,85260,1.6770867192711878e-06,1.6770811400711446e-06,1.0271109467972007e-05,0.0,1.8244043676514335e-06,1.4732322930348736e-07,0.0,6.352773429656143e-09,-5.5773948142411416e-12
1421,85320.0,85320,1.6757436929854733e-06,1.6757380987034723e-06,1.0294499483868992e-05,0.0,1.823073271703136e-06,1.4733517468017371e-07,0.0,6.3527696454322475e-09,-5.592419778617197e-12
1422,85380.0,85380,1.6744087437728075e-06,1.674403134977414e-06,1.0317870442522002e-05,0.0,1.821750207280437e-06,1.4734707409334783e-07,0.0,6.352766063812474e-09,-5.607026781989664e-12
1423,85440.0,85440,1.6730817665141605e-06,1.6730760806237364e-06,1.0341222458484511e-05,0.0,1.8204350100314039e-06,1.4735893124315495e-07,0.0,6.352762689329637e-09,-5.684151563379529e-12
1424,85500.0,85500,1.6717627898402125e-06,1.6717563870800792e-06,1.0364555643919108e-05,0.0,1.8191271408640332e-06,1.473707555405514e-07,0.0,6.3527584777930045e-09,-6.400926359748512e-12
1425,85560.0,85560,1.6704535613890737e-06,1.6704409576962924e-06,1.038787010319733e-05,0.0,1.817823542812439e-06,1.4738258692423492e-07,0.0,6.352742766244979e-09,-1.2601895775988542e-11
1426,85620.0,85620,1.6691714113309017e-06,1.6691068073178255e-06,1.04111658967141e-05,0.0,1.8165014702356845e-06,1.4739466472829495e-07,0.0,6.352624148473876e-09,-6.460220358130433e-11
1427,85680.0,85680,1.668066931844975e-06,1.6675675151025993e-06,1.0434442758648464e-05,0.0,1.8149761887039644e-06,1.4740867539904284e-07,0.0,6.351639291415434e-09,-4.994149059845872e-10
1428,85740.0,85740,1.6684236565940113e-06,1.6642699762493214e-06,1.0457697777998713e-05,0.0,1.8117074557794312e-06,1.474374813324377e-07,0.0,6.343407923033447e-09,-4.153678507069278e-09
1429,85800.0,85800,1.6814411890180555e-06,1.6461070166773043e-06,1.0480906009292586e-05,0.0,1.7936921999730912e-06,1.4758518510988174e-07,0.0,6.274272119861061e-09,-3.533417056623564e-08
1430,85860.0,85860,1.8359010664990374e-06,1.4947655047131288e-06,1.0503856561831297e-05,0.0,1.643655282224859e-06,1.488897790360055e-07,0.0,5.685459152765847e-09,-3.4113556030667536e-07
1431,,85920,,,,,,,,,
