,time,time_x,P_Grid,P_BTMS,E_BTMS,P_Charge,P_BTMS_Ch,P_BTMS_DCh,"param: btms size, a,b_sys,b_cap,b_loan,c"
0,60.0,60,18.836689724025717,18.836689724025717,78.06371989547989,0.0,18.836689734618236,-1.059251935869305e-08,251.90933043316755
1,120.0,120,18.8366897240242,18.8366897240242,78.3305729998771,0.0,18.836689734616737,-1.059253697993273e-08,0.5917808219178082
2,180.0,180,18.836689724022694,18.836689724022694,78.5974261042743,0.0,18.836689734615245,-1.0592554863542155e-08,0.04323985936321764
3,240.0,240,18.83668972402119,18.83668972402119,78.86427920867148,0.0,18.836689734613763,-1.0592573012743328e-08,0.023148148148148147
4,300.0,300,18.8366897240197,18.8366897240197,79.13113231306863,0.0,18.83668973461229,-1.0592591430692392e-08,0.009341992564003648
5,360.0,360,18.83668972401821,18.83668972401821,79.39798541746576,0.0,18.83668973461082,-1.0592610120473965e-08,0.12
6,420.0,420,18.836689724016736,18.836689724016736,79.66483852186288,0.0,18.836689734609365,-1.0592629085108105e-08,0.0
7,480.0,480,18.836689724015265,18.836689724015265,79.93169162625996,0.0,18.836689734607912,-1.0592648327545825e-08,0.0
8,540.0,540,18.836689724013805,18.836689724013805,80.19854473065702,0.0,18.836689734606473,-1.0592667850675613e-08,0.0
9,600.0,600,18.836689724012352,18.836689724012352,80.46539783505408,0.0,18.836689734605038,-1.0592687657318791e-08,0.0
10,660.0,660,18.836689724010903,18.836689724010903,80.7322509394511,0.0,18.836689734603613,-1.0592707750231119e-08,0.0
11,720.0,720,18.836689724009467,18.836689724009467,80.9991040438481,0.0,18.836689734602192,-1.0592728132109178e-08,0.0
12,780.0,780,18.836689724008036,18.836689724008036,81.26595714824509,0.0,18.836689734600785,-1.0592748805582095e-08,0.0
13,840.0,840,18.836689724006614,18.836689724006614,81.53281025264207,0.0,18.836689734599386,-1.059276977321779e-08,0.0
14,900.0,900,18.8366897240052,18.8366897240052,81.79966335703901,0.0,18.83668973459799,-1.0592791037521522e-08,0.0
15,960.0,960,18.83668972400379,18.83668972400379,82.06651646143592,0.0,18.836689734596604,-1.0592812600940977e-08,0.0
16,1020.0,1020,18.83668972400239,18.83668972400239,82.33336956583284,0.0,18.83668973459523,-1.0592834465857982e-08,0.0
17,1080.0,1080,18.836689724001,18.836689724001,82.60022267022973,0.0,18.836689734593858,-1.0592856634599411e-08,0.0
18,1140.0,1140,18.83668972399962,18.83668972399962,82.86707577462658,0.0,18.836689734592497,-1.0592879109425695e-08,0.0
19,1200.0,1200,18.836689723998244,18.836689723998244,83.13392887902343,0.0,18.836689734591143,-1.059290189254522e-08,0.0
20,1260.0,1260,18.836689723996873,18.836689723996873,83.40078198342026,0.0,18.8366897345898,-1.0592924986104582e-08,0.0
21,1320.0,1320,18.836689723995516,18.836689723995516,83.66763508781708,0.0,18.836689734588465,-1.059294839219004e-08,0.0
22,1380.0,1380,18.836689723994162,18.836689723994162,83.93448819221386,0.0,18.836689734587136,-1.0592972112833923e-08,0.0
23,1440.0,1440,18.83668972399282,18.83668972399282,84.20134129661062,0.0,18.836689734585814,-1.0592996150010542e-08,0.0
24,1500.0,1500,18.836689723991483,18.836689723991483,84.46819440100738,0.0,18.836689734584503,-1.0593020505634027e-08,0.0
25,1560.0,1560,18.836689723990155,18.836689723990155,84.73504750540411,0.0,18.8366897345832,-1.0593045181566022e-08,0.0
26,1620.0,1620,18.836689723988837,18.836689723988837,85.00190060980081,0.0,18.836689734581906,-1.0593070179609436e-08,0.0
27,1680.0,1680,18.836689723987522,18.836689723987522,85.26875371419752,0.0,18.836689734580617,-1.0593095501511638e-08,0.0
28,1740.0,1740,18.83668972398622,18.83668972398622,85.5356068185942,0.0,18.836689734579338,-1.059312114896737e-08,0.0
29,1800.0,1800,18.83668972398492,18.83668972398492,85.80245992299085,0.0,18.83668973457807,-1.0593147123612205e-08,0.0
30,1860.0,1860,18.836689723983632,18.836689723983632,86.0693130273875,0.0,18.836689734576805,-1.0593173427029667e-08,0.0
31,1920.0,1920,18.836689723982353,18.836689723982353,86.33616613178411,0.0,18.83668973457555,-1.0593200060748177e-08,0.0
32,1980.0,1980,18.836689723981078,18.836689723981078,86.60301923618071,0.0,18.836689734574303,-1.0593227026239751e-08,0.0
33,2040.0,2040,18.836689723979813,18.836689723979813,86.86987234057729,0.0,18.836689734573067,-1.0593254324926245e-08,0.0
34,2100.0,2100,18.836689723978555,18.836689723978555,87.13672544497386,0.0,18.836689734571838,-1.0593281958172816e-08,0.0
35,2160.0,2160,18.836689723977308,18.836689723977308,87.4035785493704,0.0,18.836689734570616,-1.0593309927292717e-08,0.0
36,2220.0,2220,18.836689723976065,18.836689723976065,87.67043165376694,0.0,18.836689734569404,-1.059333823354425e-08,0.0
37,2280.0,2280,18.836689723974835,18.836689723974835,87.93728475816344,0.0,18.8366897345682,-1.0593366878133228e-08,0.0
38,2340.0,2340,18.836689723973606,18.836689723973606,88.20413786255995,0.0,18.836689734567003,-1.0593395862213566e-08,0.0
39,2400.0,2400,18.83668972397239,18.83668972397239,88.47099096695644,0.0,18.836689734565816,-1.0593425186884513e-08,0.0
40,2460.0,2460,18.836689723971183,18.836689723971183,88.7378440713529,0.0,18.836689734564636,-1.0593454853194725e-08,0.0
41,2520.0,2520,18.83668972396998,18.83668972396998,89.00469717574933,0.0,18.836689734563464,-1.0593484862137467e-08,0.0
42,2580.0,2580,18.83668972396879,18.83668972396879,89.27155028014575,0.0,18.836689734562302,-1.0593515214656424e-08,0.0
43,2640.0,2640,18.836689723967602,18.836689723967602,89.53840338454216,0.0,18.836689734561148,-1.059354591164004e-08,0.0
44,2700.0,2700,18.836689723966426,18.836689723966426,89.80525648893857,0.0,18.83668973456,-1.059357695392631e-08,0.0
45,2760.0,2760,18.836689723965257,18.836689723965257,90.07210959333493,0.0,18.836689734558863,-1.0593608342301617e-08,0.0
46,2820.0,2820,18.836689723964096,18.836689723964096,90.3389626977313,0.0,18.836689734557737,-1.0593640077496513e-08,0.0
47,2880.0,2880,18.836689723962944,18.836689723962944,90.60581580212762,0.0,18.836689734556614,-1.0593672160193144e-08,0.0
48,2940.0,2940,18.836689723961797,18.836689723961797,90.87266890652396,0.0,18.836689734555502,-1.0593704591018985e-08,0.0
49,3000.0,3000,18.83668972396066,18.83668972396066,91.13952201092026,0.0,18.836689734554398,-1.0593737370550484e-08,0.0
50,3060.0,3060,18.83668972395953,18.83668972395953,91.40637511531655,0.0,18.836689734553303,-1.059377049931277e-08,0.0
51,3120.0,3120,18.83668972395841,18.83668972395841,91.67322821971283,0.0,18.836689734552216,-1.0593803977774852e-08,0.0
52,3180.0,3180,18.8366897239573,18.8366897239573,91.9400813241091,0.0,18.836689734551136,-1.0593837806357325e-08,0.0
53,3240.0,3240,18.836689723956194,18.836689723956194,92.20693442850532,0.0,18.836689734550067,-1.0593871985424958e-08,0.0
54,3300.0,3300,18.836689723955097,18.836689723955097,92.47378753290158,0.0,18.836689734549005,-1.059390651529338e-08,0.0
55,3360.0,3360,18.83668972395401,18.83668972395401,92.74064063729779,0.0,18.83668973454795,-1.0593941396222393e-08,0.0
56,3420.0,3420,18.83668972395293,18.83668972395293,93.007493741694,0.0,18.836689734546905,-1.0593976628422223e-08,0.0
57,3480.0,3480,18.836689723951856,18.836689723951856,93.27434684609017,0.0,18.836689734545867,-1.0594012212045812e-08,0.0
58,3540.0,3540,18.836689723950794,18.836689723950794,93.54119995048634,0.0,18.83668973454484,-1.0594048147196384e-08,0.0
59,3600.0,3600,18.83668972394974,18.83668972394974,93.80805305488249,0.0,18.83668973454382,-1.0594084433922789e-08,0.0
60,3660.0,3660,18.836689723948687,18.836689723948687,94.07490615927863,0.0,18.836689734542812,-1.0594121072220662e-08,0.0
61,3720.0,3720,18.83668972394765,18.83668972394765,94.34175926367475,0.0,18.836689734541807,-1.0594158062032289e-08,0.0
62,3780.0,3780,18.83668972394662,18.83668972394662,94.60861236807085,0.0,18.836689734540816,-1.0594195403246305e-08,0.0
63,3840.0,3840,18.836689723945597,18.836689723945597,94.87546547246693,0.0,18.836689734539828,-1.0594233095693481e-08,0.0
64,3900.0,3900,18.83668972394458,18.83668972394458,95.142318576863,0.0,18.83668973453885,-1.0594271139157054e-08,0.0
65,3960.0,3960,18.836689723943575,18.836689723943575,95.40917168125908,0.0,18.836689734537885,-1.0594309533360206e-08,0.0
66,4020.0,4020,18.836689723942573,18.836689723942573,95.67602478565513,0.0,18.83668973453692,-1.0594348277971175e-08,0.0
67,4080.0,4080,18.836689723941586,18.836689723941586,95.94287789005115,0.0,18.83668973453597,-1.0594387372608619e-08,0.0
68,4140.0,4140,18.8366897239406,18.8366897239406,96.20973099444718,0.0,18.836689734535028,-1.059442681682955e-08,0.0
69,4200.0,4200,18.836689723939628,18.836689723939628,96.47658409884319,0.0,18.836689734534094,-1.0594466610138644e-08,0.0
70,4260.0,4260,18.83668972393866,18.83668972393866,96.74343720323918,0.0,18.83668973453317,-1.0594506751981555e-08,0.0
71,4320.0,4320,18.836689723937706,18.836689723937706,97.01029030763516,0.0,18.83668973453225,-1.0594547241754063e-08,0.0
72,4380.0,4380,18.836689723936754,18.836689723936754,97.27714341203112,0.0,18.836689734531344,-1.059458807878813e-08,0.0
73,4440.0,4440,18.836689723935812,18.836689723935816,97.54399651642707,0.0,18.836689734530445,-1.0594629262359453e-08,0.0
74,4500.0,4500,18.83668972393488,18.83668972393488,97.810849620823,0.0,18.83668973452955,-1.0594670791689934e-08,0.0
75,4560.0,4560,18.836689723933958,18.836689723933958,98.07770272521893,0.0,18.83668973452867,-1.0594712665943035e-08,0.0
76,4620.0,4620,18.83668972393304,18.83668972393304,98.34455582961483,0.0,18.836689734527795,-1.0594754884218682e-08,0.0
77,4680.0,4680,18.836689723932132,18.836689723932132,98.61140893401073,0.0,18.836689734526928,-1.059479744556708e-08,0.0
78,4740.0,4740,18.836689723931233,18.836689723931233,98.8782620384066,0.0,18.83668973452607,-1.0594840348969961e-08,0.0
79,4800.0,4800,18.83668972393034,18.83668972393034,99.1451151428025,0.0,18.836689734525223,-1.0594883593356278e-08,0.0
80,4860.0,4860,18.83668972392946,18.83668972392946,99.41196824719835,0.0,18.836689734524384,-1.0594927177592327e-08,0.0
81,4920.0,4920,18.836689723928583,18.836689723928583,99.67882135159421,0.0,18.836689734523553,-1.0594971100484068e-08,0.0
82,4980.0,4980,18.836689723927716,18.836689723927716,99.94567445599003,0.0,18.836689734522732,-1.0595015360777274e-08,0.0
83,5040.0,5040,18.83668972392686,18.83668972392686,100.21252756038585,0.0,18.83668973452192,-1.059505995715418e-08,0.0
84,5100.0,5100,18.83668972392601,18.83668972392601,100.47938066478166,0.0,18.836689734521116,-1.0595104888239454e-08,0.0
85,5160.0,5160,18.83668972392517,18.83668972392517,100.74623376917745,0.0,18.836689734520316,-1.0595150152590742e-08,0.0
86,5220.0,5220,18.836689723924334,18.836689723924334,101.01308687357323,0.0,18.83668973451953,-1.059519574870506e-08,0.0
87,5280.0,5280,18.83668972392351,18.83668972392351,101.279939977969,0.0,18.83668973451875,-1.0595241675017643e-08,0.0
88,5340.0,5340,18.836689723922692,18.836689723922692,101.54679308236476,0.0,18.836689734517982,-1.0595287929895388e-08,0.0
89,5400.0,5400,18.836689723921886,18.836689723921886,101.81364618676052,0.0,18.83668973451722,-1.0595334511646317e-08,0.0
90,5460.0,5460,18.836689723921086,18.836689723921086,102.08049929115627,0.0,18.83668973451647,-1.0595381418507499e-08,0.0
91,5520.0,5520,18.836689723920294,18.836689723920294,102.347352395552,0.0,18.836689734515723,-1.0595428648654657e-08,0.0
92,5580.0,5580,18.836689723919513,18.836689723919513,102.6142054999477,0.0,18.83668973451499,-1.0595476200196055e-08,0.0
93,5640.0,5640,18.836689723918738,18.836689723918738,102.8810586043434,0.0,18.836689734514263,-1.0595524071172492e-08,0.0
94,5700.0,5700,18.836689723917974,18.836689723917974,103.14791170873909,0.0,18.836689734513545,-1.0595572259559934e-08,0.0
95,5760.0,5760,18.836689723917214,18.836689723917214,103.41476481313477,0.0,18.836689734512834,-1.0595620763262667e-08,0.0
96,5820.0,5820,18.836689723916464,18.836689723916464,103.68161791753043,0.0,18.836689734512134,-1.059566958011825e-08,0.0
97,5880.0,5880,18.836689723915725,18.836689723915725,103.9484710219261,0.0,18.83668973451144,-1.0595718707897799e-08,0.0
98,5940.0,5940,18.836689739020567,-281.1633102609795,104.21532412632175,300.0,1.0492217585032255e-08,-281.1633102714717,0.0
99,6000.0,6000,18.836689739020542,-281.1633102609795,99.5292689552792,300.0,1.0492253503799784e-08,-281.1633102714718,0.0
100,6060.0,6060,18.836689739020493,-281.16331026097953,94.84321378423664,300.0,1.0492296014628951e-08,-281.1633102714718,0.0
101,6120.0,6120,18.836689739056915,-431.1633102609431,90.1571586131941,450.0,1.0479677245799224e-08,-431.16331027142274,0.0
102,6180.0,6180,18.83668973905675,-431.16331026094326,82.97110344215217,450.0,1.0479716500847087e-08,-431.163310271423,0.0
103,6240.0,6240,18.836689739056563,-431.1633102609434,75.78504827111026,450.0,1.047976437827727e-08,-431.1633102714232,0.0
104,6300.0,6300,18.836689739056343,-431.16331026094366,68.59899310006833,450.0,1.0479821596725862e-08,-431.1633102714235,0.0
105,6360.0,6360,18.836689739056094,-431.16331026094394,61.412937929026405,450.0,1.0479889124482527e-08,-431.1633102714238,0.0
106,6420.0,6420,18.836689739055807,-431.1633102609442,54.226882757984484,450.0,1.0479968290191499e-08,-431.1633102714242,0.0
107,6480.0,6480,18.83668973905548,-431.16331026094457,47.04082758694254,450.0,1.0480060971944523e-08,-431.1633102714246,0.0
108,6540.0,6540,18.836689739055092,-431.1633102609449,39.8547724159006,450.0,1.0480169947804266e-08,-431.16331027142513,0.0
109,6600.0,6600,18.836689739042257,-396.1633102609577,32.66871724485865,414.9999999999999,1.0482469155354165e-08,-396.16331027144014,0.0
110,6660.0,6660,18.836689739015718,-131.1633102609843,26.065995407149813,150.0,1.0511496007015974e-08,-131.1633102714958,0.0
111,6720.0,6720,18.836689739015693,-131.16331026098433,23.87994023610713,150.0,1.0511752288209102e-08,-131.16331027149604,0.0
112,6780.0,6780,18.83668973901566,-131.16331026098433,21.69388506506445,150.0,1.0512024729536917e-08,-131.16331027149636,0.0
113,6840.0,6840,18.836689739015615,-131.1633102609844,19.507829894021764,150.0,1.051231506249398e-08,-131.1633102714967,0.0
114,6900.0,6900,18.83668973901555,-131.16331026098445,17.32177472297908,150.0,1.0512624918875523e-08,-131.1633102714971,0.0
115,6960.0,6960,18.83668973901546,-131.16331026098456,15.135719551936393,150.0,1.0512954928173484e-08,-131.1633102714975,0.0
116,7020.0,7020,18.836689739015345,-131.16331026098467,12.9496643808937,150.0,1.0513301834780291e-08,-131.16331027149798,0.0
117,7080.0,7080,18.83668973901524,-131.16331026098476,10.76360920985101,150.0,1.0513649150485895e-08,-131.16331027149843,0.0
118,7140.0,7140,18.836689739015288,-131.16331026098473,8.577554038808312,150.0,1.0513934638517754e-08,-131.16331027149866,0.0
119,7200.0,7200,18.836689739016073,-131.16331026098396,6.391498867765618,150.0,1.0513922555502844e-08,-131.16331027149786,0.0
120,7260.0,7260,18.83668973902026,-131.16331026097976,4.205443696722934,150.0,1.0512604132273566e-08,-131.16331027149238,0.0
121,7320.0,7320,18.836689739045838,-121.16331026095432,2.0193885256803252,140.00000000000014,1.0509280079550222e-08,-121.1633102714636,0.0
122,7380.0,7380,18.83668970778894,18.83668970778894,2.1304815492242942e-08,0.0,18.836689718734153,-1.094521663134856e-08,0.0
123,7440.0,7440,18.836689710586587,18.836689710586587,0.26685312547112416,0.0,18.836689721515476,-1.0928888258796642e-08,0.0
124,7500.0,7500,18.83668971175873,18.83668971175873,0.5337062296771079,0.0,18.836689722679054,-1.0920323828472884e-08,0.0
125,7560.0,7560,18.836689712314595,18.836689712314595,0.8005593338997197,0.0,18.83668972322445,-1.0909855451811263e-08,0.0
126,7620.0,7620,18.836689712689363,18.836689712689363,1.0674124381302332,0.0,18.836689723588325,-1.0898963016223113e-08,0.0
127,7680.0,7680,18.83668971300434,18.83668971300434,1.3342655423660834,0.0,18.836689723893205,-1.0888865327811426e-08,0.0
128,7740.0,7740,18.8366897132871,18.8366897132871,1.6011186466064218,0.0,18.83668972416714,-1.0880041096490761e-08,0.0
129,7800.0,7800,18.836689713541773,18.836689713541773,1.867971750850788,0.0,18.836689724414335,-1.0872562948428024e-08,0.0
130,7860.0,7860,18.836689713768436,18.836689713768436,2.1348248550987807,0.0,18.836689724634766,-1.0866328447888382e-08,0.0
131,7920.0,7920,18.8366897139676,18.8366897139676,2.4016779593500006,0.0,18.836689724828776,-1.086117613067554e-08,0.0
132,7980.0,7980,18.83668971414076,18.83668971414076,2.668531063604055,0.0,18.836689724997697,-1.0856937691465907e-08,0.0
133,8040.0,8040,18.836689714290085,18.836689714290085,2.935384167860573,0.0,18.836689725143543,-1.0853459052163797e-08,0.0
134,8100.0,8100,18.836689714418036,18.836689714418036,3.202237272119215,0.0,18.83668972526864,-1.0850607086634629e-08,0.0
135,8160.0,8160,18.836689714527107,18.836689714527107,3.4690903763796768,0.0,18.83668972537538,-1.0848270083738465e-08,0.0
136,8220.0,8220,18.836689714619673,18.836689714619673,3.7359434806416902,0.0,18.836689725466027,-1.0846355733713676e-08,0.0
137,8280.0,8280,18.836689714697894,18.836689714697894,4.0027965849050196,0.0,18.836689725542684,-1.084478836183296e-08,0.0
138,8340.0,8340,18.836689714763715,18.836689714763715,4.26964968916946,0.0,18.83668972560722,-1.0843506157242785e-08,0.0
139,8400.0,8400,18.83668971481883,18.83668971481883,4.536502793434838,0.0,18.83668972566129,-1.0842458688605257e-08,0.0
140,8460.0,8460,18.83668971486473,18.83668971486473,4.803355897700999,0.0,18.836689725706332,-1.0841604790190158e-08,0.0
141,8520.0,8520,18.83668971490269,18.83668971490269,5.070209001967811,0.0,18.8366897257436,-1.0840910811995827e-08,0.0
142,8580.0,8580,18.836689714933822,18.836689714933822,5.337062106235164,0.0,18.836689725774168,-1.0840349192885193e-08,0.0
143,8640.0,8640,18.83668971495907,18.83668971495907,5.603915210502959,0.0,18.83668972579897,-1.083989730661152e-08,0.0
144,8700.0,8700,18.836689714979258,18.836689714979258,5.870768314771112,0.0,18.836689725818793,-1.0839536532231593e-08,0.0
145,8760.0,8760,18.836689714995078,18.836689714995078,6.137621419039553,0.0,18.83668972583433,-1.0839251506374922e-08,0.0
146,8820.0,8820,18.836689715007136,18.836689715007136,6.404474523308218,0.0,18.836689725846163,-1.0839029521653922e-08,0.0
147,8880.0,8880,18.836689715015943,18.836689715015943,6.671327627577055,0.0,18.836689725854804,-1.0838860042023834e-08,0.0
148,8940.0,8940,18.836689715021944,18.836689715021944,6.938180731846017,0.0,18.83668972586068,-1.0838734311578383e-08,0.0
149,9000.0,9000,18.836689715025525,18.836689715025525,7.205033836115063,0.0,18.836689725864172,-1.0838645037999441e-08,0.0
150,9060.0,9060,18.836689715027006,18.836689715027006,7.471886940384161,0.0,18.836689725865593,-1.0838586135710144e-08,0.0
151,9120.0,9120,18.836689715026676,18.836689715026676,7.738740044653281,0.0,18.83668972586523,-1.0838552516880875e-08,0.0
152,9180.0,9180,18.836689715024775,18.836689715024775,8.005593148922395,0.0,18.836689725863316,-1.0838539920856061e-08,0.0
153,9240.0,9240,18.83668971502152,18.83668971502152,8.272446253191484,0.0,18.836689725860065,-1.0838544774523936e-08,0.0
154,9300.0,9300,18.83668971501709,18.83668971501709,8.539299357460527,0.0,18.836689725855653,-1.0838564077686123e-08,0.0
155,9360.0,9360,18.836689715011644,18.836689715011644,8.806152461729505,0.0,18.83668972585024,-1.0838595308664529e-08,0.0
156,9420.0,9420,18.836689715005317,18.836689715005317,9.073005565998407,0.0,18.836689725843954,-1.0838636346352065e-08,0.0
157,9480.0,9480,18.836689714998233,18.836689714998233,9.33985867026722,0.0,18.83668972583692,-1.0838685405668058e-08,0.0
158,9540.0,9540,18.8366897149905,18.8366897149905,9.606711774535933,0.0,18.83668972582924,-1.0838740983972008e-08,0.0
159,9600.0,9600,18.836689714982192,18.836689714982192,9.873564878804535,0.0,18.836689725820996,-1.0838801816443886e-08,0.0
160,9660.0,9660,18.836689714973406,18.836689714973406,10.14041798307302,0.0,18.836689725812274,-1.0838866838860291e-08,0.0
161,9720.0,9720,18.8366897149642,18.8366897149642,10.407271087341378,0.0,18.83668972580314,-1.0838935156448949e-08,0.0
162,9780.0,9780,18.836689714954645,18.836689714954645,10.674124191609605,0.0,18.83668972579365,-1.0839006017774102e-08,0.0
163,9840.0,9840,18.836689714944782,18.836689714944782,10.940977295877701,0.0,18.83668972578386,-1.0839078792810254e-08,0.0
164,9900.0,9900,18.836689714934664,18.836689714934664,11.207830400145653,0.0,18.836689725773816,-1.0839152954453385e-08,0.0
165,9960.0,9960,18.83668971492433,18.83668971492433,11.474683504413463,0.0,18.836689725763556,-1.0839228062953517e-08,0.0
166,10020.0,10020,18.836689714913813,18.836689714913813,11.741536608681129,0.0,18.836689725753118,-1.0839303752734616e-08,0.0
167,10080.0,10080,18.836689714903148,18.836689714903148,12.008389712948642,0.0,18.836689725742527,-1.0839379721244808e-08,0.0
168,10140.0,10140,18.836689714892362,18.836689714892362,12.275242817216006,0.0,18.836689725731816,-1.0839455719504947e-08,0.0
169,10200.0,10200,18.836689714881473,18.836689714881473,12.542095921483217,0.0,18.836689725721005,-1.0839531544074555e-08,0.0
170,10260.0,10260,18.83668971487051,18.83668971487051,12.808949025750271,0.0,18.836689725710116,-1.0839607030218614e-08,0.0
171,10320.0,10320,18.836689714859485,18.836689714859485,13.075802130017173,0.0,18.83668972569917,-1.0839682046094533e-08,0.0
172,10380.0,10380,18.836689714848422,18.836689714848422,13.342655234283917,0.0,18.836689725688178,-1.0839756487792952e-08,0.0
173,10440.0,10440,18.836689714837327,18.836689714837327,13.609508338550505,0.0,18.836689725677157,-1.0839830275097607e-08,0.0
174,10500.0,10500,18.836689714826218,18.836689714826218,13.876361442816934,0.0,18.83668972566612,-1.0839903347875748e-08,0.0
175,10560.0,10560,18.8366897148151,18.8366897148151,14.143214547083206,0.0,18.836689725655077,-1.08399756629765e-08,0.0
176,10620.0,10620,18.836689714803992,18.836689714803992,14.41006765134932,0.0,18.83668972564404,-1.0840047191593456e-08,0.0
177,10680.0,10680,18.836689714792893,18.836689714792893,14.67692075561528,0.0,18.83668972563301,-1.08401179169868e-08,0.0
178,10740.0,10740,18.836689714781812,18.836689714781812,14.943773859881079,0.0,18.836689725622,-1.0840187832552748e-08,0.0
179,10800.0,10800,18.836689714770763,18.836689714770763,15.210626964146721,0.0,18.83668972561102,-1.0840256940150332e-08,0.0
180,10860.0,10860,18.836689714759743,18.836689714759743,15.477480068412207,0.0,18.836689725600067,-1.0840325248680397e-08,0.0
181,10920.0,10920,18.83668971474876,18.83668971474876,15.744333172677536,0.0,18.836689725589157,-1.0840392772862505e-08,0.0
182,10980.0,10980,18.836689714737822,18.836689714737822,16.01118627694271,0.0,18.836689725578278,-1.0840459532183504e-08,0.0
183,11040.0,11040,18.836689714726923,18.836689714726923,16.27803938120773,0.0,18.83668972556745,-1.084052555000691e-08,0.0
184,11100.0,11100,18.836689714716076,18.836689714716076,16.544892485472595,0.0,18.836689725556667,-1.0840590852795684e-08,0.0
185,11160.0,11160,18.83668971470528,18.83668971470528,16.811745589737303,0.0,18.836689725545934,-1.0840655469462795e-08,0.0
186,11220.0,11220,18.836689714694536,18.836689714694536,17.07859869400186,0.0,18.836689725535255,-1.0840719430805833e-08,0.0
187,11280.0,11280,18.83668971468385,18.83668971468385,17.345451798266268,0.0,18.83668972552463,-1.0840782769026068e-08,0.0
188,11340.0,11340,18.836689714673216,18.836689714673216,17.612304902530518,0.0,18.836689725514063,-1.0840845517323557e-08,0.0
189,11400.0,11400,18.83668971466264,18.83668971466264,17.879158006794622,0.0,18.836689725503547,-1.0840907709545611e-08,0.0
190,11460.0,11460,18.836689714652127,18.836689714652127,18.146011111058574,0.0,18.836689725493095,-1.0840969379897181e-08,0.0
191,11520.0,11520,18.836689714641672,18.836689714641672,18.412864215322376,0.0,18.8366897254827,-1.0841030562682522e-08,0.0
192,11580.0,11580,18.836689714631277,18.836689714631277,18.679717319586032,0.0,18.836689725472368,-1.0841091292108765e-08,0.0
193,11640.0,11640,18.836689714620945,18.836689714620945,18.94657042384954,0.0,18.836689725462097,-1.0841151602098822e-08,0.0
194,11700.0,11700,18.836689714610678,18.836689714610678,19.213423528112898,0.0,18.836689725451887,-1.0841211526149914e-08,0.0
195,11760.0,11760,18.836689714600467,18.836689714600467,19.480276632376118,0.0,18.836689725441737,-1.0841271097208844e-08,0.0
196,11820.0,11820,18.83668971459032,18.83668971459032,19.747129736639184,0.0,18.836689725431654,-1.0841330347575014e-08,0.0
197,11880.0,11880,18.83668971458024,18.83668971458024,20.013982840902113,0.0,18.83668972542163,-1.0841389308818726e-08,0.0
198,11940.0,11940,18.836689714570216,18.836689714570216,20.2808359451649,0.0,18.836689725411667,-1.0841448011718234e-08,0.0
199,12000.0,12000,18.836689714560258,18.836689714560258,20.547689049427536,0.0,18.836689725401765,-1.0841506486200709e-08,0.0
200,12060.0,12060,18.83668971455036,18.83668971455036,20.814542153690038,0.0,18.836689725391928,-1.0841564761312585e-08,0.0
201,12120.0,12120,18.836689714540526,18.836689714540526,21.0813952579524,0.0,18.83668972538215,-1.0841622865189175e-08,0.0
202,12180.0,12180,18.836689714530753,18.836689714530753,21.348248362214623,0.0,18.836689725372434,-1.0841680825024721e-08,0.0
203,12240.0,12240,18.836689714521043,18.836689714521043,21.615101466476702,0.0,18.83668972536278,-1.0841738667073849e-08,0.0
204,12300.0,12300,18.83668971451139,18.83668971451139,21.881954570738646,0.0,18.83668972535319,-1.0841796416634844e-08,0.0
205,12360.0,12360,18.8366897145018,18.8366897145018,22.148807675000455,0.0,18.836689725343653,-1.0841854098051692e-08,0.0
206,12420.0,12420,18.83668971449227,18.83668971449227,22.41566077926213,0.0,18.836689725334182,-1.0841911734718734e-08,0.0
207,12480.0,12480,18.836689714482798,18.836689714482798,22.682513883523665,0.0,18.836689725324767,-1.0841969349086763e-08,0.0
208,12540.0,12540,18.836689714473387,18.836689714473387,22.949366987785073,0.0,18.836689725315413,-1.0842026962674513e-08,0.0
209,12600.0,12600,18.836689714464033,18.836689714464033,23.216220092046335,0.0,18.836689725306115,-1.08420845960787e-08,0.0
210,12660.0,12660,18.83668971445474,18.83668971445474,23.483073196307473,0.0,18.83668972529688,-1.0842142268996395e-08,0.0
211,12720.0,12720,18.8366897144455,18.8366897144455,23.749926300568475,0.0,18.8366897252877,-1.0842200000233468e-08,0.0
212,12780.0,12780,18.836689714436318,18.836689714436318,24.01677940482935,0.0,18.83668972527858,-1.084225780772959e-08,0.0
213,12840.0,12840,18.836689714427195,18.836689714427195,24.28363250909009,0.0,18.836689725269512,-1.084231570857583e-08,0.0
214,12900.0,12900,18.836689714418128,18.836689714418128,24.550485613350705,0.0,18.8366897252605,-1.0842373719035283e-08,0.0
215,12960.0,12960,18.836689714409115,18.836689714409115,24.817338717611193,0.0,18.836689725251546,-1.0842431854564755e-08,0.0
216,13020.0,13020,18.836689714400155,18.836689714400155,25.08419182187155,0.0,18.836689725242646,-1.0842490129833936e-08,0.0
217,13080.0,13080,18.836689714391255,18.836689714391255,25.351044926131777,0.0,18.8366897252338,-1.0842548558753178e-08,0.0
218,13140.0,13140,18.836689714382405,18.836689714382405,25.61789803039188,0.0,18.83668972522501,-1.084260715448992e-08,0.0
219,13200.0,13200,18.836689714373605,18.836689714373605,25.88475113465186,0.0,18.836689725216274,-1.0842665929494127e-08,0.0
220,13260.0,13260,18.836689714364862,18.836689714364862,26.151604238911716,0.0,18.836689725207588,-1.084272489551894e-08,0.0
221,13320.0,13320,18.836689714356172,18.836689714356172,26.418457343171443,0.0,18.836689725198955,-1.0842784063645394e-08,0.0
222,13380.0,13380,18.83668971434753,18.83668971434753,26.685310447431053,0.0,18.836689725190375,-1.08428434442968e-08,0.0
223,13440.0,13440,18.83668971433894,18.83668971433894,26.95216355169053,0.0,18.83668972518184,-1.084290304727161e-08,0.0
224,13500.0,13500,18.8366897143304,18.8366897143304,27.219016655949897,0.0,18.836689725173365,-1.0842962881754465e-08,0.0
225,13560.0,13560,18.836689714321913,18.836689714321913,27.485869760209134,0.0,18.836689725164938,-1.084302295634091e-08,0.0
226,13620.0,13620,18.836689714313476,18.836689714313476,27.752722864468257,0.0,18.836689725156557,-1.0843083279059926e-08,0.0
227,13680.0,13680,18.836689714305084,18.836689714305084,28.01957596872726,0.0,18.836689725148226,-1.0843143857389635e-08,0.0
228,13740.0,13740,18.836689714296742,18.836689714296742,28.286429072986145,0.0,18.836689725139944,-1.0843204698279544e-08,0.0
229,13800.0,13800,18.836689714288447,18.836689714288447,28.553282177244906,0.0,18.836689725131713,-1.084326580816857e-08,0.0
230,13860.0,13860,18.8366897142802,18.8366897142802,28.820135281503553,0.0,18.836689725123527,-1.0843327193002047e-08,0.0
231,13920.0,13920,18.836689714272,18.836689714272,29.08698838576208,0.0,18.83668972511539,-1.0843388858251799e-08,0.0
232,13980.0,13980,18.836689714263848,18.836689714263848,29.353841490020496,0.0,18.8366897251073,-1.0843450808935177e-08,0.0
233,14040.0,14040,18.83668971425574,18.83668971425574,29.6206945942788,0.0,18.836689725099255,-1.0843513049626254e-08,0.0
234,14100.0,14100,18.83668971424768,18.83668971424768,29.887547698536977,0.0,18.836689725091254,-1.084357558448011e-08,0.0
235,14160.0,14160,18.836689714239665,18.836689714239665,30.154400802795045,0.0,18.836689725083303,-1.0843638417239655e-08,0.0
236,14220.0,14220,18.83668971423169,18.83668971423169,30.421253907052996,0.0,18.83668972507539,-1.0843701551260503e-08,0.0
237,14280.0,14280,18.836689714223763,18.836689714223763,30.688107011310837,0.0,18.83668972506753,-1.0843764989518957e-08,0.0
238,14340.0,14340,18.83668971421588,18.83668971421588,30.954960115568564,0.0,18.836689725059706,-1.084382873463062e-08,0.0
239,14400.0,14400,18.83668971420804,18.83668971420804,31.22181321982618,0.0,18.836689725051933,-1.0843892788863633e-08,0.0
240,14460.0,14460,18.83668971420024,18.83668971420024,31.488666324083685,0.0,18.8366897250442,-1.0843957154148547e-08,0.0
241,14520.0,14520,18.836689714192485,18.836689714192485,31.755519428341085,0.0,18.836689725036507,-1.0844021832098548e-08,0.0
242,14580.0,14580,18.83668971418477,18.83668971418477,32.02237253259837,0.0,18.83668972502886,-1.0844086824015257e-08,0.0
243,14640.0,14640,18.8366897141771,18.8366897141771,32.28922563685554,0.0,18.83668972502125,-1.0844152130907352e-08,0.0
244,14700.0,14700,18.83668971416947,18.83668971416947,32.55607874111261,0.0,18.836689725013688,-1.0844217753496952e-08,0.0
245,14760.0,14760,18.83668971416188,18.83668971416188,32.82293184536957,0.0,18.836689725006167,-1.0844283692234169e-08,0.0
246,14820.0,14820,18.836689714154332,18.836689714154332,33.08978494962642,0.0,18.83668972499868,-1.0844349947308438e-08,0.0
247,14880.0,14880,18.836689714146825,18.836689714146825,33.35663805388316,0.0,18.836689724991242,-1.0844416518655644e-08,0.0
248,14940.0,14940,18.836689714139354,18.836689714139354,33.62349115813979,0.0,18.836689724983838,-1.0844483405973969e-08,0.0
249,15000.0,15000,18.83668971413193,18.83668971413193,33.890344262396326,0.0,18.836689724976477,-1.0844550608731455e-08,0.0
250,15060.0,15060,18.836689714124535,18.836689714124535,34.15719736665275,0.0,18.83668972496915,-1.0844618126173119e-08,0.0
251,15120.0,15120,18.836689714117185,18.836689714117185,34.42405047090908,0.0,18.836689724961868,-1.0844685957334776e-08,0.0
252,15180.0,15180,18.83668971410987,18.83668971410987,34.690903575165294,0.0,18.836689724954624,-1.0844754101046812e-08,0.0
253,15240.0,15240,18.836689714102597,18.836689714102597,34.9577566794214,0.0,18.836689724947416,-1.0844822555948718e-08,0.0
254,15300.0,15300,18.836689714095357,18.836689714095357,35.224609783677415,0.0,18.83668972494025,-1.0844891320494049e-08,0.0
255,15360.0,15360,18.836689714088156,18.836689714088156,35.491462887933324,0.0,18.83668972493312,-1.0844960392957382e-08,0.0
256,15420.0,15420,18.836689714080997,18.836689714080997,35.758315992189125,0.0,18.836689724926025,-1.0845029771447272e-08,0.0
257,15480.0,15480,18.836689714073866,18.836689714073866,36.02516909644483,0.0,18.836689724918966,-1.0845099453905806e-08,0.0
258,15540.0,15540,18.83668971406678,18.83668971406678,36.29202220070043,0.0,18.83668972491195,-1.0845169438123583e-08,0.0
259,15600.0,15600,18.836689714059723,18.836689714059723,36.558875304955926,0.0,18.836689724904964,-1.0845239721742035e-08,0.0
260,15660.0,15660,18.836689714052707,18.836689714052707,36.82572840921133,0.0,18.83668972489802,-1.0845310302263175e-08,0.0
261,15720.0,15720,18.836689714045722,18.836689714045722,37.092581513466634,0.0,18.836689724891105,-1.0845381177051622e-08,0.0
262,15780.0,15780,18.836689714038776,18.836689714038776,37.35943461772183,0.0,18.836689724884227,-1.0845452343347843e-08,0.0
263,15840.0,15840,18.836689714031863,18.836689714031863,37.62628772197694,0.0,18.836689724877388,-1.0845523798265527e-08,0.0
264,15900.0,15900,18.83668971402499,18.83668971402499,37.89314082623194,0.0,18.83668972487058,-1.0845595538807724e-08,0.0
265,15960.0,15960,18.836689714018142,18.836689714018142,38.15999393048685,0.0,18.83668972486381,-1.0845667561859873e-08,0.0
266,16020.0,16020,18.836689714011335,18.836689714011335,38.42684703474166,0.0,18.836689724857074,-1.0845739864209276e-08,0.0
267,16080.0,16080,18.83668971400456,18.83668971400456,38.69370013899638,0.0,18.836689724850373,-1.0845812442537248e-08,0.0
268,16140.0,16140,18.836689713997817,18.836689713997817,38.96055324325099,0.0,18.836689724843705,-1.084588529343468e-08,0.0
269,16200.0,16200,18.83668971399111,18.83668971399111,39.227406347505514,0.0,18.83668972483707,-1.0845958413400865e-08,0.0
270,16260.0,16260,18.836689713984438,18.836689713984438,39.494259451759945,0.0,18.836689724830467,-1.0846031798847582e-08,0.0
271,16320.0,16320,18.836689713977794,18.836689713977794,39.761112556014275,0.0,18.8366897248239,-1.0846105446106785e-08,0.0
272,16380.0,16380,18.836689713971186,18.836689713971186,40.027965660268514,0.0,18.836689724817365,-1.0846179351436292e-08,0.0
273,16440.0,16440,18.836689713964606,18.836689713964606,40.29481876452266,0.0,18.836689724810864,-1.0846253511018894e-08,0.0
274,16500.0,16500,18.836689713958062,18.836689713958062,40.561671868776706,0.0,18.83668972480439,-1.0846327920971386e-08,0.0
275,16560.0,16560,18.83668971395155,18.83668971395155,40.82852497303066,0.0,18.836689724797953,-1.0846402577341932e-08,0.0
276,16620.0,16620,18.83668971394507,18.83668971394507,41.09537807728453,0.0,18.836689724791547,-1.0846477476123461e-08,0.0
277,16680.0,16680,18.83668971393862,18.83668971393862,41.3622311815383,0.0,18.836689724785174,-1.0846552613248268e-08,0.0
278,16740.0,16740,18.8366897139322,18.8366897139322,41.62908428579198,0.0,18.83668972477883,-1.0846627984596749e-08,0.0
279,16800.0,16800,18.836689713925814,18.836689713925814,41.895937390045574,0.0,18.83668972477252,-1.0846703585996817e-08,0.0
280,16860.0,16860,18.83668971391946,18.83668971391946,42.16279049429908,0.0,18.836689724766238,-1.0846779413233495e-08,0.0
281,16920.0,16920,18.83668971391313,18.83668971391313,42.42964359855248,0.0,18.836689724759985,-1.0846855462043689e-08,0.0
282,16980.0,16980,18.836689713906836,18.836689713906836,42.6964967028058,0.0,18.836689724753768,-1.084693172812606e-08,0.0
283,17040.0,17040,18.836689713900572,18.836689713900572,42.96334980705903,0.0,18.83668972474758,-1.084700820714264e-08,0.0
284,17100.0,17100,18.836689713894334,18.836689713894334,43.230202911312176,0.0,18.83668972474142,-1.0847084894715621e-08,0.0
285,17160.0,17160,18.83668971388813,18.83668971388813,43.49705601556523,0.0,18.836689724735294,-1.084716178644074e-08,0.0
286,17220.0,17220,18.836689713881952,18.836689713881952,43.763909119818194,0.0,18.836689724729194,-1.0847238877879127e-08,0.0
287,17280.0,17280,18.83668971387581,18.83668971387581,44.03076222407107,0.0,18.836689724723122,-1.0847316164567635e-08,0.0
288,17340.0,17340,18.836689713869692,18.836689713869692,44.297615328323865,0.0,18.836689724717083,-1.084739364201477e-08,0.0
289,17400.0,17400,18.836689713863603,18.836689713863603,44.564468432576575,0.0,18.836689724711075,-1.0847471305711443e-08,0.0
290,17460.0,17460,18.836689713857545,18.836689713857545,44.8313215368292,0.0,18.836689724705092,-1.084754915112414e-08,0.0
291,17520.0,17520,18.836689713851513,18.836689713851513,45.09817464108173,0.0,18.83668972469914,-1.0847627173702487e-08,0.0
292,17580.0,17580,18.836689713845512,18.836689713845512,45.36502774533416,0.0,18.83668972469322,-1.0847705368880548e-08,0.0
293,17640.0,17640,18.83668971383954,18.83668971383954,45.63188084958652,0.0,18.83668972468732,-1.0847783732076836e-08,0.0
294,17700.0,17700,18.836689713833593,18.836689713833593,45.89873395383879,0.0,18.836689724681456,-1.084786225869983e-08,0.0
295,17760.0,17760,18.836689713827674,18.836689713827674,46.16558705809098,0.0,18.836689724675615,-1.0847940944143905e-08,0.0
296,17820.0,17820,18.836689713821787,18.836689713821787,46.43244016234309,0.0,18.836689724669807,-1.084801978379995e-08,0.0
297,17880.0,17880,18.836689713815925,18.836689713815925,46.69929326659512,0.0,18.836689724664026,-1.0848098773046933e-08,0.0
298,17940.0,17940,18.83668971381009,18.83668971381009,46.96614637084705,0.0,18.83668972465827,-1.0848177907261345e-08,0.0
299,18000.0,18000,18.836689713804283,18.836689713804283,47.232999475098914,0.0,18.83668972465254,-1.0848257181815614e-08,0.0
300,18060.0,18060,18.836689713798506,18.836689713798506,47.49985257935069,0.0,18.836689724646842,-1.0848336592080272e-08,0.0
301,18120.0,18120,18.83668971379275,18.83668971379275,47.766705683602375,0.0,18.836689724641168,-1.0848416133422219e-08,0.0
302,18180.0,18180,18.836689713787028,18.836689713787028,48.03355878785399,0.0,18.836689724635523,-1.0848495801215477e-08,0.0
303,18240.0,18240,18.83668971378133,18.83668971378133,48.30041189210552,0.0,18.836689724629906,-1.0848575590827964e-08,0.0
304,18300.0,18300,18.836689713775655,18.836689713775655,48.56726499635697,0.0,18.83668972462431,-1.084865549763763e-08,0.0
305,18360.0,18360,18.83668971377001,18.836689713770014,48.834118100608336,0.0,18.836689724618747,-1.0848735517023294e-08,0.0
306,18420.0,18420,18.836689713764393,18.836689713764393,49.10097120485962,0.0,18.836689724613205,-1.084881564437032e-08,0.0
307,18480.0,18480,18.836689713758798,18.836689713758798,49.36782430911083,0.0,18.836689724607695,-1.0848895875071923e-08,0.0
308,18540.0,18540,18.83668971375323,18.83668971375323,49.63467741336196,0.0,18.83668972460221,-1.0848976204528437e-08,0.0
309,18600.0,18600,18.83668971374769,18.83668971374769,49.90153051761301,0.0,18.836689724596745,-1.0849056628148782e-08,0.0
310,18660.0,18660,18.836689713742174,18.836689713742174,50.16838362186398,0.0,18.836689724591313,-1.084913714135234e-08,0.0
311,18720.0,18720,18.836689713736686,18.836689713736686,50.435236726114866,0.0,18.836689724585902,-1.0849217739572304e-08,0.0
312,18780.0,18780,18.83668971373122,18.83668971373122,50.702089830365686,0.0,18.83668972458052,-1.0849298418247683e-08,0.0
313,18840.0,18840,18.836689713725782,18.836689713725782,50.968942934616415,0.0,18.83668972457516,-1.0849379172837844e-08,0.0
314,18900.0,18900,18.836689713720368,18.836689713720368,51.23579603886708,0.0,18.83668972456983,-1.0849459998808692e-08,0.0
315,18960.0,18960,18.83668971371498,18.83668971371498,51.502649143117665,0.0,18.836689724564522,-1.0849540891645905e-08,0.0
316,19020.0,19020,18.836689713709617,18.836689713709617,51.76950224736817,0.0,18.83668972455924,-1.0849621846847227e-08,0.0
317,19080.0,19080,18.836689713704278,18.836689713704278,52.0363553516186,0.0,18.83668972455398,-1.0849702859929448e-08,0.0
318,19140.0,19140,18.836689713698966,18.836689713698966,52.30320845586896,0.0,18.836689724548748,-1.0849783926423027e-08,0.0
319,19200.0,19200,18.836689713693673,18.836689713693673,52.57006156011924,0.0,18.83668972454354,-1.0849865041878046e-08,0.0
320,19260.0,19260,18.83668971368841,18.83668971368841,52.836914664369445,0.0,18.836689724538356,-1.0849946201863344e-08,0.0
321,19320.0,19320,18.836689713683167,18.836689713683167,53.103767768619576,0.0,18.836689724533198,-1.0850027401961422e-08,0.0
322,19380.0,19380,18.836689713677956,18.836689713677956,53.37062087286963,0.0,18.836689724528064,-1.0850108637781394e-08,0.0
323,19440.0,19440,18.836689713672765,18.836689713672765,53.63747397711961,0.0,18.83668972452295,-1.085018990494705e-08,0.0
324,19500.0,19500,18.836689713667596,18.836689713667596,53.90432708136952,0.0,18.836689724517864,-1.0850271199106172e-08,0.0
325,19560.0,19560,18.83668971366245,18.83668971366245,54.17118018561937,0.0,18.836689724512805,-1.0850352515923698e-08,0.0
326,19620.0,19620,18.836689713657332,18.836689713657332,54.438033289869125,0.0,18.836689724507764,-1.085043385108826e-08,0.0
327,19680.0,19680,18.836689713652234,18.836689713652234,54.70488639411881,0.0,18.83668972450275,-1.085051520031132e-08,0.0
328,19740.0,19740,18.83668971364716,18.83668971364716,54.97173949836843,0.0,18.83668972449776,-1.0850596559325855e-08,0.0
329,19800.0,19800,18.836689713642112,18.836689713642112,55.23859260261797,0.0,18.836689724492793,-1.0850677923884902e-08,0.0
330,19860.0,19860,18.83668971363709,18.83668971363709,55.50544570686744,0.0,18.836689724487847,-1.0850759289770287e-08,0.0
331,19920.0,19920,18.836689713632087,18.836689713632087,55.77229881111685,0.0,18.836689724482927,-1.0850840652782158e-08,0.0
332,19980.0,19980,18.83668971362711,18.83668971362711,56.039151915366176,0.0,18.836689724478028,-1.0850922008746823e-08,0.0
333,20040.0,20040,18.83668971362215,18.83668971362215,56.30600501961542,0.0,18.836689724473157,-1.0851003353516332e-08,0.0
334,20100.0,20100,18.83668971361722,18.83668971361722,56.57285812386461,0.0,18.836689724468304,-1.085108468296352e-08,0.0
335,20160.0,20160,18.83668971361231,18.83668971361231,56.83971122811372,0.0,18.836689724463476,-1.0851165992989863e-08,0.0
336,20220.0,20220,18.836689713607424,18.836689713607424,57.106564332362765,0.0,18.83668972445867,-1.08512472795201e-08,0.0
337,20280.0,20280,18.836689713602556,18.836689713602556,57.37341743661175,0.0,18.836689724453887,-1.0851328538505138e-08,0.0
338,20340.0,20340,18.836689713597718,18.836689713597718,57.64027054086067,0.0,18.836689724449126,-1.0851409765919582e-08,0.0
339,20400.0,20400,18.8366897135929,18.8366897135929,57.90712364510951,0.0,18.836689724444387,-1.0851490957767695e-08,0.0
340,20460.0,20460,18.836689713588104,18.836689713588104,58.17397674935829,0.0,18.836689724439672,-1.085157211007613e-08,0.0
341,20520.0,20520,18.83668971358333,18.83668971358333,58.440829853606985,0.0,18.83668972443498,-1.085165321889989e-08,0.0
342,20580.0,20580,18.836689713578576,18.836689713578576,58.70768295785563,0.0,18.83668972443031,-1.0851734280320872e-08,0.0
343,20640.0,20640,18.836689713573847,18.836689713573847,58.9745360621042,0.0,18.836689724425664,-1.0851815290447435e-08,0.0
344,20700.0,20700,18.83668971356914,18.83668971356914,59.241389166352704,0.0,18.836689724421035,-1.0851896245410909e-08,0.0
345,20760.0,20760,18.836689713564457,18.836689713564457,59.508242270601144,0.0,18.83668972441643,-1.085197714137664e-08,0.0
346,20820.0,20820,18.836689713559792,18.836689713559792,59.77509537484951,0.0,18.83668972441185,-1.085205797453179e-08,0.0
347,20880.0,20880,18.83668971355515,18.83668971355515,60.04194847909781,0.0,18.83668972440729,-1.0852138741093459e-08,0.0
348,20940.0,20940,18.83668971355053,18.83668971355053,60.308801583346046,0.0,18.83668972440275,-1.0852219437305069e-08,0.0
349,21000.0,21000,18.836689713545933,18.836689713545933,60.57565468759422,0.0,18.836689724398234,-1.0852300059435484e-08,0.0
350,21060.0,21060,18.836689713541357,18.836689713541357,60.84250779184232,0.0,18.836689724393736,-1.0852380603786422e-08,0.0
351,21120.0,21120,18.836689713536803,18.836689713536803,61.10936089609036,0.0,18.836689724389263,-1.0852461066681701e-08,0.0
352,21180.0,21180,18.83668971353227,18.83668971353227,61.37621400033834,0.0,18.83668972438481,-1.0852541444475959e-08,0.0
353,21240.0,21240,18.836689713527758,18.836689713527758,61.64306710458624,0.0,18.83668972438038,-1.085262173355233e-08,0.0
354,21300.0,21300,18.836689713523267,18.836689713523267,61.909920208834095,0.0,18.83668972437597,-1.0852701930318666e-08,0.0
355,21360.0,21360,18.836689713518798,18.836689713518798,62.17677331308188,0.0,18.83668972437158,-1.08527820312132e-08,0.0
356,21420.0,21420,18.83668971351435,18.83668971351435,62.4436264173296,0.0,18.83668972436721,-1.0852862032702081e-08,0.0
357,21480.0,21480,18.836689713509923,18.836689713509923,62.710479521577255,0.0,18.836689724362866,-1.0852941931277192e-08,0.0
358,21540.0,21540,18.836689713505518,18.836689713505518,62.97733262582485,0.0,18.83668972435854,-1.0853021723459343e-08,0.0
359,21600.0,21600,18.836689713501134,18.836689713501134,63.244185730072374,0.0,18.836689724354237,-1.08531014057993e-08,0.0
360,21660.0,21660,18.83668971349677,18.83668971349677,63.511038834319834,0.0,18.836689724349952,-1.085318097487428e-08,0.0
361,21720.0,21720,18.83668971349243,18.83668971349243,63.77789193856724,0.0,18.83668972434569,-1.0853260427288407e-08,0.0
362,21780.0,21780,18.836689713488106,18.836689713488106,64.04474504281458,0.0,18.836689724341444,-1.0853339759674871e-08,0.0
363,21840.0,21840,18.836689713483803,18.836689713483803,64.31159814706187,0.0,18.836689724337223,-1.0853418968695222e-08,0.0
364,21900.0,21900,18.836689713479522,18.836689713479522,64.5784512513091,0.0,18.836689724333024,-1.0853498051037167e-08,0.0
365,21960.0,21960,18.836689713475263,18.836689713475263,64.84530435555627,0.0,18.83668972432884,-1.0853577003419249e-08,0.0
366,22020.0,22020,18.836689713471024,18.836689713471024,65.11215745980337,0.0,18.836689724324682,-1.085365582258515e-08,0.0
367,22080.0,22080,18.836689713466804,18.836689713466804,65.3790105640504,0.0,18.83668972432054,-1.0853734505305454e-08,0.0
368,22140.0,22140,18.836689713462604,18.836689713462604,65.64586366829737,0.0,18.836689724316418,-1.0853813048383745e-08,0.0
369,22200.0,22200,18.836689713458426,18.836689713458426,65.9127167725443,0.0,18.83668972431232,-1.0853891448644402e-08,0.0
370,22260.0,22260,18.83668971345427,18.83668971345427,66.17956987679115,0.0,18.836689724308236,-1.0853969702944362e-08,0.0
371,22320.0,22320,18.83668971345013,18.83668971345013,66.44642298103795,0.0,18.83668972430418,-1.0854047808167028e-08,0.0
372,22380.0,22380,18.836689713446013,18.836689713446013,66.71327608528469,0.0,18.83668972430014,-1.0854125761220952e-08,0.0
373,22440.0,22440,18.836689713441917,18.836689713441917,66.98012918953138,0.0,18.83668972429612,-1.0854203559045073e-08,0.0
374,22500.0,22500,18.83668971343784,18.83668971343784,67.246982293778,0.0,18.83668972429212,-1.0854281198602605e-08,0.0
375,22560.0,22560,18.83668971343378,18.83668971343378,67.51383539802458,0.0,18.83668972428814,-1.0854358676888752e-08,0.0
376,22620.0,22620,18.83668971342974,18.83668971342974,67.78068850227109,0.0,18.836689724284177,-1.0854435990920666e-08,0.0
377,22680.0,22680,18.836689713425724,18.836689713425724,68.04754160651754,0.0,18.836689724280237,-1.0854513137746762e-08,0.0
378,22740.0,22740,18.836689713421727,18.836689713421727,68.31439471076393,0.0,18.836689724276315,-1.0854590114437257e-08,0.0
379,22800.0,22800,18.836689713417748,18.836689713417748,68.58124781501029,0.0,18.836689724272418,-1.0854666918095228e-08,0.0
380,22860.0,22860,18.83668971341379,18.83668971341379,68.84810091925655,0.0,18.836689724268535,-1.0854743545846867e-08,0.0
381,22920.0,22920,18.83668971340985,18.83668971340985,69.11495402350278,0.0,18.83668972426467,-1.0854819994844392e-08,0.0
382,22980.0,22980,18.83668971340593,18.83668971340593,69.38180712774896,0.0,18.83668972426083,-1.0854896262270549e-08,0.0
383,23040.0,23040,18.83668971340203,18.83668971340203,69.64866023199507,0.0,18.836689724257003,-1.0854972345329601e-08,0.0
384,23100.0,23100,18.836689713398155,18.836689713398155,69.91551333624112,0.0,18.8366897242532,-1.0855048241256489e-08,0.0
385,23160.0,23160,18.836689713394293,18.836689713394293,70.18236644048713,0.0,18.836689724249414,-1.0855123947308686e-08,0.0
386,23220.0,23220,18.83668971339045,18.83668971339045,70.44921954473308,0.0,18.836689724245648,-1.085519946077289e-08,0.0
387,23280.0,23280,18.83668971338663,18.83668971338663,70.71607264897897,0.0,18.836689724241904,-1.0855274778958329e-08,0.0
388,23340.0,23340,18.836689713382825,18.836689713382825,70.98292575322482,0.0,18.836689724238173,-1.085534989920375e-08,0.0
389,23400.0,23400,18.83668971337904,18.83668971337904,71.2497788574706,0.0,18.836689724234468,-1.0855424818870577e-08,0.0
390,23460.0,23460,18.836689713375275,18.836689713375275,71.51663196171633,0.0,18.836689724230776,-1.0855499535348292e-08,0.0
391,23520.0,23520,18.83668971337153,18.83668971337153,71.78348506596201,0.0,18.836689724227107,-1.0855574046050367e-08,0.0
392,23580.0,23580,18.836689713367804,18.836689713367804,72.05033817020764,0.0,18.836689724223454,-1.0855648348414405e-08,0.0
393,23640.0,23640,18.8366897133641,18.8366897133641,72.3171912744532,0.0,18.83668972421982,-1.0855722439907237e-08,0.0
394,23700.0,23700,18.83668971336041,18.83668971336041,72.58404437869872,0.0,18.836689724216207,-1.085579631801546e-08,0.0
395,23760.0,23760,18.83668971335674,18.83668971335674,72.85089748294419,0.0,18.83668972421261,-1.085586998025635e-08,0.0
396,23820.0,23820,18.836689713353092,18.836689713353092,73.1177505871896,0.0,18.836689724209037,-1.0855943424165502e-08,0.0
397,23880.0,23880,18.83668971334946,18.83668971334946,73.38460369143496,0.0,18.836689724205478,-1.0856016647308314e-08,0.0
398,23940.0,23940,18.836689713345848,18.836689713345848,73.65145679568028,0.0,18.83668972420194,-1.0856089647272717e-08,0.0
399,24000.0,24000,18.836689713342256,18.836689713342256,73.91830989992553,0.0,18.83668972419842,-1.0856162421671796e-08,0.0
400,24060.0,24060,18.83668971333868,18.83668971333868,74.18516300417076,0.0,18.836689724194915,-1.085623496814146e-08,0.0
401,24120.0,24120,18.836689713335122,18.836689713335122,74.45201610841592,0.0,18.83668972419143,-1.0856307284342914e-08,0.0
402,24180.0,24180,18.836689713331587,18.836689713331587,74.71886921266103,0.0,18.836689724187966,-1.0856379367960335e-08,0.0
403,24240.0,24240,18.836689713328067,18.836689713328067,74.98572231690609,0.0,18.83668972418452,-1.0856451216702326e-08,0.0
404,24300.0,24300,18.836689713324567,18.836689713324567,75.25257542115109,0.0,18.83668972418109,-1.0856522828300746e-08,0.0
405,24360.0,24360,18.836689713321086,18.836689713321086,75.51942852539605,0.0,18.83668972417768,-1.0856594200512613e-08,0.0
406,24420.0,24420,18.83668971331762,18.83668971331762,75.78628162964097,0.0,18.83668972417429,-1.0856665331115292e-08,0.0
407,24480.0,24480,18.83668971331418,18.83668971331418,76.05313473388583,0.0,18.836689724170913,-1.0856736217910869e-08,0.0
408,24540.0,24540,18.836689713310754,18.836689713310754,76.31998783813064,0.0,18.83668972416756,-1.0856806858725701e-08,0.0
409,24600.0,24600,18.836689713307344,18.836689713307344,76.5868409423754,0.0,18.83668972416422,-1.085687725140651e-08,0.0
410,24660.0,24660,18.836689713303954,18.836689713303954,76.85369404662012,0.0,18.836689724160905,-1.0856947393823706e-08,0.0
411,24720.0,24720,18.836689713300586,18.836689713300586,77.12054715086478,0.0,18.8366897241576,-1.0857017283872565e-08,0.0
412,24780.0,24780,18.836689713297233,18.836689713297233,77.3874002551094,0.0,18.83668972415432,-1.085708691946857e-08,0.0
413,24840.0,24840,18.836689713293897,18.836689713293897,77.65425335935397,0.0,18.836689724151054,-1.0857156298547847e-08,0.0
414,24900.0,24900,18.836689713290582,18.836689713290582,77.92110646359849,0.0,18.836689724147806,-1.0857225419073129e-08,0.0
415,24960.0,24960,18.836689713287285,18.836689713287285,78.18795956784297,0.0,18.83668972414458,-1.0857294279025322e-08,0.0
416,25020.0,25020,18.836689713284002,18.836689713284002,78.4548126720874,0.0,18.836689724141365,-1.085736287640743e-08,0.0
417,25080.0,25080,18.83668971328074,18.83668971328074,78.72166577633179,0.0,18.836689724138175,-1.0857431209247753e-08,0.0
418,25140.0,25140,18.836689713277497,18.836689713277497,78.98851888057612,0.0,18.836689724135,-1.0857499275590293e-08,0.0
419,25200.0,25200,18.836689713274275,18.836689713274275,79.2553719848204,0.0,18.83668972413184,-1.0857567073507985e-08,0.0
420,25260.0,25260,18.836689713271067,18.836689713271067,79.52222508906465,0.0,18.8366897241287,-1.0857634601086266e-08,0.0
421,25320.0,25320,18.836689713267877,18.836689713267877,79.78907819330884,0.0,18.836689724125577,-1.0857701856439939e-08,0.0
422,25380.0,25380,18.836689713264704,18.836689713264704,80.05593129755299,0.0,18.836689724122472,-1.0857768837698347e-08,0.0
423,25440.0,25440,18.836689713261553,18.836689713261553,80.3227844017971,0.0,18.83668972411939,-1.0857835543015404e-08,0.0
424,25500.0,25500,18.836689713258416,18.836689713258416,80.58963750604117,0.0,18.836689724116315,-1.0857901970563776e-08,0.0
425,25560.0,25560,18.836689713255296,18.836689713255296,80.85649061028518,0.0,18.836689724113267,-1.0857968118537212e-08,0.0
426,25620.0,25620,18.8366897132522,18.8366897132522,81.12334371452914,0.0,18.836689724110233,-1.0858033985150974e-08,0.0
427,25680.0,25680,18.836689713249115,18.836689713249115,81.39019681877308,0.0,18.836689724107217,-1.0858099568638358e-08,0.0
428,25740.0,25740,18.836689713246052,18.836689713246052,81.65704992301696,0.0,18.836689724104215,-1.0858164867254462e-08,0.0
429,25800.0,25800,18.836689713243008,18.836689713243008,81.9239030272608,0.0,18.836689724101234,-1.0858229879273432e-08,0.0
430,25860.0,25860,18.836689713239977,18.836689713239977,82.1907561315046,0.0,18.83668972409827,-1.0858294602989767e-08,0.0
431,25920.0,25920,18.836689713236968,18.836689713236968,82.45760923574836,0.0,18.836689724095326,-1.0858359036714392e-08,0.0
432,25980.0,25980,18.836689713233973,18.836689713233973,82.72446233999207,0.0,18.836689724092395,-1.0858423178783826e-08,0.0
433,26040.0,26040,18.836689713230996,18.836689713230996,82.99131544423574,0.0,18.836689724089485,-1.0858487027549267e-08,0.0
434,26100.0,26100,18.83668971322804,18.83668971322804,83.25816854847938,0.0,18.83668972408659,-1.085855058138183e-08,0.0
435,26160.0,26160,18.8366897132251,18.8366897132251,83.52502165272296,0.0,18.836689724083712,-1.0858613838672986e-08,0.0
436,26220.0,26220,18.836689713222174,18.836689713222174,83.79187475696651,0.0,18.836689724080852,-1.0858676797830052e-08,0.0
437,26280.0,26280,18.836689713219272,18.836689713219272,84.05872786121002,0.0,18.83668972407801,-1.0858739457284624e-08,0.0
438,26340.0,26340,18.836689713216384,18.836689713216384,84.32558096545348,0.0,18.836689724075185,-1.0858801815480513e-08,0.0
439,26400.0,26400,18.836689713213513,18.836689713213513,84.5924340696969,0.0,18.836689724072375,-1.0858863870882896e-08,0.0
440,26460.0,26460,18.83668971321066,18.83668971321066,84.85928717394027,0.0,18.836689724069586,-1.085892562197789e-08,0.0
441,26520.0,26520,18.836689713207825,18.836689713207825,85.12614027818361,0.0,18.83668972406681,-1.0858987067264985e-08,0.0
442,26580.0,26580,18.836689713205008,18.836689713205008,85.39299338242692,0.0,18.836689724064055,-1.0859048205265043e-08,0.0
443,26640.0,26640,18.836689713202208,18.836689713202208,85.65984648667016,0.0,18.836689724061316,-1.0859109034513902e-08,0.0
444,26700.0,26700,18.836689713199423,18.836689713199423,85.92669959091339,0.0,18.836689724058594,-1.0859169553568914e-08,0.0
445,26760.0,26760,18.83668971319666,18.83668971319666,86.19355269515657,0.0,18.836689724055887,-1.0859229761003426e-08,0.0
446,26820.0,26820,18.83668971319391,18.83668971319391,86.46040579939971,0.0,18.836689724053198,-1.085928965540532e-08,0.0
447,26880.0,26880,18.83668971319118,18.83668971319118,86.7272589036428,0.0,18.83668972405053,-1.0859349235383854e-08,0.0
448,26940.0,26940,18.836689713188466,18.836689713188466,86.99411200788587,0.0,18.836689724047876,-1.085940849956384e-08,0.0
449,27000.0,27000,18.83668971318577,18.83668971318577,87.2609651121289,0.0,18.836689724045236,-1.0859467446587535e-08,0.0
450,27060.0,27060,18.836689713183087,18.836689713183087,87.52781821637188,0.0,18.836689724042614,-1.0859526075112897e-08,0.0
451,27120.0,27120,18.836689713180427,18.836689713180427,87.79467132061484,0.0,18.836689724040014,-1.0859584383816932e-08,0.0
452,27180.0,27180,18.836689713177783,18.836689713177783,88.06152442485774,0.0,18.836689724037424,-1.0859642371392203e-08,0.0
453,27240.0,27240,18.836689713175158,18.836689713175158,88.32837752910062,0.0,18.836689724034855,-1.0859700036547112e-08,0.0
454,27300.0,27300,18.836689713172547,18.836689713172547,88.59523063334345,0.0,18.836689724032304,-1.0859757378006065e-08,0.0
455,27360.0,27360,18.836689713169953,18.836689713169953,88.86208373758623,0.0,18.836689724029767,-1.0859814394513086e-08,0.0
456,27420.0,27420,18.836689713167377,18.836689713167377,89.12893684182902,0.0,18.83668972402725,-1.0859871084825429e-08,0.0
457,27480.0,27480,18.836689713164816,18.836689713164816,89.39578994607173,0.0,18.836689724024748,-1.0859927447714894e-08,0.0
458,27540.0,27540,18.836689713162276,18.836689713162276,89.66264305031441,0.0,18.83668972402226,-1.0859983481973919e-08,0.0
459,27600.0,27600,18.83668971315975,18.83668971315975,89.92949615455709,0.0,18.83668972401979,-1.0860039186407155e-08,0.0
460,27660.0,27660,18.836689713157245,18.836689713157245,90.1963492587997,0.0,18.83668972401734,-1.086009455983539e-08,0.0
461,27720.0,27720,18.836689713154755,18.836689713154755,90.46320236304229,0.0,18.836689724014903,-1.0860149601096427e-08,0.0
462,27780.0,27780,18.83668971315228,18.83668971315228,90.73005546728483,0.0,18.836689724012484,-1.086020430904144e-08,0.0
463,27840.0,27840,18.836689713149823,18.836689713149823,90.99690857152734,0.0,18.836689724010082,-1.0860258682538901e-08,0.0
464,27900.0,27900,18.836689713147386,18.836689713147386,91.2637616757698,0.0,18.836689724007698,-1.0860312720471539e-08,0.0
465,27960.0,27960,18.836689713144963,18.836689713144963,91.53061478001226,0.0,18.83668972400533,-1.0860366421737774e-08,0.0
466,28020.0,28020,18.836689713142558,18.836689713142558,91.79746788425464,0.0,18.836689724002976,-1.0860419785248972e-08,0.0
467,28080.0,28080,18.83668971314017,18.83668971314017,92.06432098849703,0.0,18.836689724000642,-1.0860472809932634e-08,0.0
468,28140.0,28140,18.836689713137797,18.836689713137797,92.33117409273936,0.0,18.836689723998322,-1.086052549473298e-08,0.0
469,28200.0,28200,18.836689713135442,18.836689713135442,92.59802719698166,0.0,18.83668972399602,-1.0860577838605134e-08,0.0
470,28260.0,28260,18.836689713133104,18.836689713133104,92.86488030122393,0.0,18.836689723993736,-1.086062984052167e-08,0.0
471,28320.0,28320,18.836689713130784,18.836689713130784,93.13173340546616,0.0,18.836689723991466,-1.0860681499468966e-08,0.0
472,28380.0,28380,18.836689713128482,18.836689713128482,93.39858650970835,0.0,18.836689723989213,-1.0860732814443875e-08,0.0
473,28440.0,28440,18.836689713126194,18.836689713126194,93.66543961395053,0.0,18.83668972398698,-1.0860783784465777e-08,0.0
474,28500.0,28500,18.836689713123924,18.836689713123924,93.93229271819267,0.0,18.836689723984758,-1.086083440855915e-08,0.0
475,28560.0,28560,18.83668971312167,18.83668971312167,94.19914582243476,0.0,18.836689723982555,-1.086088468576809e-08,0.0
476,28620.0,28620,18.836689713119434,18.836689713119434,94.46599892667685,0.0,18.836689723980367,-1.0860934615146727e-08,0.0
477,28680.0,28680,18.836689713117217,18.836689713117217,94.73285203091888,0.0,18.8366897239782,-1.0860984195768386e-08,0.0
478,28740.0,28740,18.836689713115014,18.836689713115014,94.99970513516088,0.0,18.836689723976047,-1.0861033426714383e-08,0.0
479,28800.0,28800,18.836689713112825,18.836689713112825,95.26655823940287,0.0,18.836689723973908,-1.0861082307082756e-08,0.0
480,28860.0,28860,18.83668971311066,18.83668971311066,95.53341134364481,0.0,18.836689723971787,-1.0861130835983463e-08,0.0
481,28920.0,28920,18.836689713108505,18.836689713108505,95.80026444788676,0.0,18.836689723969684,-1.0861179012539401e-08,0.0
482,28980.0,28980,18.83668971310637,18.83668971310637,96.06711755212864,0.0,18.8366897239676,-1.0861226835888879e-08,0.0
483,29040.0,29040,18.836689713104253,18.836689713104253,96.3339706563705,0.0,18.836689723965524,-1.0861274305182709e-08,0.0
484,29100.0,29100,18.83668971310215,18.83668971310215,96.60082376061234,0.0,18.83668972396347,-1.0861321419583622e-08,0.0
485,29160.0,29160,18.836689713100064,18.836689713100064,96.86767686485413,0.0,18.83668972396143,-1.0861368178268166e-08,0.0
486,29220.0,29220,18.836689713097993,18.836689713097993,97.1345299690959,0.0,18.83668972395941,-1.0861414580425967e-08,0.0
487,29280.0,29280,18.836689713095943,18.836689713095943,97.40138307333764,0.0,18.836689723957406,-1.0861460625259012e-08,0.0
488,29340.0,29340,18.836689713093907,18.836689713093907,97.66823617757935,0.0,18.836689723955413,-1.0861506311979757e-08,0.0
489,29400.0,29400,18.83668971309189,18.83668971309189,97.935089281821,0.0,18.83668972395344,-1.0861551639818102e-08,0.0
490,29460.0,29460,18.836689713089886,18.836689713089886,98.20194238606265,0.0,18.836689723951483,-1.0861596608012378e-08,0.0
491,29520.0,29520,18.836689713087903,18.836689713087903,98.46879549030427,0.0,18.836689723949544,-1.0861641215815165e-08,0.0
492,29580.0,29580,18.83668971308593,18.83668971308593,98.73564859454588,0.0,18.836689723947618,-1.0861685462491405e-08,0.0
493,29640.0,29640,18.83668971308398,18.83668971308398,99.00250169878746,0.0,18.83668972394571,-1.086172934731708e-08,0.0
494,29700.0,29700,18.83668971308205,18.83668971308205,99.26935480302897,0.0,18.836689723943817,-1.0861772869581265e-08,0.0
495,29760.0,29760,18.836689713080126,18.836689713080126,99.5362079072705,0.0,18.836689723941944,-1.086181602858539e-08,0.0
496,29820.0,29820,18.836689713078226,18.836689713078226,99.80306101151199,0.0,18.836689723940083,-1.0861858823641786e-08,0.0
497,29880.0,29880,18.83668971307634,18.83668971307634,100.06991411575343,0.0,18.836689723938242,-1.0861901254075872e-08,0.0
498,29940.0,29940,18.83668971307447,18.83668971307447,100.33676721999485,0.0,18.836689723936416,-1.086194331922484e-08,0.0
499,30000.0,30000,18.83668971307262,18.83668971307262,100.60362032423626,0.0,18.836689723934605,-1.086198501843461e-08,0.0
500,30060.0,30060,18.836689713070783,18.836689713070783,100.87047342847764,0.0,18.83668972393281,-1.0862026351067962e-08,0.0
501,30120.0,30120,18.836689713068964,18.836689713068964,101.13732653271899,0.0,18.83668972393103,-1.0862067316497128e-08,0.0
502,30180.0,30180,18.836689713067162,18.836689713067162,101.40417963696031,0.0,18.836689723929272,-1.0862107914104078e-08,0.0
503,30240.0,30240,18.836689713065375,18.836689713065375,101.6710327412016,0.0,18.836689723927524,-1.0862148143283143e-08,0.0
504,30300.0,30300,18.836689713063606,18.836689713063606,101.93788584544288,0.0,18.836689723925794,-1.0862188003441302e-08,0.0
505,30360.0,30360,18.836689713061855,18.836689713061855,102.20473894968413,0.0,18.83668972392408,-1.0862227493996146e-08,0.0
506,30420.0,30420,18.83668971306012,18.83668971306012,102.47159205392533,0.0,18.836689723922387,-1.0862266614375298e-08,0.0
507,30480.0,30480,18.8366897130584,18.8366897130584,102.73844515816654,0.0,18.836689723920706,-1.0862305364020629e-08,0.0
508,30540.0,30540,18.836689713056696,18.836689713056696,103.00529826240772,0.0,18.83668972391904,-1.086234374238273e-08,0.0
509,30600.0,30600,18.83668971305501,18.83668971305501,103.27215136664888,0.0,18.83668972391739,-1.0862381748921211e-08,0.0
510,30660.0,30660,18.83668971305334,18.83668971305334,103.53900447088999,0.0,18.836689723915757,-1.0862419383111233e-08,0.0
511,30720.0,30720,18.836689713051687,18.836689713051687,103.8058575751311,0.0,18.836689723914144,-1.0862456644436685e-08,0.0
512,30780.0,30780,18.83668971305005,18.83668971305005,104.07271067937216,0.0,18.836689723912542,-1.0862493532392064e-08,0.0
513,30840.0,30840,18.83668971304843,18.83668971304843,104.33956378361323,0.0,18.83668972391096,-1.0862530046484374e-08,0.0
514,30900.0,30900,18.836689713046827,18.836689713046827,104.60641688785425,0.0,18.83668972390939,-1.0862566186227014e-08,0.0
515,30960.0,30960,18.83668971304524,18.83668971304524,104.87326999209527,0.0,18.836689723907842,-1.086260195115083e-08,0.0
516,31020.0,31020,18.83668971304367,18.83668971304367,105.14012309633625,0.0,18.836689723906304,-1.0862637340789139e-08,0.0
517,31080.0,31080,18.836689713042112,18.836689713042112,105.40697620057722,0.0,18.836689723904783,-1.086267235469314e-08,0.0
518,31140.0,31140,18.836689713040574,18.836689713040574,105.67382930481817,0.0,18.836689723903284,-1.08627069924213e-08,0.0
519,31200.0,31200,18.836689713039053,18.836689713039053,105.9406824090591,0.0,18.836689723901795,-1.0862741253541976e-08,0.0
520,31260.0,31260,18.836689713037547,18.836689713037547,106.2075355133,0.0,18.836689723900324,-1.086277513763559e-08,0.0
521,31320.0,31320,18.83668971303606,18.83668971303606,106.47438861754087,0.0,18.83668972389887,-1.0862808644289974e-08,0.0
522,31380.0,31380,18.836689713034588,18.836689713034588,106.74124172178172,0.0,18.83668972389743,-1.0862841773108524e-08,0.0
523,31440.0,31440,18.836689713033135,18.836689713033135,107.00809482602254,0.0,18.836689723896008,-1.0862874523699428e-08,0.0
524,31500.0,31500,18.836689713031692,18.836689713031692,107.27494793026335,0.0,18.8366897238946,-1.0862906895684398e-08,0.0
525,31560.0,31560,18.83668971303027,18.83668971303027,107.54180103450415,0.0,18.836689723893212,-1.0862938888692267e-08,0.0
526,31620.0,31620,18.836689713028864,18.836689713028864,107.80865413874493,0.0,18.836689723891837,-1.0862970502367571e-08,0.0
527,31680.0,31680,18.836689713027475,18.836689713027475,108.07550724298568,0.0,18.83668972389048,-1.086300173635732e-08,0.0
528,31740.0,31740,18.836689713026104,18.836689713026104,108.34236034722642,0.0,18.836689723889133,-1.0863032590326399e-08,0.0
529,31800.0,31800,18.836689713024747,18.836689713024747,108.60921345146713,0.0,18.83668972388781,-1.0863063063943045e-08,0.0
530,31860.0,31860,18.836689713023407,18.836689713023407,108.87606655570781,0.0,18.8366897238865,-1.0863093156889156e-08,0.0
531,31920.0,31920,18.836689713022082,18.836689713022082,109.14291965994849,0.0,18.836689723885204,-1.0863122868856081e-08,0.0
532,31980.0,31980,18.836689713020775,18.836689713020775,109.40977276418916,0.0,18.83668972388393,-1.0863152199543459e-08,0.0
533,32040.0,32040,18.836689713019485,18.836689713019485,109.67662586842977,0.0,18.836689723882667,-1.0863181148662992e-08,0.0
534,32100.0,32100,18.83668971301821,18.83668971301821,109.9434789726704,0.0,18.83668972388142,-1.0863209715932779e-08,0.0
535,32160.0,32160,18.836689713016952,18.836689713016952,110.210332076911,0.0,18.83668972388019,-1.0863237901085169e-08,0.0
536,32220.0,32220,18.83668971301571,18.83668971301571,110.4771851811516,0.0,18.836689723878976,-1.0863265703858326e-08,0.0
537,32280.0,32280,18.836689713014486,18.836689713014486,110.74403828539216,0.0,18.836689723877782,-1.086329312400306e-08,0.0
538,32340.0,32340,18.83668971301328,18.83668971301328,111.0108913896327,0.0,18.8366897238766,-1.0863320161277744e-08,0.0
539,32400.0,32400,18.836689713012085,18.836689713012085,111.27774449387324,0.0,18.83668972387543,-1.0863346815451652e-08,0.0
540,32460.0,32460,18.83668971301091,18.83668971301091,111.54459759811374,0.0,18.836689723874283,-1.0863373086302494e-08,0.0
541,32520.0,32520,18.83668971300975,18.83668971300975,111.81145070235424,0.0,18.83668972387315,-1.0863398973617424e-08,0.0
542,32580.0,32580,18.83668971300861,18.83668971300861,112.0783038065947,0.0,18.836689723872034,-1.0863424477195379e-08,0.0
543,32640.0,32640,18.836689713007484,18.836689713007484,112.34515691083519,0.0,18.836689723870933,-1.0863449596841835e-08,0.0
544,32700.0,32700,18.836689713006372,18.836689713006372,112.61201001507564,0.0,18.83668972386985,-1.0863474332374916e-08,0.0
545,32760.0,32760,18.83668971300528,18.83668971300528,112.87886311931607,0.0,18.836689723868776,-1.0863498683619433e-08,0.0
546,32820.0,32820,18.8366897130042,18.8366897130042,113.14571622355648,0.0,18.836689723867728,-1.0863522650410956e-08,0.0
547,32880.0,32880,18.836689713003143,18.836689713003143,113.4125693277969,0.0,18.83668972386669,-1.0863546232593636e-08,0.0
548,32940.0,32940,18.836689713002098,18.836689713002098,113.67942243203728,0.0,18.836689723865668,-1.0863569430021942e-08,0.0
549,33000.0,33000,18.83668971300107,18.83668971300107,113.94627553627765,0.0,18.836689723864662,-1.0863592242560957e-08,0.0
550,33060.0,33060,18.836689713000062,18.836689713000062,114.21312864051802,0.0,18.836689723863675,-1.0863614670081291e-08,0.0
551,33120.0,33120,18.836689712999064,18.836689712999064,114.47998174475838,0.0,18.836689723862705,-1.086363671246489e-08,0.0
552,33180.0,33180,18.83668971299809,18.83668971299809,114.7468348489987,0.0,18.836689723861745,-1.0863658369605623e-08,0.0
553,33240.0,33240,18.836689712997128,18.836689712997128,115.013687953239,0.0,18.836689723860808,-1.086367964140347e-08,0.0
554,33300.0,33300,18.836689712996183,18.836689712996183,115.2805410574793,0.0,18.836689723859884,-1.0863700527767852e-08,0.0
555,33360.0,33360,18.836689712995252,18.836689712995252,115.54739416171961,0.0,18.836689723858974,-1.0863721028619393e-08,0.0
556,33420.0,33420,18.836689712994342,18.836689712994342,115.81424726595986,0.0,18.836689723858083,-1.0863741143885542e-08,0.0
557,33480.0,33480,18.836689712993447,18.836689712993447,116.08110037020013,0.0,18.836689723857205,-1.0863760873505387e-08,0.0
558,33540.0,33540,18.836689712992566,18.836689712992566,116.34795347444039,0.0,18.83668972385635,-1.0863780217425718e-08,0.0
559,33600.0,33600,18.836689712991703,18.836689712991703,116.61480657868061,0.0,18.836689723855503,-1.0863799175603206e-08,0.0
560,33660.0,33660,18.836689712990857,18.836689712990857,116.88165968292084,0.0,18.83668972385468,-1.0863817748003834e-08,0.0
561,33720.0,33720,18.83668971299003,18.83668971299003,117.14851278716107,0.0,18.836689723853866,-1.0863835934603613e-08,0.0
562,33780.0,33780,18.836689712989216,18.836689712989216,117.41536589140125,0.0,18.83668972385307,-1.0863853735385534e-08,0.0
563,33840.0,33840,18.83668971298842,18.83668971298842,117.68221899564145,0.0,18.83668972385229,-1.0863871150342327e-08,0.0
564,33900.0,33900,18.836689712987642,18.836689712987642,117.94907209988162,0.0,18.836689723851528,-1.0863888179479518e-08,0.0
565,33960.0,33960,18.836689712986878,18.836689712986878,118.21592520412179,0.0,18.83668972385078,-1.0863904822807426e-08,0.0
566,34020.0,34020,18.83668971298613,18.83668971298613,118.48277830836194,0.0,18.83668972385005,-1.0863921080347135e-08,0.0
567,34080.0,34080,18.8366897129854,18.8366897129854,118.74963141260207,0.0,18.836689723849336,-1.0863936952130337e-08,0.0
568,34140.0,34140,18.836689712984683,18.836689712984683,119.01648451684221,0.0,18.83668972384864,-1.0863952438195851e-08,0.0
569,34200.0,34200,18.836689712983986,18.836689712983986,119.28333762108234,0.0,18.836689723847954,-1.0863967538593395e-08,0.0
570,34260.0,34260,18.836689712983308,18.836689712983308,119.55019072532245,0.0,18.83668972384729,-1.0863982253381128e-08,0.0
571,34320.0,34320,18.836689712982643,18.836689712982643,119.81704382956255,0.0,18.83668972384664,-1.0863996582625195e-08,0.0
572,34380.0,34380,18.836689712981993,18.836689712981993,120.08389693380265,0.0,18.836689723846007,-1.0864010526404832e-08,0.0
573,34440.0,34440,18.836689712981364,18.836689712981364,120.35075003804273,0.0,18.836689723845385,-1.0864024084805089e-08,0.0
574,34500.0,34500,18.83668971298075,18.83668971298075,120.6176031422828,0.0,18.83668972384479,-1.0864037257920466e-08,0.0
575,34560.0,34560,18.83668971298015,18.83668971298015,120.88445624652289,0.0,18.836689723844202,-1.0864050045857239e-08,0.0
576,34620.0,34620,18.83668971297957,18.83668971297957,121.15130935076293,0.0,18.836689723843634,-1.0864062448729531e-08,0.0
577,34680.0,34680,18.836689712979002,18.836689712979005,121.41816245500299,0.0,18.83668972384308,-1.086407446665918e-08,0.0
578,34740.0,34740,18.83668971297846,18.83668971297846,121.68501555924303,0.0,18.836689723842543,-1.0864086099779353e-08,0.0
579,34800.0,34800,18.836689712977925,18.836689712977925,121.95186866348305,0.0,18.836689723842024,-1.08640973482334e-08,0.0
580,34860.0,34860,18.83668971297741,18.83668971297741,122.21872176772308,0.0,18.83668972384152,-1.0864108212172084e-08,0.0
581,34920.0,34920,18.83668971297691,18.83668971297691,122.48557487196311,0.0,18.83668972384103,-1.0864118691757218e-08,0.0
582,34980.0,34980,18.83668971297643,18.83668971297643,122.75242797620314,0.0,18.836689723840557,-1.0864128787156723e-08,0.0
583,35040.0,35040,18.836689712975964,18.836689712975964,123.01928108044314,0.0,18.836689723840102,-1.086413849855087e-08,0.0
584,35100.0,35100,18.836689712975517,18.836689712975517,123.28613418468314,0.0,18.836689723839665,-1.0864147826131717e-08,0.0
585,35160.0,35160,18.836689712975083,18.836689712975083,123.55298728892313,0.0,18.83668972383924,-1.0864156770095238e-08,0.0
586,35220.0,35220,18.836689712974668,18.836689712974668,123.81984039316309,0.0,18.836689723838834,-1.0864165330650496e-08,0.0
587,35280.0,35280,18.83668971297427,18.83668971297427,124.08669349740309,0.0,18.836689723838443,-1.086417350801484e-08,0.0
588,35340.0,35340,18.83668971297389,18.83668971297389,124.35354660164306,0.0,18.83668972383807,-1.0864181302416089e-08,0.0
589,35400.0,35400,18.836689712973524,18.836689712973524,124.62039970588305,0.0,18.83668972383771,-1.0864188714091072e-08,0.0
590,35460.0,35460,18.836689712973175,18.836689712973175,124.887252810123,0.0,18.83668972383737,-1.0864195743286216e-08,0.0
591,35520.0,35520,18.83668971297284,18.83668971297284,125.15410591436297,0.0,18.836689723837043,-1.0864202390256379e-08,0.0
592,35580.0,35580,18.836689712972525,18.836689712972525,125.42095901860291,0.0,18.836689723836734,-1.0864208655269356e-08,0.0
593,35640.0,35640,18.836689712972227,18.836689712972227,125.68781212284289,0.0,18.836689723836443,-1.0864214538600508e-08,0.0
594,35700.0,35700,18.836689712971946,18.836689712971946,125.95466522708281,0.0,18.836689723836166,-1.0864220040533769e-08,0.0
595,35760.0,35760,18.83668971297168,18.83668971297168,126.22151833132274,0.0,18.836689723835907,-1.086422516136645e-08,0.0
596,35820.0,35820,18.83668971297143,18.83668971297143,126.4883714355627,0.0,18.83668972383566,-1.0864229901401384e-08,0.0
597,35880.0,35880,18.8366897129712,18.8366897129712,126.75522453980263,0.0,18.836689723835434,-1.0864234260953329e-08,0.0
598,35940.0,35940,18.836689712970987,18.836689712970987,127.02207764404258,0.0,18.836689723835224,-1.0864238240348382e-08,0.0
599,36000.0,36000,18.836689712970784,18.836689712970784,127.28893074828251,0.0,18.83668972383503,-1.0864241839919908e-08,0.0
600,36060.0,36060,18.836689712970607,18.836689712970607,127.55578385252242,0.0,18.83668972383485,-1.0864245060012613e-08,0.0
601,36120.0,36120,18.836689712970443,18.836689712970443,127.82263695676235,0.0,18.836689723834688,-1.0864247900981816e-08,0.0
602,36180.0,36180,18.836689712970294,18.836689712970294,128.0894900610023,0.0,18.836689723834546,-1.0864250363191704e-08,0.0
603,36240.0,36240,18.836689712970163,18.836689712970163,128.35634316524218,0.0,18.836689723834414,-1.086425244701635e-08,0.0
604,36300.0,36300,18.836689712970045,18.836689712970045,128.62319626948212,0.0,18.836689723834304,-1.0864254152842331e-08,0.0
605,36360.0,36360,18.83668971296995,18.83668971296995,128.89004937372204,0.0,18.836689723834205,-1.0864255481061747e-08,0.0
606,36420.0,36420,18.836689712969868,18.836689712969868,129.15690247796198,0.0,18.836689723834127,-1.0864256432082547e-08,0.0
607,36480.0,36480,18.836689712969804,18.836689712969804,129.42375558220186,0.0,18.836689723834063,-1.0864257006319946e-08,0.0
608,36540.0,36540,18.836689712969758,18.836689712969758,129.69060868644178,0.0,18.836689723834017,-1.0864257204198322e-08,0.0
609,36600.0,36600,18.83668971296973,18.83668971296973,129.9574617906817,0.0,18.836689723833985,-1.0864257026155717e-08,0.0
610,36660.0,36660,18.836689712969715,18.836689712969715,130.2243148949216,0.0,18.83668972383397,-1.0864256472638169e-08,0.0
611,36720.0,36720,18.83668971296972,18.83668971296972,130.4911679991615,0.0,18.836689723833977,-1.0864255544102474e-08,0.0
612,36780.0,36780,18.83668971296974,18.83668971296974,130.7580211034014,0.0,18.83668972383399,-1.0864254241017498e-08,0.0
613,36840.0,36840,18.83668971296978,18.83668971296978,131.02487420764132,0.0,18.83668972383403,-1.0864252563860681e-08,0.0
614,36900.0,36900,18.836689712969832,18.836689712969832,131.29172731188123,0.0,18.836689723834084,-1.086425051312153e-08,0.0
615,36960.0,36960,18.836689712969903,18.836689712969903,131.55858041612115,0.0,18.83668972383415,-1.0864248089299588e-08,0.0
616,37020.0,37020,18.836689712969992,18.836689712969992,131.82543352036106,0.0,18.836689723834237,-1.0864245292905733e-08,0.0
617,37080.0,37080,18.836689712970095,18.836689712970095,132.092286624601,0.0,18.83668972383434,-1.0864242124461456e-08,0.0
618,37140.0,37140,18.83668971297022,18.83668971297022,132.35913972884092,0.0,18.836689723834457,-1.0864238584497412e-08,0.0
619,37200.0,37200,18.836689712970358,18.836689712970358,132.62599283308083,0.0,18.836689723834592,-1.086423467355908e-08,0.0
620,37260.0,37260,18.836689712970514,18.836689712970514,132.89284593732074,0.0,18.836689723834745,-1.0864230392200957e-08,0.0
621,37320.0,37320,18.83668971297069,18.83668971297069,133.15969904156066,0.0,18.836689723834912,-1.0864225740986112e-08,0.0
622,37380.0,37380,18.83668971297088,18.83668971297088,133.42655214580057,0.0,18.8366897238351,-1.0864220720492888e-08,0.0
623,37440.0,37440,18.836689712971086,18.836689712971086,133.6934052500405,0.0,18.8366897238353,-1.086421533130776e-08,0.0
624,37500.0,37500,18.83668971297131,18.83668971297131,133.96025835428046,0.0,18.83668972383552,-1.0864209574031023e-08,0.0
625,37560.0,37560,18.836689712971552,18.836689712971552,134.22711145852037,0.0,18.836689723835754,-1.086420344927256e-08,0.0
626,37620.0,37620,18.83668971297181,18.83668971297181,134.4939645627603,0.0,18.836689723836006,-1.0864196957654178e-08,0.0
627,37680.0,37680,18.836689712972085,18.836689712972085,134.76081766700025,0.0,18.836689723836272,-1.0864190099809174e-08,0.0
628,37740.0,37740,18.836689712972376,18.836689712972376,135.0276707712402,0.0,18.83668972383656,-1.0864182876383632e-08,0.0
629,37800.0,37800,18.836689712972685,18.836689712972685,135.29452387548014,0.0,18.836689723836862,-1.0864175288033527e-08,0.0
630,37860.0,37860,18.836689712973012,18.836689712973012,135.56137697972008,0.0,18.836689723837182,-1.0864167335426026e-08,0.0
631,37920.0,37920,18.83668971297336,18.83668971297336,135.82823008396005,0.0,18.83668972383752,-1.0864159019242107e-08,0.0
632,37980.0,37980,18.83668971297372,18.83668971297372,136.09508318820002,0.0,18.836689723837868,-1.0864150340173653e-08,0.0
633,38040.0,38040,18.8366897129741,18.8366897129741,136.36193629244,0.0,18.83668972383824,-1.0864141298925634e-08,0.0
634,38100.0,38100,18.836689712974493,18.836689712974493,136.62878939667993,0.0,18.836689723838624,-1.0864131896212902e-08,0.0
635,38160.0,38160,18.836689712974906,18.836689712974906,136.89564250091993,0.0,18.83668972383903,-1.086412213276383e-08,0.0
636,38220.0,38220,18.836689712975335,18.836689712975335,137.1624956051599,0.0,18.83668972383945,-1.0864112009319442e-08,0.0
637,38280.0,38280,18.836689712975783,18.836689712975783,137.4293487093999,0.0,18.836689723839886,-1.0864101526631374e-08,0.0
638,38340.0,38340,18.83668971297625,18.83668971297625,137.6962018136399,0.0,18.836689723840337,-1.0864090685465801e-08,0.0
639,38400.0,38400,18.83668971297673,18.83668971297673,137.9630549178799,0.0,18.83668972384081,-1.0864079486600527e-08,0.0
640,38460.0,38460,18.83668971297723,18.83668971297723,138.22990802211993,0.0,18.836689723841296,-1.0864067930824987e-08,0.0
641,38520.0,38520,18.836689712977744,18.836689712977744,138.49676112635996,0.0,18.8366897238418,-1.0864056018940393e-08,0.0
642,38580.0,38580,18.83668971297828,18.83668971297828,138.76361423059996,0.0,18.836689723842323,-1.0864043751764532e-08,0.0
643,38640.0,38640,18.83668971297883,18.83668971297883,139.03046733483998,0.0,18.836689723842863,-1.0864031130124784e-08,0.0
644,38700.0,38700,18.8366897129794,18.8366897129794,139.29732043908004,0.0,18.836689723843417,-1.0864018154861032e-08,0.0
645,38760.0,38760,18.836689712979982,18.836689712979982,139.5641735433201,0.0,18.83668972384399,-1.0864004826830608e-08,0.0
646,38820.0,38820,18.836689712980586,18.836689712980586,139.83102664756012,0.0,18.83668972384458,-1.0863991146897529e-08,0.0
647,38880.0,38880,18.836689712981208,18.836689712981208,140.0978797518002,0.0,18.836689723845183,-1.0863977115943547e-08,0.0
648,38940.0,38940,18.836689712981844,18.836689712981844,140.3647328560403,0.0,18.836689723845808,-1.0863962734863506e-08,0.0
649,39000.0,39000,18.8366897129825,18.8366897129825,140.63158596028035,0.0,18.83668972384645,-1.0863948004562563e-08,0.0
650,39060.0,39060,18.836689712983176,18.836689712983176,140.89843906452046,0.0,18.836689723847105,-1.0863932925962892e-08,0.0
651,39120.0,39120,18.836689712983866,18.836689712983866,141.16529216876057,0.0,18.836689723847783,-1.086391749999815e-08,0.0
652,39180.0,39180,18.836689712984573,18.836689712984573,141.43214527300069,0.0,18.836689723848476,-1.0863901727616529e-08,0.0
653,39240.0,39240,18.836689712985297,18.836689712985297,141.6989983772408,0.0,18.836689723849183,-1.0863885609779749e-08,0.0
654,39300.0,39300,18.83668971298604,18.83668971298604,141.96585148148094,0.0,18.83668972384991,-1.0863869147463915e-08,0.0
655,39360.0,39360,18.8366897129868,18.8366897129868,142.23270458572108,0.0,18.836689723850654,-1.086385234165706e-08,0.0
656,39420.0,39420,18.836689712987578,18.836689712987578,142.49955768996122,0.0,18.836689723851418,-1.0863835193363931e-08,0.0
657,39480.0,39480,18.836689712988374,18.836689712988374,142.7664107942014,0.0,18.836689723852196,-1.0863817703602511e-08,0.0
658,39540.0,39540,18.83668971298919,18.83668971298919,143.0332638984416,0.0,18.836689723852988,-1.0863799873405316e-08,0.0
659,39600.0,39600,18.83668971299002,18.83668971299002,143.3001170026818,0.0,18.8366897238538,-1.0863781703819255e-08,0.0
660,39660.0,39660,18.836689712990868,18.836689712990868,143.56697010692199,0.0,18.83668972385463,-1.0863763195904038e-08,0.0
661,39720.0,39720,18.836689712991735,18.836689712991735,143.83382321116218,0.0,18.83668972385548,-1.0863744350736809e-08,0.0
662,39780.0,39780,18.83668971299262,18.83668971299262,144.1006763154024,0.0,18.83668972385634,-1.0863725169408536e-08,0.0
663,39840.0,39840,18.836689712993522,18.836689712993522,144.36752941964264,0.0,18.836689723857226,-1.0863705653024134e-08,0.0
664,39900.0,39900,18.836689712994442,18.836689712994442,144.6343825238829,0.0,18.836689723858125,-1.0863685802704955e-08,0.0
665,39960.0,39960,18.836689712995376,18.836689712995376,144.90123562812317,0.0,18.836689723859042,-1.0863665619585426e-08,0.0
666,40020.0,40020,18.836689712996332,18.836689712996332,145.16808873236343,0.0,18.836689723859976,-1.0863645104816994e-08,0.0
667,40080.0,40080,18.836689712997305,18.836689712997305,145.4349418366037,0.0,18.83668972386093,-1.0863624259565345e-08,0.0
668,40140.0,40140,18.836689712998293,18.836689712998293,145.70179494084402,0.0,18.836689723861898,-1.086360308501347e-08,0.0
669,40200.0,40200,18.836689712999306,18.836689712999306,145.96864804508434,0.0,18.836689723862886,-1.0863581582358465e-08,0.0
670,40260.0,40260,18.836689713000332,18.836689713000332,146.23550114932465,0.0,18.83668972386389,-1.0863559752812249e-08,0.0
671,40320.0,40320,18.836689713001377,18.836689713001377,146.50235425356502,0.0,18.83668972386491,-1.086353759760448e-08,0.0
672,40380.0,40380,18.836689713002436,18.836689713002436,146.76920735780539,0.0,18.836689723865952,-1.086351511798023e-08,0.0
673,40440.0,40440,18.836689713003516,18.836689713003516,147.03606046204575,0.0,18.83668972386701,-1.0863492315198958e-08,0.0
674,40500.0,40500,18.836689713004613,18.836689713004613,147.30291356628615,0.0,18.836689723868087,-1.0863469190538594e-08,0.0
675,40560.0,40560,18.836689713005732,18.836689713005732,147.56976667052658,0.0,18.836689723869178,-1.0863445745292037e-08,0.0
676,40620.0,40620,18.836689713006866,18.836689713006866,147.836619774767,0.0,18.836689723870286,-1.086342198077167e-08,0.0
677,40680.0,40680,18.836689713008017,18.836689713008017,148.10347287900743,0.0,18.836689723871416,-1.0863397898299615e-08,0.0
678,40740.0,40740,18.83668971300919,18.83668971300919,148.37032598324788,0.0,18.83668972387256,-1.0863373499223146e-08,0.0
679,40800.0,40800,18.836689713010376,18.836689713010376,148.63717908748836,0.0,18.836689723873725,-1.0863348784899717e-08,0.0
680,40860.0,40860,18.83668971301158,18.83668971301158,148.90403219172885,0.0,18.836689723874905,-1.0863323756706695e-08,0.0
681,40920.0,40920,18.836689713012806,18.836689713012806,149.17088529596933,0.0,18.836689723876106,-1.0863298416038604e-08,0.0
682,40980.0,40980,18.83668971301405,18.83668971301405,149.43773840020987,0.0,18.83668972387732,-1.086327276430756e-08,0.0
683,41040.0,41040,18.83668971301531,18.83668971301531,149.7045915044504,0.0,18.836689723878557,-1.0863246802940656e-08,0.0
684,41100.0,41100,18.83668971301659,18.83668971301659,149.97144460869097,0.0,18.83668972387981,-1.086322053338606e-08,0.0
685,41160.0,41160,18.836689713017886,18.836689713017886,150.23829771293157,0.0,18.83668972388108,-1.0863193957104736e-08,0.0
686,41220.0,41220,18.8366897130192,18.8366897130192,150.50515081717217,0.0,18.83668972388237,-1.0863167075582513e-08,0.0
687,41280.0,41280,18.836689713020533,18.836689713020533,150.77200392141276,0.0,18.836689723883676,-1.086313989031539e-08,0.0
688,41340.0,41340,18.83668971302189,18.83668971302189,151.03885702565339,0.0,18.836689723885,-1.0863112402823216e-08,0.0
689,41400.0,41400,18.836689713023258,18.836689713023258,151.30571012989404,0.0,18.83668972388634,-1.0863084614640807e-08,0.0
690,41460.0,41460,18.836689713024647,18.836689713024647,151.57256323413472,0.0,18.8366897238877,-1.086305652732276e-08,0.0
691,41520.0,41520,18.836689713026054,18.836689713026054,151.83941633837543,0.0,18.83668972388908,-1.0863028142442416e-08,0.0
692,41580.0,41580,18.83668971302748,18.83668971302748,152.10626944261614,0.0,18.83668972389048,-1.0862999461590136e-08,0.0
693,41640.0,41640,18.836689713028925,18.836689713028925,152.37312254685688,0.0,18.836689723891894,-1.0862970486377502e-08,0.0
694,41700.0,41700,18.836689713030385,18.836689713030385,152.63997565109761,0.0,18.83668972389333,-1.0862941218432232e-08,0.0
695,41760.0,41760,18.836689713031866,18.836689713031866,152.9068287553384,0.0,18.83668972389478,-1.086291165940342e-08,0.0
696,41820.0,41820,18.836689713033365,18.836689713033365,153.17368185957918,0.0,18.836689723896246,-1.0862881810958331e-08,0.0
697,41880.0,41880,18.836689713034886,18.836689713034886,153.44053496382,0.0,18.836689723897734,-1.0862851674783566e-08,0.0
698,41940.0,41940,18.83668971303642,18.83668971303642,153.70738806806085,0.0,18.836689723899244,-1.0862821252585644e-08,0.0
699,42000.0,42000,18.836689713037977,18.836689713037977,153.9742411723017,0.0,18.83668972390077,-1.0862790546090708e-08,0.0
700,42060.0,42060,18.83668971303955,18.83668971303955,154.24109427654258,0.0,18.83668972390231,-1.0862759557044822e-08,0.0
701,42120.0,42120,18.836689713041142,18.836689713041142,154.5079473807835,0.0,18.836689723903874,-1.0862728287212369e-08,0.0
702,42180.0,42180,18.836689713042755,18.836689713042755,154.77480048502443,0.0,18.83668972390545,-1.0862696738380847e-08,0.0
703,42240.0,42240,18.836689713044386,18.836689713044386,155.04165358926537,0.0,18.83668972390705,-1.0862664912355632e-08,0.0
704,42300.0,42300,18.836689713046034,18.836689713046034,155.30850669350636,0.0,18.836689723908666,-1.0862632810963334e-08,0.0
705,42360.0,42360,18.8366897130477,18.8366897130477,155.57535979774735,0.0,18.8366897239103,-1.0862600436051783e-08,0.0
706,42420.0,42420,18.836689713049388,18.836689713049388,155.84221290198838,0.0,18.836689723911956,-1.0862567789488e-08,0.0
707,42480.0,42480,18.836689713051094,18.836689713051094,156.10906600622943,0.0,18.83668972391363,-1.0862534873161983e-08,0.0
708,42540.0,42540,18.836689713052817,18.836689713052817,156.3759191104705,0.0,18.83668972391532,-1.0862501688981603e-08,0.0
709,42600.0,42600,18.83668971305456,18.83668971305456,156.64277221471158,0.0,18.83668972391703,-1.0862468238879598e-08,0.0
710,42660.0,42660,18.836689713056323,18.836689713056323,156.90962531895272,0.0,18.83668972391876,-1.0862434524808187e-08,0.0
711,42720.0,42720,18.836689713058107,18.836689713058107,157.17647842319386,0.0,18.836689723920504,-1.0862400548741682e-08,0.0
712,42780.0,42780,18.836689713059904,18.836689713059904,157.44333152743502,0.0,18.83668972392227,-1.0862366312673013e-08,0.0
713,42840.0,42840,18.836689713061723,18.836689713061723,157.7101846316762,0.0,18.836689723924053,-1.0862331818624181e-08,0.0
714,42900.0,42900,18.83668971306356,18.83668971306356,157.97703773591743,0.0,18.836689723925858,-1.086229706863027e-08,0.0
715,42960.0,42960,18.83668971306542,18.83668971306542,158.24389084015868,0.0,18.83668972392768,-1.0862262064756174e-08,0.0
716,43020.0,43020,18.836689713067294,18.836689713067294,158.51074394439993,0.0,18.836689723929524,-1.0862226809083209e-08,0.0
717,43080.0,43080,18.83668971306919,18.83668971306919,158.77759704864124,0.0,18.836689723931382,-1.0862191303718574e-08,0.0
718,43140.0,43140,18.836689713071106,18.836689713071106,159.04445015288255,0.0,18.83668972393326,-1.0862155550790545e-08,0.0
719,43200.0,43200,18.83668971307304,18.83668971307304,159.3113032571239,0.0,18.83668972393516,-1.086211955245299e-08,0.0
720,43260.0,43260,18.836689713074993,18.836689713074993,159.5781563613653,0.0,18.836689723937077,-1.0862083310879544e-08,0.0
721,43320.0,43320,18.836689713076968,18.836689713076968,159.8450094656067,0.0,18.836689723939013,-1.0862046828267544e-08,0.0
722,43380.0,43380,18.83668971307896,18.83668971307896,160.1118625698481,0.0,18.83668972394097,-1.0862010106837587e-08,0.0
723,43440.0,43440,18.83668971308097,18.83668971308097,160.3787156740896,0.0,18.836689723942943,-1.0861973148834839e-08,0.0
724,43500.0,43500,18.836689713083,18.836689713083,160.64556877833107,0.0,18.83668972394494,-1.086193595652729e-08,0.0
725,43560.0,43560,18.836689713085054,18.836689713085054,160.9124218825726,0.0,18.83668972394695,-1.086189853220867e-08,0.0
726,43620.0,43620,18.83668971308712,18.83668971308712,161.1792749868142,0.0,18.836689723948982,-1.086186087819189e-08,0.0
727,43680.0,43680,18.83668971308921,18.83668971308921,161.44612809105575,0.0,18.836689723951032,-1.0861822996817927e-08,0.0
728,43740.0,43740,18.83668971309132,18.83668971309132,161.71298119529737,0.0,18.836689723953107,-1.0861784890451599e-08,0.0
729,43800.0,43800,18.83668971309345,18.83668971309345,161.979834299539,0.0,18.836689723955196,-1.086174656148011e-08,0.0
730,43860.0,43860,18.8366897130956,18.8366897130956,162.24668740378067,0.0,18.836689723957306,-1.0861708012317713e-08,0.0
731,43920.0,43920,18.836689713097766,18.836689713097766,162.51354050802237,0.0,18.836689723959434,-1.0861669245400025e-08,0.0
732,43980.0,43980,18.836689713099954,18.836689713099954,162.78039361226408,0.0,18.836689723961584,-1.0861630263194069e-08,0.0
733,44040.0,44040,18.83668971310216,18.83668971310216,163.04724671650587,0.0,18.836689723963755,-1.0861591068183297e-08,0.0
734,44100.0,44100,18.836689713104388,18.836689713104388,163.31409982074766,0.0,18.83668972396594,-1.0861551662882997e-08,0.0
735,44160.0,44160,18.836689713106637,18.836689713106637,163.58095292498948,0.0,18.83668972396815,-1.0861512049830126e-08,0.0
736,44220.0,44220,18.836689713108903,18.836689713108903,163.84780602923132,0.0,18.836689723970377,-1.0861472231588529e-08,0.0
737,44280.0,44280,18.83668971311119,18.83668971311119,164.11465913347322,0.0,18.836689723972622,-1.0861432210748953e-08,0.0
738,44340.0,44340,18.836689713113497,18.836689713113497,164.38151223771516,0.0,18.83668972397489,-1.0861391989926275e-08,0.0
739,44400.0,44400,18.836689713115824,18.836689713115824,164.64836534195712,0.0,18.836689723977177,-1.0861351571761543e-08,0.0
740,44460.0,44460,18.836689713118172,18.836689713118172,164.91521844619908,0.0,18.836689723979482,-1.0861310958922555e-08,0.0
741,44520.0,44520,18.83668971312054,18.83668971312054,165.1820715504411,0.0,18.83668972398181,-1.0861270154103133e-08,0.0
742,44580.0,44580,18.836689713122926,18.836689713122926,165.44892465468317,0.0,18.836689723984158,-1.0861229160023414e-08,0.0
743,44640.0,44640,18.836689713125335,18.836689713125335,165.71577775892527,0.0,18.836689723986524,-1.0861187979429703e-08,0.0
744,44700.0,44700,18.83668971312776,18.83668971312776,165.98263086316737,0.0,18.836689723988908,-1.0861146615098547e-08,0.0
745,44760.0,44760,18.836689713130212,18.836689713130212,166.24948396740953,0.0,18.836689723991316,-1.086110506982699e-08,0.0
746,44820.0,44820,18.836689713132678,18.836689713132678,166.51633707165172,0.0,18.836689723993743,-1.0861063346445368e-08,0.0
747,44880.0,44880,18.83668971313517,18.83668971313517,166.78319017589396,0.0,18.836689723996187,-1.0861021447807864e-08,0.0
748,44940.0,44940,18.836689713137677,18.836689713137677,167.0500432801362,0.0,18.836689723998656,-1.0860979376797009e-08,0.0
749,45000.0,45000,18.836689713140206,18.836689713140206,167.3168963843785,0.0,18.836689724001143,-1.086093713632368e-08,0.0
750,45060.0,45060,18.836689713142757,18.836689713142757,167.58374948862084,0.0,18.83668972400365,-1.0860894729324057e-08,0.0
751,45120.0,45120,18.83668971314533,18.83668971314533,167.8506025928632,0.0,18.83668972400618,-1.086085215876485e-08,0.0
752,45180.0,45180,18.83668971314792,18.83668971314792,168.1174556971056,0.0,18.83668972400873,-1.0860809427639368e-08,0.0
753,45240.0,45240,18.83668971315053,18.83668971315053,168.38430880134806,0.0,18.836689724011297,-1.0860766538969566e-08,0.0
754,45300.0,45300,18.836689713153163,18.836689713153163,168.65116190559056,0.0,18.836689724013887,-1.0860723495804588e-08,0.0
755,45360.0,45360,18.836689713155817,18.836689713155817,168.91801500983308,0.0,18.836689724016498,-1.086068030122323e-08,0.0
756,45420.0,45420,18.83668971315849,18.83668971315849,169.18486811407564,0.0,18.83668972401913,-1.086063695833322e-08,0.0
757,45480.0,45480,18.836689713161185,18.836689713161185,169.45172121831823,0.0,18.83668972402178,-1.0860593470269483e-08,0.0
758,45540.0,45540,18.836689713163903,18.836689713163903,169.71857432256087,0.0,18.836689724024453,-1.0860549840197897e-08,0.0
759,45600.0,45600,18.83668971316664,18.83668971316664,169.98542742680354,0.0,18.836689724027146,-1.0860506071308918e-08,0.0
760,45660.0,45660,18.8366897131694,18.8366897131694,170.25228053104624,0.0,18.83668972402986,-1.0860462166827456e-08,0.0
761,45720.0,45720,18.836689713172177,18.836689713172177,170.51913363528902,0.0,18.836689724032592,-1.0860418130005173e-08,0.0
762,45780.0,45780,18.836689713174977,18.836689713174977,170.78598673953178,0.0,18.83668972403535,-1.0860373964122951e-08,0.0
763,45840.0,45840,18.836689713177798,18.836689713177798,171.05283984377462,0.0,18.836689724038127,-1.0860329672491621e-08,0.0
764,45900.0,45900,18.83668971318064,18.83668971318064,171.3196929480175,0.0,18.836689724040927,-1.086028525845124e-08,0.0
765,45960.0,45960,18.836689713183503,18.836689713183503,171.58654605226042,0.0,18.836689724043744,-1.0860240725371954e-08,0.0
766,46020.0,46020,18.836689713186388,18.836689713186388,171.85339915650337,0.0,18.836689724046582,-1.0860196076653427e-08,0.0
767,46080.0,46080,18.836689713189294,18.836689713189294,172.12025226074635,0.0,18.836689724049446,-1.0860151315726433e-08,0.0
768,46140.0,46140,18.83668971319222,18.83668971319222,172.3871053649894,0.0,18.836689724052327,-1.0860106446048931e-08,0.0
769,46200.0,46200,18.83668971319517,18.83668971319517,172.65395846923246,0.0,18.836689724055233,-1.0860061471113049e-08,0.0
770,46260.0,46260,18.83668971319814,18.83668971319814,172.9208115734756,0.0,18.836689724058157,-1.0860016394437372e-08,0.0
771,46320.0,46320,18.836689713201135,18.836689713201135,173.18766467771874,0.0,18.836689724061106,-1.0859971219573198e-08,0.0
772,46380.0,46380,18.836689713204148,18.836689713204148,173.45451778196195,0.0,18.836689724064072,-1.0859925950104099e-08,0.0
773,46440.0,46440,18.836689713207182,18.836689713207182,173.7213708862052,0.0,18.836689724067064,-1.0859880589637928e-08,0.0
774,46500.0,46500,18.836689713210237,18.836689713210237,173.98822399044846,0.0,18.836689724070077,-1.0859835141819173e-08,0.0
775,46560.0,46560,18.83668971321332,18.83668971321332,174.25507709469179,0.0,18.83668972407311,-1.0859789610320673e-08,0.0
776,46620.0,46620,18.83668971321642,18.83668971321642,174.52193019893517,0.0,18.836689724076162,-1.0859743998847978e-08,0.0
777,46680.0,46680,18.836689713219542,18.836689713219542,174.7887833031786,0.0,18.836689724079243,-1.0859698311133241e-08,0.0
778,46740.0,46740,18.836689713222686,18.836689713222686,175.05563640742207,0.0,18.83668972408234,-1.0859652550945403e-08,0.0
779,46800.0,46800,18.836689713225855,18.836689713225855,175.3224895116656,0.0,18.83668972408546,-1.0859606722078696e-08,0.0
780,46860.0,46860,18.836689713229042,18.836689713229042,175.58934261590915,0.0,18.836689724088604,-1.0859560828363557e-08,0.0
781,46920.0,46920,18.836689713232253,18.836689713232253,175.85619572015273,0.0,18.83668972409177,-1.0859514873658185e-08,0.0
782,46980.0,46980,18.836689713235486,18.836689713235486,176.1230488243964,0.0,18.836689724094956,-1.085946886185321e-08,0.0
783,47040.0,47040,18.836689713238744,18.836689713238744,176.38990192864006,0.0,18.836689724098164,-1.0859422796869782e-08,0.0
784,47100.0,47100,18.83668971324202,18.83668971324202,176.6567550328838,0.0,18.836689724101397,-1.0859376682662495e-08,0.0
785,47160.0,47160,18.83668971324532,18.83668971324532,176.92360813712762,0.0,18.83668972410465,-1.0859330523217057e-08,0.0
786,47220.0,47220,18.836689713248642,18.836689713248642,177.1904612413714,0.0,18.836689724107927,-1.0859284322546938e-08,0.0
787,47280.0,47280,18.83668971325199,18.83668971325199,177.45731434561526,0.0,18.836689724111228,-1.085923808469934e-08,0.0
788,47340.0,47340,18.836689713255357,18.836689713255357,177.72416744985918,0.0,18.836689724114546,-1.0859191813754763e-08,0.0
789,47400.0,47400,18.836689713258746,18.836689713258746,177.99102055410313,0.0,18.83668972411789,-1.085914551382321e-08,0.0
790,47460.0,47460,18.83668971326216,18.83668971326216,178.2578736583472,0.0,18.836689724121257,-1.0859099189046244e-08,0.0
791,47520.0,47520,18.836689713265592,18.836689713265592,178.52472676259126,0.0,18.836689724124646,-1.085905284359813e-08,0.0
792,47580.0,47580,18.836689713269053,18.836689713269053,178.79157986683538,0.0,18.836689724128057,-1.0859006481682646e-08,0.0
793,47640.0,47640,18.836689713272534,18.836689713272534,179.05843297107955,0.0,18.836689724131492,-1.0858960107536582e-08,0.0
794,47700.0,47700,18.836689713276037,18.836689713276037,179.32528607532373,0.0,18.836689724134953,-1.0858913725426958e-08,0.0
795,47760.0,47760,18.836689713279565,18.836689713279565,179.592139179568,0.0,18.83668972413843,-1.085886733965438e-08,0.0
796,47820.0,47820,18.836689713283114,18.836689713283114,179.85899228381234,0.0,18.836689724141937,-1.08588209545481e-08,0.0
797,47880.0,47880,18.836689713286688,18.836689713286688,180.1258453880567,0.0,18.836689724145465,-1.0858774574470074e-08,0.0
798,47940.0,47940,18.836689713290287,18.836689713290287,180.39269849230112,0.0,18.836689724149014,-1.0858728203813954e-08,0.0
799,48000.0,48000,18.836689713293907,18.836689713293907,180.6595515965456,0.0,18.83668972415259,-1.085868184700538e-08,0.0
800,48060.0,48060,18.83668971329755,18.83668971329755,180.92640470079013,0.0,18.836689724156187,-1.0858635508497757e-08,0.0
801,48120.0,48120,18.83668971330122,18.83668971330122,181.19325780503468,0.0,18.836689724159807,-1.0858589192778073e-08,0.0
802,48180.0,48180,18.83668971330491,18.83668971330491,181.46011090927928,0.0,18.836689724163453,-1.085854290436574e-08,0.0
803,48240.0,48240,18.836689713308623,18.836689713308623,181.72696401352394,0.0,18.83668972416712,-1.08584966478075e-08,0.0
804,48300.0,48300,18.83668971331236,18.83668971331236,181.99381711776869,0.0,18.83668972417081,-1.0858450427684407e-08,0.0
805,48360.0,48360,18.836689713316122,18.836689713316122,182.2606702220135,0.0,18.836689724174526,-1.08584042486047e-08,0.0
806,48420.0,48420,18.836689713319906,18.836689713319906,182.5275233262583,0.0,18.836689724178267,-1.0858358115210927e-08,0.0
807,48480.0,48480,18.836689713323718,18.836689713323718,182.7943764305032,0.0,18.83668972418203,-1.0858312032172102e-08,0.0
808,48540.0,48540,18.83668971332755,18.83668971332755,183.06122953474815,0.0,18.836689724185817,-1.085826600419169e-08,0.0
809,48600.0,48600,18.83668971333141,18.83668971333141,183.32808263899315,0.0,18.83668972418963,-1.085822003599962e-08,0.0
810,48660.0,48660,18.836689713335293,18.836689713335293,183.59493574323818,0.0,18.836689724193466,-1.0858174132357217e-08,0.0
811,48720.0,48720,18.836689713339197,18.836689713339197,183.86178884748327,0.0,18.836689724197324,-1.0858128298056344e-08,0.0
812,48780.0,48780,18.836689713343127,18.836689713343127,184.12864195172844,0.0,18.836689724201207,-1.0858082537915609e-08,0.0
813,48840.0,48840,18.83668971334708,18.83668971334708,184.39549505597367,0.0,18.83668972420512,-1.0858036856788954e-08,0.0
814,48900.0,48900,18.83668971335106,18.83668971335106,184.66234816021895,0.0,18.83668972420905,-1.0857991259551688e-08,0.0
815,48960.0,48960,18.836689713355064,18.836689713355064,184.9292012644643,0.0,18.83668972421301,-1.0857945751112414e-08,0.0
816,49020.0,49020,18.836689713359092,18.836689713359092,185.19605436870967,0.0,18.836689724216992,-1.085790033640925e-08,0.0
817,49080.0,49080,18.836689713363143,18.836689713363143,185.46290747295512,0.0,18.836689724221,-1.0857855020404445e-08,0.0
818,49140.0,49140,18.83668971336722,18.83668971336722,185.7297605772006,0.0,18.83668972422503,-1.0857809808093252e-08,0.0
819,49200.0,49200,18.836689713371324,18.836689713371324,185.99661368144615,0.0,18.83668972422909,-1.0857764704494474e-08,0.0
820,49260.0,49260,18.836689713375453,18.836689713375453,186.26346678569178,0.0,18.836689724233175,-1.0857719714656868e-08,0.0
821,49320.0,49320,18.836689713379606,18.836689713379606,186.53031988993746,0.0,18.83668972423728,-1.0857674843657098e-08,0.0
822,49380.0,49380,18.83668971338378,18.83668971338378,186.7971729941832,0.0,18.836689724241413,-1.0857630096594658e-08,0.0
823,49440.0,49440,18.836689713387987,18.836689713387987,187.06402609842897,0.0,18.83668972424557,-1.0857585478600153e-08,0.0
824,49500.0,49500,18.836689713392214,18.836689713392214,187.33087920267485,0.0,18.836689724249755,-1.0857540994825414e-08,0.0
825,49560.0,49560,18.836689713396467,18.836689713396467,187.5977323069208,0.0,18.836689724253965,-1.0857496650452803e-08,0.0
826,49620.0,49620,18.836689713400744,18.836689713400744,187.86458541116673,0.0,18.8366897242582,-1.0857452450685182e-08,0.0
827,49680.0,49680,18.83668971340505,18.83668971340505,188.13143851541278,0.0,18.836689724262456,-1.0857408400754196e-08,0.0
828,49740.0,49740,18.83668971340938,18.83668971340938,188.3982916196589,0.0,18.836689724266744,-1.085736450591359e-08,0.0
829,49800.0,49800,18.836689713413737,18.836689713413737,188.66514472390503,0.0,18.836689724271057,-1.0857320771441099e-08,0.0
830,49860.0,49860,18.836689713418117,18.836689713418117,188.93199782815128,0.0,18.836689724275395,-1.0857277202638734e-08,0.0
831,49920.0,49920,18.836689713422526,18.836689713422526,189.19885093239756,0.0,18.836689724279758,-1.0857233804829447e-08,0.0
832,49980.0,49980,18.83668971342696,18.83668971342696,189.4657040366439,0.0,18.83668972428415,-1.0857190583359007e-08,0.0
833,50040.0,50040,18.83668971343142,18.83668971343142,189.7325571408903,0.0,18.836689724288565,-1.0857147543597906e-08,0.0
834,50100.0,50100,18.836689713435906,18.836689713435906,189.99941024513674,0.0,18.83668972429301,-1.0857104690933787e-08,0.0
835,50160.0,50160,18.836689713440418,18.836689713440418,190.26626334938328,0.0,18.83668972429748,-1.0857062030775519e-08,0.0
836,50220.0,50220,18.836689713444958,18.836689713444958,190.53311645362987,0.0,18.836689724301976,-1.0857019568552473e-08,0.0
837,50280.0,50280,18.83668971344952,18.83668971344952,190.79996955787652,0.0,18.8366897243065,-1.085697730971437e-08,0.0
838,50340.0,50340,18.836689713454113,18.836689713454113,191.06682266212326,0.0,18.836689724311046,-1.0856935259726637e-08,0.0
839,50400.0,50400,18.836689713458732,18.836689713458732,191.33367576637005,0.0,18.836689724315626,-1.0856893424075487e-08,0.0
840,50460.0,50460,18.83668971346338,18.83668971346338,191.60052887061693,0.0,18.83668972432023,-1.0856851808261528e-08,0.0
841,50520.0,50520,18.836689713468047,18.83668971346805,191.86738197486383,0.0,18.83668972432486,-1.0856810417802958e-08,0.0
842,50580.0,50580,18.836689713472747,18.836689713472747,192.13423507911082,0.0,18.83668972432952,-1.0856769258232805e-08,0.0
843,50640.0,50640,18.836689713477476,18.836689713477476,192.4010881833579,0.0,18.836689724334207,-1.0856728335099512e-08,0.0
844,50700.0,50700,18.83668971348223,18.83668971348223,192.667941287605,0.0,18.836689724338918,-1.0856687653964451e-08,0.0
845,50760.0,50760,18.83668971348701,18.83668971348701,192.9347943918522,0.0,18.836689724343657,-1.0856647220401799e-08,0.0
846,50820.0,50820,18.83668971349182,18.83668971349182,193.20164749609947,0.0,18.836689724348425,-1.0856607039998082e-08,0.0
847,50880.0,50880,18.836689713496654,18.836689713496654,193.46850060034677,0.0,18.836689724353224,-1.0856567118350297e-08,0.0
848,50940.0,50940,18.836689713501517,18.836689713501517,193.73535370459422,0.0,18.836689724358045,-1.0856527461065911e-08,0.0
849,51000.0,51000,18.83668971350641,18.83668971350641,194.00220680884166,0.0,18.8366897243629,-1.0856488073760822e-08,0.0
850,51060.0,51060,18.83668971351133,18.83668971351133,194.26905991308922,0.0,18.836689724367776,-1.0856448962058192e-08,0.0
851,51120.0,51120,18.83668971351628,18.83668971351628,194.53591301733678,0.0,18.836689724372686,-1.0856410131590497e-08,0.0
852,51180.0,51180,18.836689713521253,18.836689713521253,194.80276612158448,0.0,18.836689724377624,-1.0856371587992238e-08,0.0
853,51240.0,51240,18.836689713526255,18.836689713526255,195.0696192258322,0.0,18.83668972438259,-1.085633333690345e-08,0.0
854,51300.0,51300,18.83668971353129,18.83668971353129,195.33647233008008,0.0,18.836689724387583,-1.0856295383968525e-08,0.0
855,51360.0,51360,18.836689713536348,18.836689713536348,195.60332543432796,0.0,18.836689724392606,-1.0856257734835634e-08,0.0
856,51420.0,51420,18.83668971354144,18.83668971354144,195.87017853857594,0.0,18.836689724397658,-1.0856220395147134e-08,0.0
857,51480.0,51480,18.836689713546555,18.836689713546555,196.13703164282396,0.0,18.83668972440274,-1.0856183370550326e-08,0.0
858,51540.0,51540,18.836689713551703,18.836689713551703,196.40388474707208,0.0,18.836689724407847,-1.085614666668771e-08,0.0
859,51600.0,51600,18.83668971355688,18.83668971355688,196.67073785132024,0.0,18.836689724412988,-1.0856110289200628e-08,0.0
860,51660.0,51660,18.83668971356208,18.83668971356208,196.93759095556848,0.0,18.836689724418154,-1.0856074243722132e-08,0.0
861,51720.0,51720,18.836689713567313,18.836689713567313,197.2044440598168,0.0,18.836689724423355,-1.0856038535880912e-08,0.0
862,51780.0,51780,18.83668971357258,18.83668971357258,197.4712971640652,0.0,18.83668972442858,-1.085600317129679e-08,0.0
863,51840.0,51840,18.836689713577872,18.836689713577872,197.7381502683137,0.0,18.83668972443384,-1.0855968155579851e-08,0.0
864,51900.0,51900,18.83668971358319,18.83668971358319,198.0050033725622,0.0,18.836689724439125,-1.0855933494328833e-08,0.0
865,51960.0,51960,18.83668971358854,18.83668971358854,198.27185647681083,0.0,18.83668972444444,-1.0855899193128231e-08,0.0
866,52020.0,52020,18.836689713593927,18.836689713593927,198.53870958105955,0.0,18.83668972444979,-1.0855865257548002e-08,0.0
867,52080.0,52080,18.836689713599334,18.836689713599334,198.8055626853083,0.0,18.836689724455166,-1.0855831693143563e-08,0.0
868,52140.0,52140,18.836689713604777,18.836689713604777,199.07241578955717,0.0,18.836689724460577,-1.0855798505445034e-08,0.0
869,52200.0,52200,18.836689713610248,18.836689713610248,199.3392688938061,0.0,18.836689724466012,-1.0855765699971485e-08,0.0
870,52260.0,52260,18.83668971361575,18.83668971361575,199.6061219980551,0.0,18.836689724471483,-1.0855733282209424e-08,0.0
871,52320.0,52320,18.836689713621283,18.836689713621283,199.8729751023042,0.0,18.836689724476987,-1.0855701257626309e-08,0.0
872,52380.0,52380,18.836689713626846,18.836689713626846,200.13982820655337,0.0,18.836689724482515,-1.0855669631660813e-08,0.0
873,52440.0,52440,18.83668971363244,18.83668971363244,200.40668131080264,0.0,18.836689724488078,-1.0855638409721664e-08,0.0
874,52500.0,52500,18.836689713638066,18.836689713638066,200.67353441505193,0.0,18.83668972449367,-1.0855607597187054e-08,0.0
875,52560.0,52560,18.83668971364372,18.83668971364372,200.94038751930134,0.0,18.836689724499294,-1.085557719940072e-08,0.0
876,52620.0,52620,18.836689713649406,18.836689713649406,201.20724062355083,0.0,18.836689724504954,-1.0855547221670929e-08,0.0
877,52680.0,52680,18.836689713655122,18.836689713655122,201.4740937278004,0.0,18.83668972451064,-1.0855517669263927e-08,0.0
878,52740.0,52740,18.836689713660874,18.836689713660874,201.74094683205,0.0,18.83668972451636,-1.0855488547408018e-08,0.0
879,52800.0,52800,18.836689713666654,18.836689713666654,202.00779993629973,0.0,18.836689724522113,-1.0855459861285563e-08,0.0
880,52860.0,52860,18.836689713672467,18.836689713672467,202.27465304054954,0.0,18.8366897245279,-1.0855431616031821e-08,0.0
881,52920.0,52920,18.83668971367831,18.83668971367831,202.54150614479943,0.0,18.836689724533716,-1.08554038167332e-08,0.0
882,52980.0,52980,18.836689713684187,18.836689713684187,202.80835924904937,0.0,18.836689724539568,-1.0855376468423041e-08,0.0
883,53040.0,53040,18.8366897136901,18.8366897136901,203.07521235329946,0.0,18.836689724545447,-1.085534957607828e-08,0.0
884,53100.0,53100,18.83668971369604,18.83668971369604,203.34206545754958,0.0,18.836689724551363,-1.0855323144617405e-08,0.0
885,53160.0,53160,18.83668971370201,18.83668971370201,203.6089185617998,0.0,18.83668972455731,-1.0855297178898718e-08,0.0
886,53220.0,53220,18.83668971370802,18.83668971370802,203.87577166605013,0.0,18.83668972456329,-1.085527168371204e-08,0.0
887,53280.0,53280,18.83668971371406,18.83668971371406,204.14262477030053,0.0,18.836689724569304,-1.0855246663780761e-08,0.0
888,53340.0,53340,18.83668971372013,18.83668971372013,204.409477874551,0.0,18.836689724575354,-1.0855222123757023e-08,0.0
889,53400.0,53400,18.836689713726233,18.836689713726233,204.67633097880156,0.0,18.836689724581433,-1.0855198068214465e-08,0.0
890,53460.0,53460,18.836689713732373,18.836689713732373,204.94318408305222,0.0,18.836689724587547,-1.0855174501650981e-08,0.0
891,53520.0,53520,18.836689713738544,18.836689713738544,205.21003718730302,0.0,18.836689724593697,-1.0855151428477233e-08,0.0
892,53580.0,53580,18.83668971374475,18.83668971374475,205.47689029155384,0.0,18.83668972459988,-1.0855128853021017e-08,0.0
893,53640.0,53640,18.83668971375099,18.83668971375099,205.74374339580476,0.0,18.836689724606096,-1.0855106779516207e-08,0.0
894,53700.0,53700,18.836689713757263,18.836689713757263,206.01059650005575,0.0,18.83668972461235,-1.0855085212103195e-08,0.0
895,53760.0,53760,18.83668971376357,18.83668971376357,206.27744960430687,0.0,18.836689724618637,-1.0855064154821919e-08,0.0
896,53820.0,53820,18.83668971376991,18.83668971376991,206.54430270855804,0.0,18.836689724624957,-1.0855043611611122e-08,0.0
897,53880.0,53880,18.836689713776288,18.836689713776288,206.8111558128093,0.0,18.836689724631313,-1.0855023586297604e-08,0.0
898,53940.0,53940,18.8366897137827,18.8366897137827,207.07800891706066,0.0,18.8366897246377,-1.085500408259753e-08,0.0
899,54000.0,54000,18.836689713789145,18.836689713789145,207.3448620213121,0.0,18.83668972464413,-1.0854985104110173e-08,0.0
900,54060.0,54060,18.836689713795625,18.836689713795625,207.61171512556362,0.0,18.836689724650594,-1.0854966654312103e-08,0.0
901,54120.0,54120,18.83668971380214,18.83668971380214,207.87856822981527,0.0,18.83668972465709,-1.0854948736550208e-08,0.0
902,54180.0,54180,18.836689713808692,18.836689713808692,208.145421334067,0.0,18.836689724663625,-1.0854931354043438e-08,0.0
903,54240.0,54240,18.83668971381528,18.83668971381528,208.4122744383188,0.0,18.836689724670194,-1.0854914509866956e-08,0.0
904,54300.0,54300,18.8366897138219,18.8366897138219,208.6791275425707,0.0,18.8366897246768,-1.0854898206957521e-08,0.0
905,54360.0,54360,18.83668971382856,18.836689713828562,208.94598064682276,0.0,18.836689724683442,-1.085488244810142e-08,0.0
906,54420.0,54420,18.836689713835256,18.836689713835256,209.21283375107487,0.0,18.83668972469012,-1.0854867235929378e-08,0.0
907,54480.0,54480,18.836689713841984,18.836689713841984,209.4796868553271,0.0,18.836689724696836,-1.085485257291249e-08,0.0
908,54540.0,54540,18.836689713848752,18.836689713848752,209.74653995957934,0.0,18.83668972470359,-1.0854838461352765e-08,0.0
909,54600.0,54600,18.836689713855556,18.836689713855556,210.01339306383173,0.0,18.836689724710382,-1.0854824903384589e-08,0.0
910,54660.0,54660,18.8366897138624,18.8366897138624,210.28024616808423,0.0,18.836689724717207,-1.0854811900957999e-08,0.0
911,54720.0,54720,18.836689713869276,18.836689713869276,210.5470992723368,0.0,18.836689724724074,-1.0854799455838103e-08,0.0
912,54780.0,54780,18.83668971387619,18.83668971387619,210.81395237658944,0.0,18.836689724730977,-1.0854787569598102e-08,0.0
913,54840.0,54840,18.836689713883143,18.836689713883143,211.08080548084223,0.0,18.83668972473792,-1.0854776243610132e-08,0.0
914,54900.0,54900,18.836689713890134,18.836689713890134,211.3476585850951,0.0,18.8366897247449,-1.0854765479040754e-08,0.0
915,54960.0,54960,18.83668971389716,18.83668971389716,211.61451168934806,0.0,18.836689724751917,-1.0854755276839181e-08,0.0
916,55020.0,55020,18.836689713904228,18.836689713904228,211.88136479360116,0.0,18.836689724758973,-1.0854745637738296e-08,0.0
917,55080.0,55080,18.836689713911333,18.836689713911333,212.14821789785435,0.0,18.83668972476607,-1.0854736562232984e-08,0.0
918,55140.0,55140,18.836689713918478,18.836689713918478,212.4150710021076,0.0,18.836689724773205,-1.085472805058799e-08,0.0
919,55200.0,55200,18.83668971392566,18.83668971392566,212.68192410636098,0.0,18.83668972478038,-1.0854720102815091e-08,0.0
920,55260.0,55260,18.83668971393288,18.83668971393288,212.94877721061445,0.0,18.836689724787593,-1.0854712718676585e-08,0.0
921,55320.0,55320,18.836689713940142,18.836689713940142,213.21563031486806,0.0,18.836689724794848,-1.085470589766915e-08,0.0
922,55380.0,55380,18.836689713947443,18.836689713947443,213.48248341912176,0.0,18.83668972480214,-1.085469963901658e-08,0.0
923,55440.0,55440,18.836689713954783,18.836689713954783,213.74933652337555,0.0,18.836689724809478,-1.0854693941662226e-08,0.0
924,55500.0,55500,18.836689713962162,18.836689713962162,214.01618962762944,0.0,18.83668972481685,-1.0854688804257502e-08,0.0
925,55560.0,55560,18.836689713969584,18.836689713969584,214.28304273188343,0.0,18.836689724824264,-1.0854684225153901e-08,0.0
926,55620.0,55620,18.83668971397704,18.83668971397704,214.54989583613752,0.0,18.83668972483172,-1.0854680202390478e-08,0.0
927,55680.0,55680,18.836689713984544,18.836689713984544,214.81674894039173,0.0,18.836689724839218,-1.0854676733686307e-08,0.0
928,55740.0,55740,18.836689713992087,18.836689713992087,215.08360204464603,0.0,18.83668972484676,-1.0854673816428105e-08,0.0
929,55800.0,55800,18.836689713999668,18.836689713999668,215.35045514890044,0.0,18.836689724854338,-1.0854671447661523e-08,0.0
930,55860.0,55860,18.836689714007296,18.836689714007296,215.61730825315496,0.0,18.836689724861962,-1.0854669624077908e-08,0.0
931,55920.0,55920,18.83668971401496,18.83668971401496,215.88416135740962,0.0,18.83668972486963,-1.0854668342000644e-08,0.0
932,55980.0,55980,18.83668971402267,18.83668971402267,216.15101446166437,0.0,18.836689724877335,-1.0854667597380782e-08,0.0
933,56040.0,56040,18.836689714030417,18.836689714030417,216.4178675659192,0.0,18.836689724885083,-1.0854667385776984e-08,0.0
934,56100.0,56100,18.83668971403821,18.83668971403821,216.68472067017416,0.0,18.836689724892878,-1.085466770234665e-08,0.0
935,56160.0,56160,18.83668971404605,18.83668971404605,216.95157377442928,0.0,18.836689724900715,-1.0854668541835163e-08,0.0
936,56220.0,56220,18.836689714053925,18.836689714053925,217.21842687868445,0.0,18.836689724908595,-1.0854669898558731e-08,0.0
937,56280.0,56280,18.836689714061848,18.836689714061848,217.48527998293977,0.0,18.836689724916518,-1.0854671766392469e-08,0.0
938,56340.0,56340,18.836689714069813,18.836689714069813,217.7521330871952,0.0,18.836689724924486,-1.0854674138756145e-08,0.0
939,56400.0,56400,18.83668971407782,18.83668971407782,218.01898619145075,0.0,18.836689724932498,-1.0854677008602119e-08,0.0
940,56460.0,56460,18.836689714085875,18.836689714085875,218.28583929570635,0.0,18.836689724940555,-1.0854680368399933e-08,0.0
941,56520.0,56520,18.836689714093975,18.836689714093975,218.55269239996207,0.0,18.83668972494866,-1.0854684210116386e-08,0.0
942,56580.0,56580,18.836689714102114,18.836689714102114,218.8195455042179,0.0,18.836689724956805,-1.0854688525207692e-08,0.0
943,56640.0,56640,18.836689714110303,18.836689714110303,219.08639860847387,0.0,18.836689724964998,-1.0854693304601012e-08,0.0
944,56700.0,56700,18.83668971411854,18.83668971411854,219.35325171273,0.0,18.836689724973237,-1.0854698538672206e-08,0.0
945,56760.0,56760,18.836689714126816,18.836689714126816,219.6201048169862,0.0,18.83668972498152,-1.085470421723741e-08,0.0
946,56820.0,56820,18.83668971413514,18.83668971413514,219.88695792124258,0.0,18.83668972498985,-1.0854710329533257e-08,0.0
947,56880.0,56880,18.836689714143514,18.836689714143514,220.153811025499,0.0,18.83668972499823,-1.0854716864197108e-08,0.0
948,56940.0,56940,18.83668971415193,18.83668971415193,220.42066412975558,0.0,18.836689725006654,-1.085472380925062e-08,0.0
949,57000.0,57000,18.836689714160393,18.836689714160393,220.68751723401223,0.0,18.836689725015127,-1.0854731152079543e-08,0.0
950,57060.0,57060,18.836689714168905,18.836689714168905,220.95437033826906,0.0,18.836689725023646,-1.0854738879417432e-08,0.0
951,57120.0,57120,18.836689714177467,18.836689714177467,221.22122344252602,0.0,18.836689725032215,-1.0854746977322533e-08,0.0
952,57180.0,57180,18.836689714186072,18.836689714186072,221.48807654678305,0.0,18.836689725040827,-1.0854755431161935e-08,0.0
953,57240.0,57240,18.83668971419473,18.83668971419473,221.75492965104021,0.0,18.836689725049496,-1.0854764225585258e-08,0.0
954,57300.0,57300,18.836689714203434,18.836689714203434,222.02178275529752,0.0,18.836689725058207,-1.0854773344507496e-08,0.0
955,57360.0,57360,18.836689714212188,18.836689714212188,222.28863585955497,0.0,18.83668972506697,-1.0854782771086339e-08,0.0
956,57420.0,57420,18.83668971422099,18.83668971422099,222.5554889638125,0.0,18.836689725075786,-1.0854792487697594e-08,0.0
957,57480.0,57480,18.836689714229845,18.836689714229845,222.82234206807016,0.0,18.836689725084646,-1.0854802475915576e-08,0.0
958,57540.0,57540,18.836689714238748,18.836689714238748,223.08919517232795,0.0,18.83668972509356,-1.0854812716485323e-08,0.0
959,57600.0,57600,18.836689714247704,18.836689714247704,223.35604827658585,0.0,18.836689725102524,-1.0854823189302682e-08,0.0
960,57660.0,57660,18.836689714256707,18.836689714256707,223.62290138084387,0.0,18.83668972511154,-1.0854833873384804e-08,0.0
961,57720.0,57720,18.836689714265763,18.836689714265763,223.88975448510203,0.0,18.836689725120607,-1.0854844746847455e-08,0.0
962,57780.0,57780,18.836689714274872,18.836689714274872,224.15660758936033,0.0,18.836689725129727,-1.0854855786876527e-08,0.0
963,57840.0,57840,18.83668971428403,18.83668971428403,224.42346069361878,0.0,18.8366897251389,-1.0854866969704192e-08,0.0
964,57900.0,57900,18.836689714293243,18.836689714293243,224.6903137978773,0.0,18.836689725148123,-1.0854878270576767e-08,0.0
965,57960.0,57960,18.836689714302512,18.836689714302512,224.957166902136,0.0,18.8366897251574,-1.0854889663728122e-08,0.0
966,58020.0,58020,18.836689714311834,18.836689714311834,225.22402000639485,0.0,18.836689725166732,-1.0854901122350882e-08,0.0
967,58080.0,58080,18.836689714321206,18.836689714321206,225.49087311065378,0.0,18.836689725176118,-1.0854912618565171e-08,0.0
968,58140.0,58140,18.836689714330635,18.836689714330635,225.75772621491288,0.0,18.836689725185558,-1.0854924123387945e-08,0.0
969,58200.0,58200,18.836689714340118,18.836689714340118,226.0245793191721,0.0,18.836689725195054,-1.0854935606700705e-08,0.0
970,58260.0,58260,18.836689714349657,18.836689714349657,226.29143242343144,0.0,18.836689725204604,-1.0854947037217809e-08,0.0
971,58320.0,58320,18.836689714359252,18.836689714359252,226.55828552769094,0.0,18.83668972521421,-1.0854958382449691e-08,0.0
972,58380.0,58380,18.836689714368905,18.836689714368905,226.82513863195052,0.0,18.836689725223874,-1.0854969608672473e-08,0.0
973,58440.0,58440,18.836689714378615,18.836689714378615,227.09199173621028,0.0,18.836689725233594,-1.085498068089046e-08,0.0
974,58500.0,58500,18.83668971438838,18.83668971438838,227.3588448404702,0.0,18.83668972524337,-1.0854991562796583e-08,0.0
975,58560.0,58560,18.836689714398204,18.836689714398204,227.62569794473026,0.0,18.83668972525321,-1.0855002216739999e-08,0.0
976,58620.0,58620,18.836689714408088,18.836689714408088,227.8925510489904,0.0,18.836689725263103,-1.0855012603684058e-08,0.0
977,58680.0,58680,18.836689714418032,18.836689714418032,228.1594041532507,0.0,18.836689725273054,-1.0855022683166182e-08,0.0
978,58740.0,58740,18.836689714428037,18.836689714428037,228.42625725751117,0.0,18.83668972528307,-1.0855032413258326e-08,0.0
979,58800.0,58800,18.8366897144381,18.8366897144381,228.69311036177174,0.0,18.83668972529314,-1.0855041750528004e-08,0.0
980,58860.0,58860,18.836689714448223,18.836689714448223,228.9599634660325,0.0,18.836689725303277,-1.0855050649984799e-08,0.0
981,58920.0,58920,18.836689714458412,18.836689714458412,229.22681657029338,0.0,18.83668972531347,-1.0855059065046482e-08,0.0
982,58980.0,58980,18.836689714468662,18.836689714468662,229.49366967455438,0.0,18.836689725323726,-1.0855066947488418e-08,0.0
983,59040.0,59040,18.836689714478975,18.836689714478975,229.76052277881558,0.0,18.836689725334047,-1.085507424739312e-08,0.0
984,59100.0,59100,18.836689714489353,18.836689714489353,230.0273758830769,0.0,18.836689725344435,-1.0855080913106782e-08,0.0
985,59160.0,59160,18.836689714499794,18.836689714499794,230.29422898733836,0.0,18.83668972535488,-1.085508689118519e-08,0.0
986,59220.0,59220,18.8366897145103,18.8366897145103,230.56108209159999,0.0,18.836689725365392,-1.0855092126342112e-08,0.0
987,59280.0,59280,18.836689714520876,18.836689714520876,230.82793519586173,0.0,18.836689725375972,-1.0855096561398127e-08,0.0
988,59340.0,59340,18.836689714531516,18.836689714531516,231.09478830012364,0.0,18.836689725386616,-1.0855100137218544e-08,0.0
989,59400.0,59400,18.836689714542228,18.836689714542228,231.3616414043857,0.0,18.836689725397328,-1.0855102792662513e-08,0.0
990,59460.0,59460,18.836689714553007,18.836689714553007,231.62849450864792,0.0,18.83668972540811,-1.0855104464518189e-08,0.0
991,59520.0,59520,18.836689714563853,18.836689714563853,231.89534761291029,0.0,18.83668972541896,-1.0855105087444143e-08,0.0
992,59580.0,59580,18.836689714574774,18.836689714574774,232.16220071717277,0.0,18.836689725429878,-1.0855104593901171e-08,0.0
993,59640.0,59640,18.836689714585766,18.836689714585766,232.42905382143545,0.0,18.836689725440866,-1.0855102914089205e-08,0.0
994,59700.0,59700,18.836689714596833,18.836689714596833,232.69590692569827,0.0,18.836689725451933,-1.0855099975873594e-08,0.0
995,59760.0,59760,18.836689714607967,18.836689714607967,232.96276002996126,0.0,18.836689725463067,-1.0855095704715182e-08,0.0
996,59820.0,59820,18.836689714619183,18.836689714619183,233.22961313422437,0.0,18.836689725474272,-1.0855090023590927e-08,0.0
997,59880.0,59880,18.836689714630474,18.836689714630474,233.49646623848767,0.0,18.836689725485556,-1.0855082852916843e-08,0.0
998,59940.0,59940,18.836689714641842,18.836689714641842,233.76331934275115,0.0,18.836689725496917,-1.0855074110464122e-08,0.0
999,60000.0,60000,18.836689714653293,18.836689714653293,234.03017244701476,0.0,18.836689725508357,-1.0855063711268108e-08,0.0
1000,60060.0,60060,18.83668971466482,18.83668971466482,234.29702555127852,0.0,18.836689725519875,-1.0855051567535562e-08,0.0
1001,60120.0,60120,18.83668971467643,18.83668971467643,234.56387865554245,0.0,18.836689725531468,-1.0855037588548256e-08,0.0
1002,60180.0,60180,18.836689714688127,18.836689714688127,234.83073175980664,0.0,18.83668972554315,-1.0855021680559324e-08,0.0
1003,60240.0,60240,18.836689714699908,18.836689714699908,235.09758486407088,0.0,18.836689725554912,-1.0855003746676367e-08,0.0
1004,60300.0,60300,18.836689714711774,18.836689714711774,235.36443796833532,0.0,18.83668972556676,-1.0854983686750822e-08,0.0
1005,60360.0,60360,18.83668971472373,18.83668971472373,235.63129107259994,0.0,18.83668972557869,-1.0854961397241872e-08,0.0
1006,60420.0,60420,18.836689714735776,18.836689714735776,235.8981441768647,0.0,18.836689725590713,-1.0854936771086775e-08,0.0
1007,60480.0,60480,18.836689714747916,18.836689714747916,236.16499728112964,0.0,18.836689725602827,-1.0854909697551408e-08,0.0
1008,60540.0,60540,18.83668971476015,18.83668971476015,236.43185038539474,0.0,18.83668972561503,-1.0854880062071203e-08,0.0
1009,60600.0,60600,18.836689714772483,18.836689714772483,236.69870348966003,0.0,18.83668972562733,-1.0854847746074813e-08,0.0
1010,60660.0,60660,18.836689714784914,18.836689714784914,236.96555659392553,0.0,18.83668972563973,-1.0854812626798887e-08,0.0
1011,60720.0,60720,18.836689714797448,18.836689714797448,237.2324096981912,0.0,18.836689725652224,-1.0854774577081619e-08,0.0
1012,60780.0,60780,18.83668971481009,18.83668971481009,237.499262802457,0.0,18.836689725664822,-1.0854733465128105e-08,0.0
1013,60840.0,60840,18.83668971482284,18.83668971482284,237.766115906723,0.0,18.836689725677527,-1.0854689154269583e-08,0.0
1014,60900.0,60900,18.836689714835696,18.836689714835696,238.03296901098918,0.0,18.83668972569034,-1.0854641502678628e-08,0.0
1015,60960.0,60960,18.836689714848674,18.836689714848674,238.29982211525555,0.0,18.836689725703263,-1.0854590363063698e-08,0.0
1016,61020.0,61020,18.836689714861766,18.836689714861766,238.56667521952212,0.0,18.8366897257163,-1.0854535582318324e-08,0.0
1017,61080.0,61080,18.836689714874986,18.836689714874986,238.83352832378887,0.0,18.83668972572946,-1.0854477001146016e-08,0.0
1018,61140.0,61140,18.83668971488833,18.83668971488833,239.10038142805575,0.0,18.836689725742744,-1.085441445361714e-08,0.0
1019,61200.0,61200,18.836689714901805,18.836689714901805,239.3672345323229,0.0,18.836689725756152,-1.085434776668521e-08,0.0
1020,61260.0,61260,18.83668971491542,18.83668971491542,239.63408763659018,0.0,18.836689725769695,-1.085427675963125e-08,0.0
1021,61320.0,61320,18.836689714929175,18.836689714929175,239.90094074085772,0.0,18.836689725783373,-1.0854201243442694e-08,0.0
1022,61380.0,61380,18.836689714943077,18.836689714943077,240.16779384512537,0.0,18.8366897257972,-1.0854121020096364e-08,0.0
1023,61440.0,61440,18.836689714957135,18.836689714957135,240.4346469493933,0.0,18.836689725811173,-1.0854035881749695e-08,0.0
1024,61500.0,61500,18.83668971497136,18.83668971497136,240.70150005366136,0.0,18.836689725825305,-1.0853945609812018e-08,0.0
1025,61560.0,61560,18.836689714985752,18.836689714985752,240.96835315792967,0.0,18.836689725839605,-1.0853849973880208e-08,0.0
1026,61620.0,61620,18.836689715000325,18.836689715000325,241.23520626219812,0.0,18.83668972585407,-1.085374873052109e-08,0.0
1027,61680.0,61680,18.836689715015083,18.836689715015083,241.50205936646682,0.0,18.836689725868723,-1.0853641621867607e-08,0.0
1028,61740.0,61740,18.83668971503004,18.83668971503004,241.76891247073576,0.0,18.83668972588357,-1.085352837399503e-08,0.0
1029,61800.0,61800,18.836689715045207,18.836689715045207,242.03576557500492,0.0,18.836689725898616,-1.0853408695064259e-08,0.0
1030,61860.0,61860,18.836689715060594,18.836689715060594,242.30261867927427,0.0,18.836689725913878,-1.085328227315108e-08,0.0
1031,61920.0,61920,18.83668971507622,18.83668971507622,242.56947178354383,0.0,18.836689725929368,-1.0853148773754885e-08,0.0
1032,61980.0,61980,18.836689715092096,18.836689715092096,242.83632488781362,0.0,18.836689725945103,-1.0853007836901434e-08,0.0
1033,62040.0,62040,18.836689715108236,18.836689715108236,243.10317799208357,0.0,18.836689725961094,-1.0852859073775342e-08,0.0
1034,62100.0,62100,18.836689715124663,18.836689715124663,243.37003109635384,0.0,18.836689725977365,-1.085270206283264e-08,0.0
1035,62160.0,62160,18.836689715141397,18.836689715141397,243.63688420062428,0.0,18.83668972599393,-1.085253634526931e-08,0.0
1036,62220.0,62220,18.83668971515846,18.83668971515846,243.903737304895,0.0,18.83668972601082,-1.0852361419764034e-08,0.0
1037,62280.0,62280,18.836689715175876,18.836689715175876,244.17059040916598,0.0,18.836689726028055,-1.0852176736387932e-08,0.0
1038,62340.0,62340,18.836689715193675,18.836689715193675,244.43744351343716,0.0,18.83668972604566,-1.0851981689531456e-08,0.0
1039,62400.0,62400,18.83668971521189,18.83668971521189,244.70429661770862,0.0,18.836689726063664,-1.0851775609725096e-08,0.0
1040,62460.0,62460,18.83668971523055,18.83668971523055,244.9711497219803,0.0,18.836689726082106,-1.0851557754187955e-08,0.0
1041,62520.0,62520,18.836689715249694,18.836689715249694,245.23800282625226,0.0,18.836689726101024,-1.085132729594967e-08,0.0
1042,62580.0,62580,18.836689715269372,18.836689715269372,245.50485593052449,0.0,18.836689726120454,-1.0851083311386494e-08,0.0
1043,62640.0,62640,18.836689715289623,18.836689715289623,245.77170903479703,0.0,18.83668972614045,-1.0850824766019304e-08,0.0
1044,62700.0,62700,18.836689715310506,18.836689715310506,246.0385621390698,0.0,18.836689726161055,-1.0850550498469299e-08,0.0
1045,62760.0,62760,18.836689715332074,18.836689715332074,246.30541524334294,0.0,18.836689726182335,-1.0850259202547698e-08,0.0
1046,62820.0,62820,18.836689715354396,18.836689715354396,246.57226834761636,0.0,18.836689726204344,-1.0849949407549356e-08,0.0
1047,62880.0,62880,18.836689715377535,18.836689715377535,246.8391214518901,0.0,18.836689726227153,-1.0849619457047198e-08,0.0
1048,62940.0,62940,18.83668971540157,18.83668971540157,247.10597455616414,0.0,18.836689726250835,-1.0849267486783208e-08,0.0
1049,63000.0,63000,18.836689715426573,18.836689715426573,247.37282766043853,0.0,18.836689726275463,-1.08488914026567e-08,0.0
1050,63060.0,63060,18.83668971545263,18.83668971545263,247.63968076471326,0.0,18.836689726301117,-1.0848488860406453e-08,0.0
1051,63120.0,63120,18.836689715479817,18.836689715479817,247.9065338689884,0.0,18.836689726327872,-1.084805724923334e-08,0.0
1052,63180.0,63180,18.83668971550821,18.83668971550821,248.1733869732639,0.0,18.836689726355804,-1.084759368217459e-08,0.0
1053,63240.0,63240,18.83668971553787,18.83668971553787,248.44024007753984,0.0,18.836689726384964,-1.0847094995928018e-08,0.0
1054,63300.0,63300,18.836689715568824,18.836689715568824,248.70709318181616,0.0,18.83668972641538,-1.0846557760576037e-08,0.0
1055,63360.0,63360,18.83668971560106,18.83668971560106,248.9739462860929,0.0,18.83668972644704,-1.084597829187833e-08,0.0
1056,63420.0,63420,18.8366897156345,18.8366897156345,249.24079939037014,0.0,18.83668972647985,-1.0845352637642371e-08,0.0
1057,63480.0,63480,18.836689715668946,18.836689715668946,249.50765249464786,0.0,18.836689726513622,-1.0844676458259426e-08,0.0
1058,63540.0,63540,18.83668971570407,18.83668971570407,249.77450559892603,0.0,18.83668972654801,-1.0843944604627892e-08,0.0
1059,63600.0,63600,18.836689715739336,18.836689715739336,250.0413587032047,0.0,18.836689726582488,-1.084314994962364e-08,0.0
1060,63660.0,63660,18.83668971577403,18.83668971577403,250.3082118074839,0.0,18.83668972661631,-1.0842280569332704e-08,0.0
1061,63720.0,63720,18.836689715807257,18.836689715807257,250.5750649117636,0.0,18.83668972664857,-1.0841313796878439e-08,0.0
1062,63780.0,63780,18.836689715838112,18.836689715838112,250.84191801604376,0.0,18.83668972667832,-1.0840206494970124e-08,0.0
1063,63840.0,63840,18.83668971586578,18.83668971586578,251.10877112032438,0.0,18.836689726704673,-1.0838891893462625e-08,0.0
1064,63900.0,63900,18.836689715888358,18.836689715888358,251.3756242246054,0.0,18.836689726725705,-1.0837349677837681e-08,0.0
1065,63960.0,63960,18.83668971585254,18.83668971585254,251.64247732888674,0.0,18.836689726689013,-1.0836471680554833e-08,0.0
1066,64020.0,64020,18.836689739074846,-281.1633102609252,251.90933043316755,300.0,1.0470014628778896e-08,-281.16331027139523,0.0
1067,64080.0,64080,18.836689739076164,-281.1633102609238,247.22327526212598,300.0,1.0469518516434419e-08,-281.16331027139336,0.0
1068,64140.0,64140,18.83668973907701,-281.16331026092297,242.53722009108438,300.0,1.046921731857841e-08,-281.1633102713922,0.0
1069,64200.0,64200,18.8366897390777,-281.16331026092234,237.85116492004283,300.0,1.0468996431514213e-08,-281.16331027139137,0.0
1070,64260.0,64260,18.83668973907829,-281.1633102609217,233.1651097490013,300.0,1.0468828002452618e-08,-281.16331027139057,0.0
1071,64320.0,64320,18.83668973907881,-281.1633102609212,228.47905457795974,300.0,1.0468697845186141e-08,-281.1633102713899,0.0
1072,64380.0,64380,18.836689739079272,-281.1633102609207,223.79299940691823,300.0,1.0468596592863947e-08,-281.1633102713893,0.0
1073,64440.0,64440,18.83668973907968,-281.16331026092035,219.10694423587674,300.0,1.0468517604798648e-08,-281.16331027138887,0.0
1074,64500.0,64500,18.836689739080043,-281.16331026091996,214.42088906483522,300.0,1.0468456026209596e-08,-281.16331027138847,0.0
1075,64560.0,64560,18.836689739080366,-281.1633102609197,209.7348338937937,300.0,1.0468408233644621e-08,-281.16331027138807,0.0
1076,64620.0,64620,18.836689739080658,-281.16331026091933,205.04877872275222,300.0,1.0468371477414506e-08,-281.16331027138773,0.0
1077,64680.0,64680,18.83668973907401,-141.16331026092584,200.3627235517107,159.99999999999986,1.0490845736879209e-08,-141.1633102714167,0.0
1078,64740.0,64740,18.836689724457603,18.836689724457603,198.01000171400239,0.0,18.8366897350388,-1.0581196181495765e-08,0.0
1079,64800.0,64800,18.83668972445952,18.83668972445952,198.27685481840572,0.0,18.836689735040633,-1.0581112044463052e-08,0.0
1080,64860.0,64860,18.83668972446145,18.83668972446145,198.54370792280915,0.0,18.836689735042476,-1.0581026618530201e-08,0.0
1081,64920.0,64920,18.83668972446339,18.83668972446339,198.81056102721254,0.0,18.83668973504433,-1.0580939888556472e-08,0.0
1082,64980.0,64980,18.83668972446534,18.83668972446534,199.077414131616,0.0,18.83668973504619,-1.0580851839339487e-08,0.0
1083,65040.0,65040,18.83668973908243,-281.16331026091757,199.34426723601948,300.0,1.046822035637839e-08,-281.1633102713858,0.0
1084,65100.0,65100,18.83668973908266,-281.16331026091734,194.65821206497802,300.0,1.0468209442131426e-08,-281.1633102713856,0.0
1085,65160.0,65160,18.83668973908287,-281.16331026091717,189.97215689393659,300.0,1.0468203321455202e-08,-281.16331027138534,0.0
1086,65220.0,65220,18.836689744873006,-581.163310255127,185.28610172289513,600.0,1.0448262539311364e-08,-581.1633102655753,0.0
1087,65280.0,65280,18.836689744873,-581.163310255127,175.60004655195021,600.0,1.0448218405971919e-08,-581.1633102655752,0.0
1088,65340.0,65340,18.836689744873006,-581.163310255127,165.9139913810053,600.0,1.044818806894858e-08,-581.1633102655753,0.0
1089,65400.0,65400,18.836689744873006,-581.163310255127,156.22793621006042,600.0,1.0448170473760134e-08,-581.1633102655752,0.0
1090,65460.0,65460,18.836689744873002,-581.163310255127,146.5418810391155,600.0,1.0448164921440232e-08,-581.1633102655752,0.0
1091,65520.0,65520,18.83668974487302,-581.163310255127,136.85582586817063,600.0,1.0448170964093025e-08,-581.1633102655752,0.0
1092,65580.0,65580,18.83668974487303,-581.163310255127,127.16977069722572,600.0,1.0448188344885716e-08,-581.1633102655752,0.0
1093,65640.0,65640,18.836689744873038,-581.163310255127,117.4837155262808,600.0,1.044821696578799e-08,-581.1633102655753,0.0
1094,65700.0,65700,18.83668973909088,-326.16331026090916,107.7976603553359,345.0,1.046644975194896e-08,-326.16331027137556,0.0
1095,65760.0,65760,18.836689739083504,-281.1633102609165,102.3616051842946,300.0,1.0468336808078097e-08,-281.1633102713849,0.0
1096,65820.0,65820,18.836689739089145,-196.16331026091098,97.67555001325316,215.0000000000001,1.0480477670990758e-08,-196.16331027139148,0.0
1097,65880.0,65880,18.836689724472738,18.836689724472738,94.40616150887841,0.0,18.836689735053533,-1.0580795094154094e-08,0.0
1098,65940.0,65940,18.83668972447209,18.83668972447209,94.673014613282,0.0,18.83668973505296,-1.0580868030464395e-08,0.0
1099,66000.0,66000,18.83668972447145,18.83668972447145,94.93986771768557,0.0,18.836689735052392,-1.0580940003894333e-08,0.0
1100,66060.0,66060,18.836689724470816,18.836689724470816,95.20672082208914,0.0,18.836689735051827,-1.0581011022942336e-08,0.0
1101,66120.0,66120,18.836689724470187,18.836689724470187,95.47357392649269,0.0,18.83668973505127,-1.0581081096002158e-08,0.0
1102,66180.0,66180,18.836689724469565,18.836689724469565,95.74042703089621,0.0,18.836689735050715,-1.0581150231361998e-08,0.0
1103,66240.0,66240,18.836689724468947,18.836689724468947,96.00728013529974,0.0,18.836689735050165,-1.0581218437203056e-08,0.0
1104,66300.0,66300,18.836689724468332,18.836689724468332,96.27413323970327,0.0,18.836689735049617,-1.0581285721599238e-08,0.0
1105,66360.0,66360,18.836689724467725,18.836689724467725,96.54098634410677,0.0,18.836689735049077,-1.0581352092524865e-08,0.0
1106,66420.0,66420,18.836689724467124,18.836689724467124,96.8078394485103,0.0,18.83668973504854,-1.0581417557845359e-08,0.0
1107,66480.0,66480,18.836689724466527,18.836689724466527,97.07469255291379,0.0,18.836689735048008,-1.0581482125327574e-08,0.0
1108,66540.0,66540,18.836689724465934,18.836689724465934,97.34154565731727,0.0,18.836689735047482,-1.0581545802630495e-08,0.0
1109,66600.0,66600,18.836689724465348,18.836689724465348,97.60839876172074,0.0,18.836689735046956,-1.05816085973122e-08,0.0
1110,66660.0,66660,18.83668972446477,18.83668972446477,97.87525186612423,0.0,18.836689735046438,-1.0581670516830605e-08,0.0
1111,66720.0,66720,18.836689724464193,18.836689724464193,98.14210497052768,0.0,18.836689735045923,-1.058173156854011e-08,0.0
1112,66780.0,66780,18.83668972446362,18.83668972446362,98.40895807493114,0.0,18.83668973504541,-1.0581791759695672e-08,0.0
1113,66840.0,66840,18.836689724463056,18.836689724463056,98.67581117933459,0.0,18.836689735044907,-1.0581851097449318e-08,0.0
1114,66900.0,66900,18.836689724462495,18.836689724462495,98.94266428373804,0.0,18.836689735044406,-1.058190958885581e-08,0.0
1115,66960.0,66960,18.83668972446194,18.83668972446194,99.20951738814146,0.0,18.836689735043908,-1.0581967240866836e-08,0.0
1116,67020.0,67020,18.83668972446139,18.83668972446139,99.47637049254487,0.0,18.836689735043418,-1.0582024060337544e-08,0.0
1117,67080.0,67080,18.836689724460847,18.836689724460847,99.74322359694828,0.0,18.836689735042928,-1.0582080054025099e-08,0.0
1118,67140.0,67140,18.83668972446031,18.83668972446031,100.01007670135171,0.0,18.836689735042444,-1.058213522858315e-08,0.0
1119,67200.0,67200,18.836689724459774,18.836689724459774,100.27692980575512,0.0,18.836689735041965,-1.0582189590574915e-08,0.0
1120,67260.0,67260,18.836689724459248,18.836689724459248,100.5437829101585,0.0,18.83668973504149,-1.0582243146459373e-08,0.0
1121,67320.0,67320,18.836689724458722,18.836689724458722,100.81063601456188,0.0,18.83668973504102,-1.0582295902600135e-08,0.0
1122,67380.0,67380,18.836689724458207,18.836689724458207,101.07748911896525,0.0,18.836689735040554,-1.0582347865265725e-08,0.0
1123,67440.0,67440,18.836689724457695,18.836689724457695,101.34434222336863,0.0,18.836689735040093,-1.058239904062828e-08,0.0
1124,67500.0,67500,18.836689724457187,18.836689724457187,101.61119532777198,0.0,18.836689735039634,-1.0582449434760058e-08,0.0
1125,67560.0,67560,18.836689724456683,18.836689724456683,101.87804843217533,0.0,18.836689735039183,-1.0582499053641287e-08,0.0
1126,67620.0,67620,18.836689724456186,18.836689724456186,102.14490153657869,0.0,18.836689735038735,-1.0582547903155955e-08,0.0
1127,67680.0,67680,18.836689724455695,18.836689724455695,102.41175464098201,0.0,18.83668973503829,-1.058259598909122e-08,0.0
1128,67740.0,67740,18.836689724455205,18.836689724455205,102.67860774538535,0.0,18.836689735037847,-1.0582643317141196e-08,0.0
1129,67800.0,67800,18.836689724454722,18.836689724454722,102.94546084978869,0.0,18.836689735037414,-1.0582689892904914e-08,0.0
1130,67860.0,67860,18.836689724454246,18.836689724454246,103.212313954192,0.0,18.836689735036984,-1.0582735721887202e-08,0.0
1131,67920.0,67920,18.836689724453773,18.836689724453773,103.47916705859531,0.0,18.836689735036558,-1.0582780809497945e-08,0.0
1132,67980.0,67980,18.836689724453308,18.836689724453308,103.74602016299862,0.0,18.836689735036135,-1.0582825161055147e-08,0.0
1133,68040.0,68040,18.836689724452846,18.836689724452846,104.01287326740191,0.0,18.836689735035716,-1.0582868781783333e-08,0.0
1134,68100.0,68100,18.83668972445239,18.83668972445239,104.27972637180521,0.0,18.836689735035304,-1.0582911676811652e-08,0.0
1135,68160.0,68160,18.836689724451936,18.836689724451936,104.5465794762085,0.0,18.83668973503489,-1.0582953851177084e-08,0.0
1136,68220.0,68220,18.836689724451492,18.836689724451492,104.8134325806118,0.0,18.836689735034486,-1.0582995309827486e-08,0.0
1137,68280.0,68280,18.83668972445105,18.83668972445105,105.08028568501508,0.0,18.83668973503409,-1.0583036057612724e-08,0.0
1138,68340.0,68340,18.83668972445061,18.83668972445061,105.34713878941834,0.0,18.83668973503369,-1.0583076099295584e-08,0.0
1139,68400.0,68400,18.836689724450185,18.836689724450185,105.61399189382159,0.0,18.836689735033296,-1.0583115439542747e-08,0.0
1140,68460.0,68460,18.83668972444976,18.83668972444976,105.88084499822484,0.0,18.83668973503291,-1.058315408293178e-08,0.0
1141,68520.0,68520,18.836689724449336,18.836689724449336,106.14769810262808,0.0,18.836689735032525,-1.0583192033946618e-08,0.0
1142,68580.0,68580,18.836689724448917,18.836689724448917,106.41455120703132,0.0,18.83668973503215,-1.0583229296984258e-08,0.0
1143,68640.0,68640,18.836689724448508,18.836689724448508,106.68140431143455,0.0,18.836689735031772,-1.0583265876343563e-08,0.0
1144,68700.0,68700,18.8366897244481,18.8366897244481,106.94825741583779,0.0,18.836689735031403,-1.05833017762382e-08,0.0
1145,68760.0,68760,18.836689724447698,18.836689724447698,107.21511052024101,0.0,18.836689735031037,-1.0583337000789226e-08,0.0
1146,68820.0,68820,18.836689724447304,18.836689724447304,107.48196362464424,0.0,18.836689735030674,-1.0583371554026252e-08,0.0
1147,68880.0,68880,18.83668972444691,18.83668972444691,107.74881672904746,0.0,18.836689735030316,-1.0583405439889188e-08,0.0
1148,68940.0,68940,18.836689724446526,18.836689724446526,108.01566983345066,0.0,18.836689735029964,-1.0583438662227516e-08,0.0
1149,69000.0,69000,18.836689724446142,18.836689724446142,108.28252293785386,0.0,18.836689735029616,-1.0583471224800285e-08,0.0
1150,69060.0,69060,18.836689724445765,18.836689724445765,108.54937604225705,0.0,18.836689735029267,-1.0583503131275973e-08,0.0
1151,69120.0,69120,18.836689724445392,18.836689724445392,108.81622914666022,0.0,18.83668973502893,-1.0583534385234807e-08,0.0
1152,69180.0,69180,18.836689724445026,18.836689724445026,109.08308225106343,0.0,18.836689735028592,-1.0583564990166882e-08,0.0
1153,69240.0,69240,18.836689724444664,18.836689724444664,109.3499353554666,0.0,18.836689735028262,-1.0583594949470983e-08,0.0
1154,69300.0,69300,18.83668972444431,18.83668972444431,109.61678845986975,0.0,18.83668973502793,-1.0583624266455763e-08,0.0
1155,69360.0,69360,18.836689724443957,18.836689724443957,109.88364156427293,0.0,18.83668973502761,-1.0583652944345987e-08,0.0
1156,69420.0,69420,18.83668972444361,18.83668972444361,110.15049466867609,0.0,18.83668973502729,-1.0583680986269596e-08,0.0
1157,69480.0,69480,18.836689724443268,18.836689724443268,110.41734777307926,0.0,18.836689735026976,-1.0583708395270201e-08,0.0
1158,69540.0,69540,18.836689724442927,18.836689724442927,110.68420087748241,0.0,18.836689735026663,-1.0583735174300705e-08,0.0
1159,69600.0,69600,18.836689724442596,18.836689724442596,110.95105398188555,0.0,18.836689735026358,-1.0583761326225461e-08,0.0
1160,69660.0,69660,18.83668972444227,18.83668972444227,111.2179070862887,0.0,18.836689735026056,-1.0583786853818398e-08,0.0
1161,69720.0,69720,18.836689724441943,18.836689724441943,111.48476019069184,0.0,18.836689735025757,-1.0583811759767378e-08,0.0
1162,69780.0,69780,18.836689724441626,18.836689724441626,111.75161329509498,0.0,18.836689735025463,-1.0583836046668526e-08,0.0
1163,69840.0,69840,18.83668973906495,-131.16331026093505,112.01846639949812,150.0,1.0490749387678892e-08,-131.16331027142581,0.0
1164,69900.0,69900,18.836689739064877,-131.16331026093513,109.83241122845632,150.0,1.0490745899299308e-08,-131.16331027142587,0.0
1165,69960.0,69960,18.836689739064795,-131.16331026093522,107.64635605741451,150.0,1.0490742979784889e-08,-131.16331027142596,0.0
1166,70020.0,70020,18.836689739064703,-131.1633102609353,105.46030088637268,150.0,1.0490740628993453e-08,-131.16331027142604,0.0
1167,70080.0,70080,18.836689739064603,-131.16331026093542,103.27424571533088,150.0,1.0490738847783488e-08,-131.16331027142616,0.0
1168,70140.0,70140,18.836689739064497,-131.1633102609355,101.08819054428905,150.0,1.0490737638141818e-08,-131.16331027142624,0.0
1169,70200.0,70200,18.83668973906438,-131.16331026093565,98.90213537324725,150.0,1.0490737003328823e-08,-131.16331027142638,0.0
1170,70260.0,70260,18.83668973906425,-131.16331026093576,96.71608020220542,150.0,1.0490736948044483e-08,-131.16331027142652,0.0
1171,70320.0,70320,18.83668973906412,-131.1633102609359,94.53002503116359,150.0,1.0490737478625218e-08,-131.16331027142664,0.0
1172,70380.0,70380,18.836689739063974,-131.16331026093604,92.34396986012179,150.0,1.0490738603254261e-08,-131.16331027142678,0.0
1173,70440.0,70440,18.83668973906382,-131.16331026093619,90.15791468907993,150.0,1.0490740332218413e-08,-131.16331027142692,0.0
1174,70500.0,70500,18.836689739063658,-131.16331026093636,87.97185951803812,150.0,1.0490742678189204e-08,-131.1633102714271,0.0
1175,70560.0,70560,18.836689739063488,-131.1633102609365,85.78580434699627,150.0,1.0490745656550599e-08,-131.16331027142726,0.0
1176,70620.0,70620,18.836689739063306,-131.1633102609367,83.59974917595444,150.0,1.0490749285764781e-08,-131.16331027142746,0.0
1177,70680.0,70680,18.836689739063115,-131.1633102609369,81.4136940049126,150.0,1.049075358779289e-08,-131.16331027142763,0.0
1178,70740.0,70740,18.836689739062916,-131.1633102609371,79.22763883387076,150.0,1.0490758588579882e-08,-131.16331027142786,0.0
1179,70800.0,70800,18.836689739062706,-131.1633102609373,77.04158366282891,150.0,1.0490764318601171e-08,-131.16331027142806,0.0
1180,70860.0,70860,18.836689739062486,-131.16331026093752,74.85552849178707,150.0,1.0490770813487497e-08,-131.16331027142832,0.0
1181,70920.0,70920,18.836689739062255,-131.16331026093775,72.66947332074521,150.0,1.0490778114740056e-08,-131.16331027142854,0.0
1182,70980.0,70980,18.836689739062017,-131.163310260938,70.48341814970334,150.0,1.0490786270559639e-08,-131.1633102714288,0.0
1183,71040.0,71040,18.836689739061764,-131.16331026093826,68.29736297866148,150.0,1.049079533677229e-08,-131.16331027142905,0.0
1184,71100.0,71100,18.836689725069675,6.336689725069531,66.11130780761962,12.500000000000142,6.336689735890039,-1.082050759883668e-08,0.0
1185,71160.0,71160,18.836689724422154,18.836689724422154,66.20107757869772,0.0,18.836689735007226,-1.0585076465639599e-08,0.0
1186,71220.0,71220,18.836689724420747,18.836689724420747,66.46793068310056,0.0,18.836689735005905,-1.0585157427814996e-08,0.0
1187,71280.0,71280,18.836689724419347,18.836689724419347,66.7347837875034,0.0,18.836689735004583,-1.0585237318536894e-08,0.0
1188,71340.0,71340,18.83668972441795,18.83668972441795,67.00163689190622,0.0,18.83668973500327,-1.0585316149316222e-08,0.0
1189,71400.0,71400,18.83668972441657,18.83668972441657,67.26848999630901,0.0,18.83668973500196,-1.0585393931610993e-08,0.0
1190,71460.0,71460,18.836689724415187,18.836689724415187,67.53534310071177,0.0,18.836689735000657,-1.0585470676830517e-08,0.0
1191,71520.0,71520,18.836689724413816,18.836689724413816,67.80219620511453,0.0,18.83668973499936,-1.0585546396332196e-08,0.0
1192,71580.0,71580,18.83668972441245,18.83668972441245,68.06904930951725,0.0,18.83668973499807,-1.0585621101419503e-08,0.0
1193,71640.0,71640,18.83668972441109,18.83668972441109,68.33590241391997,0.0,18.836689734996785,-1.058569480334531e-08,0.0
1194,71700.0,71700,18.836689724409737,18.836689724409737,68.60275551832267,0.0,18.836689734995506,-1.0585767513303903e-08,0.0
1195,71760.0,71760,18.836689724408394,18.836689724408394,68.86960862272534,0.0,18.83668973499423,-1.0585839242440137e-08,0.0
1196,71820.0,71820,18.836689724407055,18.836689724407055,69.136461727128,0.0,18.836689734992962,-1.0585910001839986e-08,0.0
1197,71880.0,71880,18.83668972440572,18.83668972440572,69.40331483153064,0.0,18.8366897349917,-1.0585979802534031e-08,0.0
1198,71940.0,71940,18.836689724404398,18.836689724404398,69.67016793593325,0.0,18.836689734990443,-1.058604865549194e-08,0.0
1199,72000.0,72000,18.836689724403076,18.836689724403076,69.93702104033585,0.0,18.836689734989193,-1.058611657163235e-08,0.0
1200,72060.0,72060,18.836689724401765,18.836689724401765,70.20387414473844,0.0,18.836689734987946,-1.0586183561806874e-08,0.0
1201,72120.0,72120,18.836689724400458,18.836689724400458,70.47072724914099,0.0,18.836689734986706,-1.0586249636810574e-08,0.0
1202,72180.0,72180,18.836689724399157,18.836689724399157,70.73758035354354,0.0,18.836689734985473,-1.058631480737774e-08,0.0
1203,72240.0,72240,18.836689724397864,18.836689724397864,71.00443345794606,0.0,18.836689734984244,-1.058637908417971e-08,0.0
1204,72300.0,72300,18.836689724396575,18.836689724396575,71.27128656234855,0.0,18.83668973498302,-1.0586442477825162e-08,0.0
1205,72360.0,72360,18.836689724395296,18.836689724395296,71.53813966675105,0.0,18.836689734981803,-1.0586504998859095e-08,0.0
1206,72420.0,72420,18.836689724394024,18.836689724394024,71.80499277115351,0.0,18.836689734980588,-1.0586566657761522e-08,0.0
1207,72480.0,72480,18.836689724392755,18.836689724392755,72.07184587555597,0.0,18.836689734979384,-1.0586627464947908e-08,0.0
1208,72540.0,72540,18.836689724391494,18.836689724391494,72.3386989799584,0.0,18.83668973497818,-1.0586687430764073e-08,0.0
1209,72600.0,72600,18.836689724390236,18.836689724390236,72.60555208436081,0.0,18.836689734976982,-1.0586746565495217e-08,0.0
1210,72660.0,72660,18.83668972438899,18.83668972438899,72.8724051887632,0.0,18.836689734975792,-1.058680487934963e-08,0.0
1211,72720.0,72720,18.836689724387742,18.836689724387742,73.13925829316558,0.0,18.836689734974605,-1.0586862382471778e-08,0.0
1212,72780.0,72780,18.836689724386506,18.836689724386506,73.40611139756794,0.0,18.836689734973426,-1.0586919084937653e-08,0.0
1213,72840.0,72840,18.836689724385277,18.836689724385277,73.67296450197027,0.0,18.836689734972254,-1.0586974996748516e-08,0.0
1214,72900.0,72900,18.83668972438405,18.83668972438405,73.9398176063726,0.0,18.83668973497108,-1.0587030127836428e-08,0.0
1215,72960.0,72960,18.836689724382833,18.836689724382833,74.20667071077492,0.0,18.83668973496992,-1.0587084488061194e-08,0.0
1216,73020.0,73020,18.83668972438162,18.83668972438162,74.4735238151772,0.0,18.83668973496876,-1.0587138087207602e-08,0.0
1217,73080.0,73080,18.836689724380413,18.836689724380413,74.74037691957948,0.0,18.836689734967607,-1.0587190934990359e-08,0.0
1218,73140.0,73140,18.836689724379216,18.836689724379216,75.00723002398173,0.0,18.83668973496646,-1.0587243041045818e-08,0.0
1219,73200.0,73200,18.83668972437802,18.83668972437802,75.27408312838398,0.0,18.836689734965315,-1.0587294414936905e-08,0.0
1220,73260.0,73260,18.836689724376832,18.836689724376832,75.54093623278621,0.0,18.836689734964178,-1.0587345066150227e-08,0.0
1221,73320.0,73320,18.836689724375653,18.836689724375653,75.80778933718841,0.0,18.836689734963045,-1.0587395004097078e-08,0.0
1222,73380.0,73380,18.836689724374473,18.836689724374473,76.07464244159058,0.0,18.83668973496192,-1.0587444238110099e-08,0.0
1223,73440.0,73440,18.836689724373304,18.836689724373304,76.34149554599276,0.0,18.836689734960796,-1.0587492777442696e-08,0.0
1224,73500.0,73500,18.83668972437214,18.83668972437214,76.60834865039492,0.0,18.83668973495968,-1.0587540631271223e-08,0.0
1225,73560.0,73560,18.83668972437098,18.83668972437098,76.87520175479706,0.0,18.83668973495857,-1.0587587808694402e-08,0.0
1226,73620.0,73620,18.83668972436983,18.83668972436983,77.14205485919918,0.0,18.836689734957464,-1.0587634318727934e-08,0.0
1227,73680.0,73680,18.83668972436868,18.83668972436868,77.40890796360128,0.0,18.836689734956362,-1.0587680170309016e-08,0.0
1228,73740.0,73740,18.83668972436754,18.83668972436754,77.67576106800337,0.0,18.836689734955268,-1.0587725372294158e-08,0.0
1229,73800.0,73800,18.836689724366405,18.836689724366405,77.94261417240544,0.0,18.836689734954174,-1.0587769933458018e-08,0.0
1230,73860.0,73860,18.836689724365275,18.836689724365275,78.2094672768075,0.0,18.83668973495309,-1.0587813862492237e-08,0.0
1231,73920.0,73920,18.836689724364152,18.836689724364152,78.47632038120953,0.0,18.83668973495201,-1.0587857168008352e-08,0.0
1232,73980.0,73980,18.836689724363037,18.836689724363037,78.74317348561156,0.0,18.836689734950934,-1.0587899858532853e-08,0.0
1233,74040.0,74040,18.836689724361925,18.836689724361925,79.01002659001358,0.0,18.836689734949864,-1.0587941942509063e-08,0.0
1234,74100.0,74100,18.836689724360816,18.836689724360816,79.27687969441557,0.0,18.836689734948802,-1.0587983428297443e-08,0.0
1235,74160.0,74160,18.836689724359715,18.836689724359715,79.54373279881754,0.0,18.83668973494774,-1.0588024324173399e-08,0.0
1236,74220.0,74220,18.83668972435862,18.83668972435862,79.8105859032195,0.0,18.836689734946685,-1.0588064638329327e-08,0.0
1237,74280.0,74280,18.836689724357534,18.836689724357534,80.07743900762145,0.0,18.836689734945637,-1.05881043788701e-08,0.0
1238,74340.0,74340,18.836689724356447,18.836689724356447,80.34429211202338,0.0,18.836689734944592,-1.0588143553816266e-08,0.0
1239,74400.0,74400,18.83668972435537,18.83668972435537,80.6111452164253,0.0,18.836689734943555,-1.0588182171103764e-08,0.0
1240,74460.0,74460,18.836689724354297,18.836689724354297,80.8779983208272,0.0,18.83668973494252,-1.0588220238579845e-08,0.0
1241,74520.0,74520,18.83668972435323,18.83668972435323,81.14485142522908,0.0,18.83668973494149,-1.0588257764009475e-08,0.0
1242,74580.0,74580,18.836689724352173,18.836689724352173,81.41170452963095,0.0,18.836689734940467,-1.0588294755066608e-08,0.0
1243,74640.0,74640,18.836689724351114,18.836689724351114,81.67855763403281,0.0,18.836689734939448,-1.0588331219339567e-08,0.0
1244,74700.0,74700,18.836689724350066,18.836689724350066,81.94541073843463,0.0,18.836689734938435,-1.058836716432988e-08,0.0
1245,74760.0,74760,18.83668972434902,18.83668972434902,82.21226384283646,0.0,18.836689734937426,-1.0588402597452429e-08,0.0
1246,74820.0,74820,18.836689724347984,18.836689724347984,82.47911694723827,0.0,18.83668973493642,-1.0588437526032971e-08,0.0
1247,74880.0,74880,18.83668972434695,18.83668972434695,82.74597005164006,0.0,18.836689734935423,-1.0588471957309892e-08,0.0
1248,74940.0,74940,18.836689724345923,18.836689724345923,83.01282315604183,0.0,18.83668973493443,-1.0588505898431726e-08,0.0
1249,75000.0,75000,18.836689724344904,18.836689724344904,83.2796762604436,0.0,18.83668973493344,-1.05885393564608e-08,0.0
1250,75060.0,75060,18.836689724343884,18.836689724343884,83.54652936484536,0.0,18.83668973493246,-1.0588572338369731e-08,0.0
1251,75120.0,75120,18.836689724342875,18.836689724342875,83.81338246924709,0.0,18.83668973493148,-1.0588604851043333e-08,0.0
1252,75180.0,75180,18.83668972434187,18.83668972434187,84.0802355736488,0.0,18.836689734930506,-1.0588636901275984e-08,0.0
1253,75240.0,75240,18.83668972434087,18.83668972434087,84.34708867805051,0.0,18.83668973492954,-1.05886684957728e-08,0.0
1254,75300.0,75300,18.836689724339877,18.836689724339877,84.6139417824522,0.0,18.836689734928576,-1.0588699641151517e-08,0.0
1255,75360.0,75360,18.83668972433889,18.83668972433889,84.88079488685388,0.0,18.836689734927617,-1.0588730343937705e-08,0.0
1256,75420.0,75420,18.836689724337905,18.836689724337905,85.14764799125555,0.0,18.836689734926665,-1.0588760610570858e-08,0.0
1257,75480.0,75480,18.836689724336928,18.836689724336928,85.4145010956572,0.0,18.836689734925717,-1.0588790447398886e-08,0.0
1258,75540.0,75540,18.836689724335955,18.836689724335955,85.68135420005883,0.0,18.836689734924775,-1.058881986067839e-08,0.0
1259,75600.0,75600,18.83668972433499,18.83668972433499,85.94820730446045,0.0,18.836689734923837,-1.0588848856579038e-08,0.0
1260,75660.0,75660,18.836689724334025,18.836689724334025,86.21506040886206,0.0,18.836689734922903,-1.0588877441179481e-08,0.0
1261,75720.0,75720,18.83668972433307,18.83668972433307,86.48191351326365,0.0,18.836689734921976,-1.0588905620465914e-08,0.0
1262,75780.0,75780,18.83668972433212,18.83668972433212,86.74876661766523,0.0,18.836689734921052,-1.0588933400339766e-08,0.0
1263,75840.0,75840,18.836689724331176,18.836689724331176,87.0156197220668,0.0,18.836689734920135,-1.0588960786607243e-08,0.0
1264,75900.0,75900,18.836689724330235,18.836689724330235,87.28247282646835,0.0,18.836689734919222,-1.0588987784985281e-08,0.0
1265,75960.0,75960,18.8366897243293,18.8366897243293,87.5493259308699,0.0,18.836689734918316,-1.0589014401104611e-08,0.0
1266,76020.0,76020,18.836689724328373,18.836689724328373,87.81617903527142,0.0,18.836689734917414,-1.058904064049942e-08,0.0
1267,76080.0,76080,18.83668972432745,18.83668972432745,88.08303213967292,0.0,18.836689734916515,-1.0589066508617835e-08,0.0
1268,76140.0,76140,18.83668972432653,18.83668972432653,88.34988524407444,0.0,18.836689734915623,-1.0589092010817404e-08,0.0
1269,76200.0,76200,18.836689724325616,18.836689724325616,88.61673834847593,0.0,18.836689734914735,-1.0589117152361177e-08,0.0
1270,76260.0,76260,18.83668972432471,18.83668972432471,88.8835914528774,0.0,18.836689734913854,-1.05891419384273e-08,0.0
1271,76320.0,76320,18.836689724323808,18.836689724323808,89.15044455727887,0.0,18.836689734912973,-1.0589166374099708e-08,0.0
1272,76380.0,76380,18.836689724322913,18.836689724322913,89.41729766168034,0.0,18.836689734912103,-1.0589190464372928e-08,0.0
1273,76440.0,76440,18.83668972432202,18.83668972432202,89.68415076608176,0.0,18.836689734911232,-1.058921421415033e-08,0.0
1274,76500.0,76500,18.836689724321133,18.836689724321133,89.9510038704832,0.0,18.836689734910372,-1.0589237628245727e-08,0.0
1275,76560.0,76560,18.83668972432025,18.83668972432025,90.2178569748846,0.0,18.836689734909513,-1.0589260711382647e-08,0.0
1276,76620.0,76620,18.836689724319378,18.836689724319378,90.484710079286,0.0,18.836689734908663,-1.0589283468192011e-08,0.0
1277,76680.0,76680,18.836689724318507,18.836689724318507,90.75156318368741,0.0,18.836689734907814,-1.0589305903215327e-08,0.0
1278,76740.0,76740,18.836689724317644,18.836689724317644,91.01841628808877,0.0,18.836689734906972,-1.058932802090411e-08,0.0
1279,76800.0,76800,18.836689724316784,18.836689724316784,91.28526939249014,0.0,18.836689734906134,-1.0589349825617559e-08,0.0
1280,76860.0,76860,18.83668972431593,18.83668972431593,91.5521224968915,0.0,18.836689734905303,-1.0589371321626332e-08,0.0
1281,76920.0,76920,18.836689724315082,18.836689724315082,91.81897560129283,0.0,18.836689734904475,-1.0589392513108911e-08,0.0
1282,76980.0,76980,18.836689724314237,18.836689724314237,92.08582870569415,0.0,18.83668973490365,-1.058941340415379e-08,0.0
1283,77040.0,77040,18.8366897243134,18.8366897243134,92.35268181009546,0.0,18.836689734902833,-1.058943399875685e-08,0.0
1284,77100.0,77100,18.836689724312567,18.836689724312567,92.61953491449677,0.0,18.836689734902023,-1.0589454300826887e-08,0.0
1285,77160.0,77160,18.83668972431174,18.83668972431174,92.88638801889806,0.0,18.836689734901217,-1.0589474314179944e-08,0.0
1286,77220.0,77220,18.83668972431092,18.83668972431092,93.15324112329934,0.0,18.836689734900414,-1.0589494042541345e-08,0.0
1287,77280.0,77280,18.8366897243101,18.8366897243101,93.4200942277006,0.0,18.836689734899615,-1.0589513489544091e-08,0.0
1288,77340.0,77340,18.836689724309288,18.836689724309288,93.68694733210187,0.0,18.836689734898822,-1.0589532658734827e-08,0.0
1289,77400.0,77400,18.836689724308485,18.836689724308485,93.95380043650312,0.0,18.836689734898034,-1.0589551553565555e-08,0.0
1290,77460.0,77460,18.836689724307682,18.836689724307682,94.22065354090434,0.0,18.836689734897256,-1.0589570177397263e-08,0.0
1291,77520.0,77520,18.836689724306886,18.836689724306886,94.48750664530557,0.0,18.836689734896478,-1.0589588533504584e-08,0.0
1292,77580.0,77580,18.836689724306098,18.836689724306098,94.75435974970678,0.0,18.836689734895703,-1.0589606625066049e-08,0.0
1293,77640.0,77640,18.836689724305312,18.836689724305312,95.02121285410799,0.0,18.836689734894936,-1.058962445517267e-08,0.0
1294,77700.0,77700,18.836689724304534,18.836689724304534,95.28806595850916,0.0,18.836689734894172,-1.0589642026822267e-08,0.0
1295,77760.0,77760,18.836689724303756,18.836689724303756,95.55491906291034,0.0,18.83668973489342,-1.058965934292325e-08,0.0
1296,77820.0,77820,18.83668972430299,18.83668972430299,95.82177216731151,0.0,18.836689734892666,-1.0589676406294762e-08,0.0
1297,77880.0,77880,18.836689724302225,18.836689724302225,96.08862527171267,0.0,18.83668973489192,-1.0589693219660137e-08,0.0
1298,77940.0,77940,18.83668972430147,18.83668972430147,96.3554783761138,0.0,18.836689734891177,-1.0589709785655915e-08,0.0
1299,78000.0,78000,18.83668972430071,18.83668972430071,96.62233148051494,0.0,18.836689734890438,-1.0589726106826466e-08,0.0
1300,78060.0,78060,18.836689724299966,18.836689724299966,96.88918458491605,0.0,18.836689734889706,-1.0589742185621655e-08,0.0
1301,78120.0,78120,18.836689724299223,18.836689724299223,97.15603768931719,0.0,18.83668973488898,-1.058975802440659e-08,0.0
1302,78180.0,78180,18.836689724298488,18.836689724298488,97.4228907937183,0.0,18.83668973488826,-1.0589773625450139e-08,0.0
1303,78240.0,78240,18.836689739073933,-281.16331026092604,97.68974389811936,300.0,1.0477780997245425e-08,-281.1633102714038,0.0
1304,78300.0,78300,18.83668973907382,-281.1633102609262,93.00368872707774,300.0,1.04778120409867e-08,-281.16331027140404,0.0
1305,78360.0,78360,18.836689739073684,-281.1633102609263,88.31763355603611,300.0,1.0477850488006733e-08,-281.16331027140416,0.0
1306,78420.0,78420,18.83668973907353,-281.1633102609265,83.6315783849945,300.0,1.0477896551924496e-08,-281.16331027140444,0.0
1307,78480.0,78480,18.836689739073357,-281.16331026092666,78.94552321395285,300.0,1.047795049253018e-08,-281.1633102714046,0.0
1308,78540.0,78540,18.83668973907316,-281.16331026092683,74.25946804291121,300.0,1.0478012622676857e-08,-281.16331027140484,0.0
1309,78600.0,78600,18.836689739072945,-281.16331026092706,69.57341287186958,300.0,1.0478083317408985e-08,-281.1633102714052,0.0
1310,78660.0,78660,18.8366897390727,-281.1633102609273,64.88735770082793,300.0,1.0478163025992371e-08,-281.16331027140546,0.0
1311,78720.0,78720,18.83668973907243,-281.1633102609276,60.201302529786275,300.0,1.0478252288092074e-08,-281.16331027140586,0.0
1312,78780.0,78780,18.836689739072128,-281.1633102609279,55.515247358744624,300.0,1.0478351755906556e-08,-281.16331027140626,0.0
1313,78840.0,78840,18.836689739071794,-281.1633102609282,50.82919218770297,300.0,1.047846222542817e-08,-281.1633102714067,0.0
1314,78900.0,78900,18.836689739050225,-86.16331026094977,46.143137016661306,105.0,1.0513743290791839e-08,-86.16331027146352,0.0
1315,78960.0,78960,18.836689724278205,18.836689724278205,44.707081845619186,0.0,18.836689734868422,-1.0590218620353523e-08,0.0
1316,79020.0,79020,18.83668972427568,18.83668972427568,44.97393495001998,0.0,18.836689734865942,-1.0590264952727974e-08,0.0
1317,79080.0,79080,18.83668972427316,18.83668972427316,45.24078805442074,0.0,18.836689734863473,-1.0590310180906824e-08,0.0
1318,79140.0,79140,18.836689724270652,18.836689724270652,45.507641158821464,0.0,18.836689734861007,-1.0590354326675155e-08,0.0
1319,79200.0,79200,18.836689724268155,18.836689724268155,45.77449426322216,0.0,18.836689734858552,-1.0590397411629923e-08,0.0
1320,79260.0,79260,18.836689724265668,18.836689724265668,46.04134736762282,0.0,18.836689734856105,-1.0590439457177772e-08,0.0
1321,79320.0,79320,18.836689724263188,18.836689724263188,46.30820047202344,0.0,18.836689734853667,-1.0590480484532131e-08,0.0
1322,79380.0,79380,18.83668972426072,18.83668972426072,46.57505357642403,0.0,18.83668973485124,-1.0590520514713364e-08,0.0
1323,79440.0,79440,18.83668972425826,18.83668972425826,46.841906680824586,0.0,18.83668973484882,-1.0590559568547885e-08,0.0
1324,79500.0,79500,18.83668972425581,18.83668972425581,47.1087597852251,0.0,18.83668973484641,-1.0590597666657997e-08,0.0
1325,79560.0,79560,18.836689724253368,18.836689724253368,47.37561288962557,0.0,18.836689734844004,-1.0590634829471616e-08,0.0
1326,79620.0,79620,18.836689724250935,18.836689724250935,47.642465994026026,0.0,18.836689734841606,-1.0590671077214727e-08,0.0
1327,79680.0,79680,18.83668972424851,18.83668972424851,47.90931909842644,0.0,18.83668973483922,-1.0590706429908754e-08,0.0
1328,79740.0,79740,18.8366897242461,18.8366897242461,48.17617220282682,0.0,18.836689734836842,-1.0590740907375805e-08,0.0
1329,79800.0,79800,18.836689724243694,18.836689724243694,48.44302530722716,0.0,18.836689734834472,-1.0590774529231825e-08,0.0
1330,79860.0,79860,18.8366897242413,18.8366897242413,48.70987841162747,0.0,18.836689734832106,-1.0590807314886902e-08,0.0
1331,79920.0,79920,18.836689724238912,18.836689724238912,48.97673151602774,0.0,18.836689734829754,-1.0590839283543226e-08,0.0
1332,79980.0,79980,18.836689724236535,18.836689724236535,49.24358462042798,0.0,18.836689734827406,-1.0590870454202059e-08,0.0
1333,80040.0,80040,18.83668972423417,18.83668972423417,49.51043772482819,0.0,18.836689734825068,-1.0590900845653425e-08,0.0
1334,80100.0,80100,18.836689724231807,18.836689724231807,49.77729082922836,0.0,18.836689734822738,-1.0590930476480174e-08,0.0
1335,80160.0,80160,18.836689724229455,18.836689724229455,50.044143933628504,0.0,18.836689734820418,-1.0590959365059296e-08,0.0
1336,80220.0,80220,18.836689724227114,18.836689724227114,50.31099703802861,0.0,18.8366897348181,-1.0590987529558566e-08,0.0
1337,80280.0,80280,18.83668972422478,18.83668972422478,50.57785014242869,0.0,18.836689734815796,-1.0591014987938592e-08,0.0
1338,80340.0,80340,18.836689724222456,18.836689724222456,50.84470324682872,0.0,18.8366897348135,-1.0591041757952663e-08,0.0
1339,80400.0,80400,18.83668972422014,18.83668972422014,51.11155635122873,0.0,18.83668973481121,-1.0591067857143842e-08,0.0
1340,80460.0,80460,18.83668972421783,18.83668972421783,51.378409455628706,0.0,18.836689734808925,-1.0591093302851801e-08,0.0
1341,80520.0,80520,18.836689724215532,18.836689724215532,51.645262560028655,0.0,18.83668973480665,-1.0591118112206277e-08,0.0
1342,80580.0,80580,18.836689724213244,18.836689724213244,51.91211566442856,0.0,18.836689734804384,-1.0591142302130413e-08,0.0
1343,80640.0,80640,18.83668972421096,18.83668972421096,52.17896876882843,0.0,18.836689734802125,-1.0591165889343092e-08,0.0
1344,80700.0,80700,18.836689724208686,18.836689724208686,52.44582187322828,0.0,18.836689734799876,-1.0591188890354569e-08,0.0
1345,80760.0,80760,18.836689724206423,18.836689724206423,52.7126749776281,0.0,18.836689734797634,-1.0591211321475485e-08,0.0
1346,80820.0,80820,18.836689724204163,18.836689724204163,52.97952808202787,0.0,18.8366897347954,-1.0591233198805676e-08,0.0
1347,80880.0,80880,18.836689724201914,18.836689724201914,53.24638118642762,0.0,18.836689734793172,-1.0591254538245073e-08,0.0
1348,80940.0,80940,18.836689724199672,18.836689724199672,53.51323429082734,0.0,18.83668973479095,-1.0591275355494871e-08,0.0
1349,81000.0,81000,18.83668972419744,18.83668972419744,53.78008739522702,0.0,18.836689734788738,-1.0591295666045601e-08,0.0
1350,81060.0,81060,18.83668972419522,18.83668972419522,54.04694049962667,0.0,18.836689734786535,-1.0591315485195156e-08,0.0
1351,81120.0,81120,18.836689724193004,18.836689724193004,54.313793604026294,0.0,18.83668973478434,-1.0591334828037316e-08,0.0
1352,81180.0,81180,18.836689724190794,18.836689724190794,54.58064670842589,0.0,18.83668973478215,-1.0591353709472208e-08,0.0
1353,81240.0,81240,18.8366897241886,18.8366897241886,54.84749981282545,0.0,18.83668973477997,-1.0591372144195836e-08,0.0
1354,81300.0,81300,18.836689724186407,18.836689724186407,55.114352917224984,0.0,18.836689734777796,-1.0591390146712447e-08,0.0
1355,81360.0,81360,18.836689724184225,18.836689724184225,55.38120602162447,0.0,18.836689734775632,-1.0591407731331178e-08,0.0
1356,81420.0,81420,18.836689724182047,18.836689724182047,55.64805912602393,0.0,18.836689734773476,-1.0591424912168247e-08,0.0
1357,81480.0,81480,18.836689724179884,18.836689724179884,55.91491223042336,0.0,18.836689734771323,-1.0591441703144324e-08,0.0
1358,81540.0,81540,18.836689724177724,18.836689724177724,56.181765334822764,0.0,18.836689734769184,-1.0591458117993848e-08,0.0
1359,81600.0,81600,18.836689724175574,18.836689724175574,56.44861843922214,0.0,18.83668973476705,-1.0591474170255129e-08,0.0
1360,81660.0,81660,18.836689724173432,18.836689724173432,56.71547154362148,0.0,18.83668973476492,-1.0591489873286789e-08,0.0
1361,81720.0,81720,18.836689724171297,18.836689724171297,56.982324648020786,0.0,18.8366897347628,-1.0591505240253645e-08,0.0
1362,81780.0,81780,18.83668972416917,18.83668972416917,57.249177752420074,0.0,18.83668973476069,-1.0591520284138791e-08,0.0
1363,81840.0,81840,18.83668972416705,18.83668972416705,57.51603085681932,0.0,18.836689734758586,-1.0591535017741987e-08,0.0
1364,81900.0,81900,18.83668972416494,18.83668972416494,57.782883961218545,0.0,18.83668973475649,-1.0591549453680103e-08,0.0
1365,81960.0,81960,18.836689724162838,18.836689724162838,58.04973706561773,0.0,18.8366897347544,-1.0591563604386823e-08,0.0
1366,82020.0,82020,18.836689724160742,18.836689724160742,58.31659017001689,0.0,18.83668973475232,-1.059157748212297e-08,0.0
1367,82080.0,82080,18.836689724158656,18.836689724158656,58.58344327441602,0.0,18.836689734750248,-1.0591591098968653e-08,0.0
1368,82140.0,82140,18.836689724156578,18.836689724156578,58.85029637881512,0.0,18.83668973474818,-1.0591604466826617e-08,0.0
1369,82200.0,82200,18.836689724154507,18.836689724154507,59.1171494832142,0.0,18.836689734746123,-1.0591617597428628e-08,0.0
1370,82260.0,82260,18.836689724152443,18.836689724152443,59.384002587613246,0.0,18.836689734744073,-1.0591630502331272e-08,0.0
1371,82320.0,82320,18.83668972415039,18.83668972415039,59.65085569201226,0.0,18.83668973474203,-1.0591643192925684e-08,0.0
1372,82380.0,82380,18.83668972414834,18.83668972414834,59.91770879641124,0.0,18.836689734739995,-1.0591655680428244e-08,0.0
1373,82440.0,82440,18.8366897241463,18.8366897241463,60.1845619008102,0.0,18.83668973473797,-1.059166797588989e-08,0.0
1374,82500.0,82500,18.836689724144268,18.836689724144268,60.45141500520913,0.0,18.83668973473595,-1.0591680090197712e-08,0.0
1375,82560.0,82560,18.836689724142246,18.836689724142246,60.71826810960803,0.0,18.836689734733937,-1.0591692034073787e-08,0.0
1376,82620.0,82620,18.83668972414023,18.83668972414023,60.985121214006895,0.0,18.836689734731934,-1.0591703818078087e-08,0.0
1377,82680.0,82680,18.83668972413822,18.83668972413822,61.25197431840574,0.0,18.836689734729937,-1.0591715452608922e-08,0.0
1378,82740.0,82740,18.83668972413622,18.83668972413622,61.518827422804556,0.0,18.836689734727948,-1.0591726947908892e-08,0.0
1379,82800.0,82800,18.836689724134228,18.836689724134228,61.78568052720333,0.0,18.836689734725965,-1.0591738314061692e-08,0.0
1380,82860.0,82860,18.836689724132242,18.836689724132242,62.052533631602095,0.0,18.836689734723993,-1.059174956099502e-08,0.0
1381,82920.0,82920,18.836689724130267,18.836689724130267,62.31938673600082,0.0,18.836689734722025,-1.0591760698485961e-08,0.0
1382,82980.0,82980,18.836689724128295,18.836689724128295,62.58623984039952,0.0,18.836689734720068,-1.0591771736157486e-08,0.0
1383,83040.0,83040,18.836689724126334,18.836689724126334,62.85309294479819,0.0,18.836689734718117,-1.0591782683481802e-08,0.0
1384,83100.0,83100,18.83668972412438,18.83668972412438,63.119946049196834,0.0,18.836689734716174,-1.059179354978705e-08,0.0
1385,83160.0,83160,18.836689724122433,18.836689724122433,63.386799153595454,0.0,18.836689734714238,-1.0591804344250307e-08,0.0
1386,83220.0,83220,18.836689724120493,18.836689724120493,63.65365225799403,0.0,18.836689734712312,-1.0591815075906032e-08,0.0
1387,83280.0,83280,18.836689724118564,18.836689724118564,63.920505362392596,0.0,18.83668973471039,-1.05918257536449e-08,0.0
1388,83340.0,83340,18.836689724116642,18.836689724116642,64.18735846679114,0.0,18.83668973470848,-1.0591836386217e-08,0.0
1389,83400.0,83400,18.836689724114727,18.836689724114727,64.45421157118965,0.0,18.836689734706574,-1.0591846982233283e-08,0.0
1390,83460.0,83460,18.83668972411282,18.83668972411282,64.72106467558812,0.0,18.836689734704677,-1.0591857550163393e-08,0.0
1391,83520.0,83520,18.83668972411092,18.83668972411092,64.98791777998657,0.0,18.836689734702787,-1.0591868098346126e-08,0.0
1392,83580.0,83580,18.836689724109025,18.836689724109025,65.254770884385,0.0,18.836689734700904,-1.0591878634980274e-08,0.0
1393,83640.0,83640,18.836689724107142,18.836689724107142,65.5216239887834,0.0,18.836689734699032,-1.0591889168134944e-08,0.0
1394,83700.0,83700,18.836689724105266,18.836689724105266,65.78847709318177,0.0,18.836689734697163,-1.0591899705747235e-08,0.0
1395,83760.0,83760,18.836689724103397,18.836689724103397,66.05533019758012,0.0,18.836689734695305,-1.0591910255625292e-08,0.0
1396,83820.0,83820,18.836689724101536,18.836689724101536,66.32218330197843,0.0,18.836689734693458,-1.059192082544554e-08,0.0
1397,83880.0,83880,18.83668972409968,18.83668972409968,66.58903640637674,0.0,18.836689734691614,-1.059193142276403e-08,0.0
1398,83940.0,83940,18.836689724097834,18.836689724097834,66.855889510775,0.0,18.836689734689777,-1.0591942055007125e-08,0.0
1399,84000.0,84000,18.836689724095997,18.836689724095997,67.12274261517324,0.0,18.836689734687948,-1.0591952729481102e-08,0.0
1400,84060.0,84060,18.836689724094168,18.836689724094168,67.38959571957145,0.0,18.83668973468613,-1.059196345337041e-08,0.0
1401,84120.0,84120,18.83668972409234,18.83668972409234,67.65644882396964,0.0,18.836689734684317,-1.0591974233736642e-08,0.0
1402,84180.0,84180,18.836689724090526,18.836689724090526,67.9233019283678,0.0,18.836689734682512,-1.0591985077526689e-08,0.0
1403,84240.0,84240,18.83668972408872,18.83668972408872,68.19015503276594,0.0,18.836689734680718,-1.0591995991567789e-08,0.0
1404,84300.0,84300,18.83668972408692,18.83668972408692,68.45700813716404,0.0,18.836689734678927,-1.059200698257247e-08,0.0
1405,84360.0,84360,18.836689724085126,18.836689724085126,68.72386124156213,0.0,18.836689734677147,-1.0592018057142769e-08,0.0
1406,84420.0,84420,18.836689724083346,18.836689724083346,68.9907143459602,0.0,18.836689734675375,-1.059202922176311e-08,0.0
1407,84480.0,84480,18.836689724081566,18.836689724081566,69.25756745035822,0.0,18.836689734673605,-1.0592040482810182e-08,0.0
1408,84540.0,84540,18.836689724079797,18.836689724079797,69.52442055475625,0.0,18.836689734671847,-1.0592051846550332e-08,0.0
1409,84600.0,84600,18.836689724078035,18.836689724078035,69.79127365915423,0.0,18.8366897346701,-1.0592063319143049e-08,0.0
1410,84660.0,84660,18.83668972407628,18.83668972407628,70.05812676355218,0.0,18.836689734668354,-1.059207490664082e-08,0.0
1411,84720.0,84720,18.836689724074535,18.836689724074535,70.32497986795012,0.0,18.83668973466662,-1.0592086614991305e-08,0.0
1412,84780.0,84780,18.836689724072798,18.836689724072798,70.59183297234803,0.0,18.836689734664894,-1.0592098450036183e-08,0.0
1413,84840.0,84840,18.836689724071064,18.836689724071064,70.85868607674591,0.0,18.836689734663178,-1.0592110417519146e-08,0.0
1414,84900.0,84900,18.836689724069345,18.836689724069345,71.12553918114378,0.0,18.836689734661466,-1.0592122523078916e-08,0.0
1415,84960.0,84960,18.836689724067625,18.836689724067625,71.39239228554162,0.0,18.836689734659764,-1.0592134772257824e-08,0.0
1416,85020.0,85020,18.83668972406592,18.83668972406592,71.65924538993943,0.0,18.836689734658066,-1.0592147170497454e-08,0.0
1417,85080.0,85080,18.836689724064218,18.836689724064218,71.92609849433721,0.0,18.836689734656378,-1.0592159723142996e-08,0.0
1418,85140.0,85140,18.836689724062527,18.836689724062527,72.19295159873498,0.0,18.836689734654698,-1.0592172435446015e-08,0.0
1419,85200.0,85200,18.83668972406084,18.83668972406084,72.45980470313272,0.0,18.836689734653028,-1.0592185312562558e-08,0.0
1420,85260.0,85260,18.836689724059166,18.836689724059166,72.72665780753043,0.0,18.83668973465136,-1.0592198359552865e-08,0.0
1421,85320.0,85320,18.836689724057493,18.836689724057493,72.99351091192813,0.0,18.836689734649706,-1.0592211581390962e-08,0.0
1422,85380.0,85380,18.836689724055834,18.836689724055834,73.2603640163258,0.0,18.836689734648058,-1.0592224982955357e-08,0.0
1423,85440.0,85440,18.836689724054178,18.836689724054178,73.52721712072344,0.0,18.836689734646416,-1.0592238569035875e-08,0.0
1424,85500.0,85500,18.836689724052533,18.836689724052533,73.79407022512105,0.0,18.836689734644786,-1.0592252344336273e-08,0.0
1425,85560.0,85560,18.836689724050895,18.836689724050895,74.06092332951866,0.0,18.836689734643162,-1.0592266313473224e-08,0.0
1426,85620.0,85620,18.83668972404926,18.83668972404926,74.32777643391623,0.0,18.836689734641546,-1.0592280480973261e-08,0.0
1427,85680.0,85680,18.83668972404764,18.83668972404764,74.59462953831378,0.0,18.836689734639936,-1.0592294851282522e-08,0.0
1428,85740.0,85740,18.836689724046025,18.836689724046025,74.86148264271131,0.0,18.836689734638334,-1.0592309428761802e-08,0.0
1429,85800.0,85800,18.836689724044415,18.836689724044415,75.1283357471088,0.0,18.836689734636742,-1.0592324217689465e-08,0.0
1430,85860.0,85860,18.836689724042817,18.836689724042817,75.39518885150629,0.0,18.836689734635158,-1.0592339222260714e-08,0.0
1431,85920.0,85920,18.836689724041225,18.836689724041225,75.66204195590375,0.0,18.836689734633577,-1.059235444659399e-08,0.0
1432,85980.0,85980,18.83668972403964,18.83668972403964,75.92889506030119,0.0,18.83668973463201,-1.0592369894723703e-08,0.0
1433,86040.0,86040,18.836689724038063,18.836689724038063,76.1957481646986,0.0,18.83668973463045,-1.0592385570609242e-08,0.0
1434,86100.0,86100,18.836689724036493,18.836689724036493,76.462601269096,0.0,18.836689734628894,-1.0592401478130038e-08,0.0
1435,86160.0,86160,18.836689724034933,18.836689724034933,76.72945437349337,0.0,18.83668973462735,-1.059241762109021e-08,0.0
1436,86220.0,86220,18.836689724033377,18.836689724033377,76.99630747789071,0.0,18.83668973462581,-1.0592434003219295e-08,0.0
1437,86280.0,86280,18.83668972403183,18.83668972403183,77.26316058228804,0.0,18.836689734624283,-1.0592450628168474e-08,0.0
1438,86340.0,86340,18.836689724030293,18.836689724030293,77.53001368668534,0.0,18.83668973462276,-1.0592467499520733e-08,0.0
1439,86400.0,86400,18.836689724028762,18.836689724028762,77.79686679108262,0.0,18.83668973462125,-1.0592484620780705e-08,0.0
1440,,86460,,,,,,,
