time,VehicleId,ChargingStationId,QueueOrBay,ChargingPower,possiblePower,ChargingDesire,VehicleDesiredEnd,VehicleEnergy,VehicleDesiredEnergy,VehicleSoc,EnergyLag,TimeLag
5580,rideHailVehicle-4772456@GlobalRHM,446,Bay,207.17687461436392,300.0,1.0262390670553936,6266.0,0.0,58.666666666666664,0.0,-1.5,0.0
5640,rideHailVehicle-4772456@GlobalRHM,446,Bay,281.5598038583202,300.0,1.0584099442126633,6266.0,3.452947910239399,58.666666666666664,0.041129093146863006,-3.047052089760601,0.0
5700,rideHailVehicle-4772456@GlobalRHM,446,Bay,300.0,300.0,1.0711177814584154,6266.0,8.145611307878069,58.666666666666664,0.09702480747722314,-3.3543886921219315,0.0
5760,rideHailVehicle-4772456@GlobalRHM,446,Bay,300.0,300.0,1.079550719971271,6266.0,13.145611307878069,58.666666666666664,0.15658129980787555,-3.3543886921219315,0.0
5820,rideHailVehicle-4772456@GlobalRHM,446,Bay,300.0,300.0,1.0902526105503658,6266.0,18.14561130787807,58.666666666666664,0.216137792138528,-3.3543886921219297,0.0
5880,rideHailVehicle-4772456@GlobalRHM,446,Bay,300.0,300.0,1.1042815137447233,6266.0,23.14561130787807,58.666666666666664,0.2756942844691804,-3.3543886921219297,0.0
5940,rideHailVehicle-4772456@GlobalRHM,446,Bay,300.0,300.0,1.1234744303848563,6266.0,28.14561130787807,58.666666666666664,0.3352507767998328,-3.3543886921219297,0.0
6000,rideHailVehicle-4772456@GlobalRHM,446,Bay,300.0,300.0,1.1513258056596358,6266.0,33.14561130787807,58.666666666666664,0.3948072691304852,-3.3543886921219297,0.0
6060,rideHailVehicle-4772456@GlobalRHM,446,Bay,300.0,300.0,1.1954012830362286,6266.0,38.14561130787807,58.666666666666664,0.4543637614611376,-3.3543886921219297,0.0
6120,rideHailVehicle-4772456@GlobalRHM,446,Bay,300.0,300.0,1.275703180174405,6266.0,43.14561130787807,58.666666666666664,0.51392025379179,-3.3543886921219297,0.0
6180,rideHailVehicle-4772456@GlobalRHM,446,Bay,300.0,300.0,1.4680542361100364,6266.0,48.14561130787807,58.666666666666664,0.5734767461224424,-3.3543886921219297,0.0
6240,rideHailVehicle-4772456@GlobalRHM,446,Bay,300.0,300.0,2.5481793963639667,6266.0,53.14561130787807,58.666666666666664,0.6330332384530948,-3.3543886921219297,0.0
6300,rideHailVehicle-4772456@GlobalRHM,446,Bay,31.26332152731564,31.26332152731564,inf,6266.0,58.14561130787807,58.666666666666664,0.6925897307837472,-0.521055358788594,34.0
6360,rideHailVehicle-4772456@GlobalRHM,446,Bay,0.0,0.0,inf,6266.0,58.666666666666664,58.666666666666664,0.6987961766796549,0.0,94.0
36600,rideHailVehicle-3903868@GlobalRHM,446,Bay,266.6165311249312,400.0,1.0929824561403507,37170.0,0.0,51.916666666666664,0.0,-4.416666666666666,0.0
36660,rideHailVehicle-3903868@GlobalRHM,446,Bay,300.0,400.0,1.1170131250490465,37170.0,4.443608852082187,51.916666666666664,0.052929151303890386,-4.973057814584479,0.0
36720,rideHailVehicle-3903868@GlobalRHM,446,Bay,300.0,400.0,1.132614875055586,37170.0,9.443608852082187,51.916666666666664,0.11248564363454279,-4.973057814584479,0.0
36780,rideHailVehicle-3903868@GlobalRHM,446,Bay,299.9999999999999,400.0,1.1530171635256763,37170.0,14.443608852082187,51.916666666666664,0.17204213596519521,-4.973057814584477,0.0
36840,rideHailVehicle-3903868@GlobalRHM,446,Bay,300.0,400.0,1.18083846598489,37170.0,19.443608852082185,51.916666666666664,0.2315986282958476,-4.973057814584479,0.0
36900,rideHailVehicle-3903868@GlobalRHM,446,Bay,300.0,400.0,1.2210247917593102,37170.0,24.443608852082185,51.916666666666664,0.2911551206265,-4.973057814584479,0.0
36960,rideHailVehicle-3903868@GlobalRHM,446,Bay,300.0,400.0,1.2841747322619703,37170.0,29.443608852082185,51.916666666666664,0.3507116129571524,-4.973057814584479,0.0
37020,rideHailVehicle-3903868@GlobalRHM,446,Bay,300.0,400.0,1.3978446251667582,37170.0,34.443608852082185,51.916666666666664,0.41026810528780483,-4.973057814584479,0.0
37080,rideHailVehicle-3903868@GlobalRHM,446,Bay,300.0,400.0,1.6630743752779305,37170.0,39.443608852082185,51.916666666666664,0.46982459761845724,-4.973057814584479,0.0
37140,rideHailVehicle-3903868@GlobalRHM,446,Bay,300.0,400.0,2.9892231258337914,37170.0,44.443608852082185,51.916666666666664,0.5293810899491096,-4.973057814584479,0.0
37140,rideHailVehicle-3903868@GlobalRHM,446,Bay,300.0,148.38346887506873,2.9892231258337914,37170.0,49.443608852082185,51.916666666666664,0.588937582279762,-2.473057814584479,30.0
37200,rideHailVehicle-3903868@GlobalRHM,446,Bay,148.38346887506873,148.38346887506873,inf,37170.0,49.443608852082185,51.916666666666664,0.588937582279762,-2.473057814584479,30.0
37200,rideHailVehicle-3903868@GlobalRHM,446,Bay,148.38346887506873,0.0,inf,37170.0,51.916666666666664,51.916666666666664,0.6183949120332741,0.0,90.0
37260,rideHailVehicle-3903868@GlobalRHM,446,Bay,0.0,0.0,inf,37170.0,51.916666666666664,51.916666666666664,0.6183949120332741,0.0,90.0
37260,rideHailVehicle-2588498@GlobalRHM,446,Bay,150.0,150.0,1.1458153580672994,38419.0,0.0,55.333333333333336,0.0,-7.041666666666668,0.0
37320,rideHailVehicle-2588498@GlobalRHM,446,Bay,150.0,150.0,1.153776160145587,38419.0,2.5,55.333333333333336,0.029778246165326202,-7.041666666666668,0.0
37380,rideHailVehicle-2588498@GlobalRHM,446,Bay,150.0,150.0,1.1626564003849857,38419.0,5.0,55.333333333333336,0.059556492330652404,-7.041666666666668,0.0
37440,rideHailVehicle-2588498@GlobalRHM,446,Bay,150.0,150.0,1.1726251276813076,38419.0,7.5,55.333333333333336,0.08933473849597862,-7.041666666666668,0.0
37500,rideHailVehicle-2588498@GlobalRHM,446,Bay,150.0,150.0,1.1838955386289447,38419.0,10.0,55.333333333333336,0.11911298466130481,-7.041666666666668,0.0
37560,rideHailVehicle-2588498@GlobalRHM,446,Bay,150.0,150.0,1.1967403958090805,38419.0,12.5,55.333333333333336,0.14889123082663103,-7.041666666666668,0.0
37620,rideHailVehicle-2588498@GlobalRHM,446,Bay,150.0,150.0,1.2115143929912393,38419.0,15.0,55.333333333333336,0.17866947699195723,-7.041666666666668,0.0
37680,rideHailVehicle-2588498@GlobalRHM,446,Bay,150.0,150.0,1.2286874154262517,38419.0,17.5,55.333333333333336,0.20844772315728344,-7.041666666666668,0.0
37740,rideHailVehicle-2588498@GlobalRHM,446,Bay,150.0,150.0,1.2488954344624448,38419.0,20.0,55.333333333333336,0.23822596932260962,-7.041666666666671,0.0
37800,rideHailVehicle-2588498@GlobalRHM,446,Bay,150.0,150.0,1.273021001615509,38419.0,22.5,55.333333333333336,0.26800421548793585,-7.041666666666671,0.0
37860,rideHailVehicle-2588498@GlobalRHM,446,Bay,150.0,150.0,1.302325581395349,38419.0,25.0,55.333333333333336,0.29778246165326205,-7.041666666666671,0.0
37920,rideHailVehicle-2588498@GlobalRHM,446,Bay,150.0,150.0,1.3386773547094188,38419.0,27.5,55.333333333333336,0.32756070781858826,-7.041666666666671,0.0
37980,rideHailVehicle-2588498@GlobalRHM,446,Bay,150.0,150.0,1.3849658314350797,38419.0,30.0,55.333333333333336,0.35733895398391446,-7.041666666666671,0.0
38040,rideHailVehicle-2588498@GlobalRHM,446,Bay,150.0,150.0,1.4459102902374672,38419.0,32.5,55.333333333333336,0.38711720014924067,-7.041666666666671,0.0
38100,rideHailVehicle-2588498@GlobalRHM,446,Bay,150.0,150.0,1.529780564263323,38419.0,35.0,55.333333333333336,0.4168954463145669,-7.041666666666671,0.0
38160,rideHailVehicle-2588498@GlobalRHM,446,Bay,150.0,150.0,1.6525096525096528,38419.0,37.5,55.333333333333336,0.4466736924798931,-7.041666666666671,0.0
38220,rideHailVehicle-2588498@GlobalRHM,446,Bay,150.0,150.0,1.8492462311557794,38419.0,40.0,55.333333333333336,0.47645193864521923,-7.041666666666671,0.0
38280,rideHailVehicle-2588498@GlobalRHM,446,Bay,150.0,150.0,2.215827338129497,38419.0,42.5,55.333333333333336,0.5062301848105455,-7.041666666666671,0.0
38340,rideHailVehicle-2588498@GlobalRHM,446,Bay,150.0,150.0,3.1392405063291147,38419.0,45.0,55.333333333333336,0.5360084309758717,-7.041666666666671,0.0
38400,rideHailVehicle-2588498@GlobalRHM,446,Bay,150.0,150.0,9.894736842105267,38419.0,47.5,55.333333333333336,0.5657866771411979,-7.041666666666671,0.0
38460,rideHailVehicle-2588498@GlobalRHM,446,Bay,150.0,150.0,inf,38419.0,50.0,55.333333333333336,0.5955649233065241,-5.333333333333336,41.0
38460,rideHailVehicle-2588498@GlobalRHM,446,Bay,150.0,150.0,inf,38419.0,52.5,55.333333333333336,0.6253431694718503,-2.8333333333333357,101.0
38520,rideHailVehicle-2588498@GlobalRHM,446,Bay,150.0,150.0,inf,38419.0,52.5,55.333333333333336,0.6253431694718503,-2.8333333333333357,101.0
38520,rideHailVehicle-2588498@GlobalRHM,446,Bay,150.0,20.000000000000142,inf,38419.0,55.0,55.333333333333336,0.6551214156371765,-0.3333333333333357,161.0
38580,rideHailVehicle-2588498@GlobalRHM,446,Bay,20.000000000000142,20.000000000000142,inf,38419.0,55.0,55.333333333333336,0.6551214156371765,-0.3333333333333357,161.0
38580,rideHailVehicle-2588498@GlobalRHM,446,Bay,20.000000000000142,0.0,inf,38419.0,55.333333333333336,55.333333333333336,0.65909184845922,0.0,221.0
38640,rideHailVehicle-2588498@GlobalRHM,446,Bay,0.0,0.0,inf,38419.0,55.333333333333336,55.333333333333336,0.65909184845922,0.0,221.0
38640,rideHailVehicle-2866066@GlobalRHM,446,Bay,150.0,150.0,1.196095829636202,39767.0,0.0,56.166666666666664,0.0,-9.208333333333332,0.0
38700,rideHailVehicle-2866066@GlobalRHM,446,Bay,150.0,150.0,1.2071227741330832,39767.0,2.5,56.166666666666664,0.029778246165326202,-9.208333333333332,0.0
38760,rideHailVehicle-2866066@GlobalRHM,446,Bay,150.0,150.0,1.2194637537239323,39767.0,5.0,56.166666666666664,0.059556492330652404,-9.208333333333332,0.0
38820,rideHailVehicle-2866066@GlobalRHM,446,Bay,150.0,150.0,1.2333685322069692,39767.0,7.5,56.166666666666664,0.08933473849597862,-9.208333333333332,0.0
38880,rideHailVehicle-2866066@GlobalRHM,446,Bay,150.0,150.0,1.2491544532130776,39767.0,10.0,56.166666666666664,0.11911298466130481,-9.208333333333332,0.0
38940,rideHailVehicle-2866066@GlobalRHM,446,Bay,150.0,150.0,1.2672309552599756,39767.0,12.5,56.166666666666664,0.14889123082663103,-9.208333333333332,0.0
39000,rideHailVehicle-2866066@GlobalRHM,446,Bay,150.0,150.0,1.2881355932203389,39767.0,15.0,56.166666666666664,0.17866947699195723,-9.208333333333332,0.0
39060,rideHailVehicle-2866066@GlobalRHM,446,Bay,150.0,150.0,1.3125884016973126,39767.0,17.5,56.166666666666664,0.20844772315728344,-9.208333333333332,0.0
39120,rideHailVehicle-2866066@GlobalRHM,446,Bay,150.0,150.0,1.3415765069551777,39767.0,20.0,56.166666666666664,0.23822596932260962,-9.208333333333332,0.0
39180,rideHailVehicle-2866066@GlobalRHM,446,Bay,150.0,150.0,1.3764906303236797,39767.0,22.5,56.166666666666664,0.26800421548793585,-9.208333333333332,0.0
39240,rideHailVehicle-2866066@GlobalRHM,446,Bay,150.0,150.0,1.4193548387096775,39767.0,25.0,56.166666666666664,0.29778246165326205,-9.208333333333329,0.0
39300,rideHailVehicle-2866066@GlobalRHM,446,Bay,150.0,150.0,1.4732334047109208,39767.0,27.5,56.166666666666664,0.32756070781858826,-9.208333333333329,0.0
39360,rideHailVehicle-2866066@GlobalRHM,446,Bay,150.0,150.0,1.5429975429975429,39767.0,30.0,56.166666666666664,0.35733895398391446,-9.208333333333329,0.0
39420,rideHailVehicle-2866066@GlobalRHM,446,Bay,150.0,150.0,1.6368876080691641,39767.0,32.5,56.166666666666664,0.38711720014924067,-9.208333333333329,0.0
39480,rideHailVehicle-2866066@GlobalRHM,446,Bay,150.0,150.0,1.7700348432055746,39767.0,35.0,56.166666666666664,0.4168954463145669,-9.208333333333329,0.0
39540,rideHailVehicle-2866066@GlobalRHM,446,Bay,150.0,150.0,1.9735682819383256,39767.0,37.5,56.166666666666664,0.4466736924798931,-9.208333333333329,0.0
39600,rideHailVehicle-2866066@GlobalRHM,446,Bay,150.0,150.0,2.3233532934131733,39767.0,40.0,56.166666666666664,0.47645193864521923,-9.208333333333329,0.0
39660,rideHailVehicle-2866066@GlobalRHM,446,Bay,150.0,150.0,3.065420560747663,39767.0,42.5,56.166666666666664,0.5062301848105455,-9.208333333333329,0.0
39720,rideHailVehicle-2866066@GlobalRHM,446,Bay,150.0,150.0,5.702127659574467,39767.0,45.0,56.166666666666664,0.5360084309758717,-9.208333333333329,0.0
39780,rideHailVehicle-2866066@GlobalRHM,446,Bay,150.0,150.0,inf,39767.0,47.5,56.166666666666664,0.5657866771411979,-8.666666666666664,13.0
39840,rideHailVehicle-2866066@GlobalRHM,446,Bay,150.0,150.0,inf,39767.0,50.0,56.166666666666664,0.5955649233065241,-6.166666666666664,73.0
39900,rideHailVehicle-2866066@GlobalRHM,446,Bay,150.0,150.0,inf,39767.0,52.5,56.166666666666664,0.6253431694718503,-3.6666666666666643,133.0
39960,rideHailVehicle-2866066@GlobalRHM,446,Bay,69.99999999999986,69.99999999999986,inf,39767.0,55.0,56.166666666666664,0.6551214156371765,-1.1666666666666643,193.0
40020,rideHailVehicle-2866066@GlobalRHM,446,Bay,0.0,0.0,inf,39767.0,56.166666666666664,56.166666666666664,0.6690179305143287,0.0,253.0
46620,rideHailVehicle-5754826@GlobalRHM,446,Bay,151.68073813239428,400.0,1.0210210210210209,47286.0,0.0,56.666666666666664,0.0,-1.1666666666666665,0.0
46680,rideHailVehicle-5754826@GlobalRHM,446,Bay,228.55890839526316,400.0,1.0720525616724772,47286.0,2.5280123022065712,56.666666666666664,0.03011190905763212,-3.638654364460095,0.0
46740,rideHailVehicle-5754826@GlobalRHM,446,Bay,284.4192517911812,400.0,1.1061393236162427,47286.0,6.3373274421276236,56.666666666666664,0.07548579864078137,-4.8293392245390425,0.0
46800,rideHailVehicle-5754826@GlobalRHM,446,Bay,300.0,400.0,1.1256547743543872,47286.0,11.077648305313975,56.666666666666664,0.13194917526741928,-5.089018361352689,0.0
46860,rideHailVehicle-5754826@GlobalRHM,446,Bay,300.0,400.0,1.1433526298972587,47286.0,16.077648305313975,56.666666666666664,0.1915056675980717,-5.089018361352689,0.0
46920,rideHailVehicle-5754826@GlobalRHM,446,Bay,300.0,400.0,1.1668530610279568,47286.0,21.077648305313975,56.666666666666664,0.2510621599287241,-5.089018361352689,0.0
46980,rideHailVehicle-5754826@GlobalRHM,446,Bay,300.0,400.0,1.199569347504027,47286.0,26.077648305313975,56.666666666666664,0.3106186522593765,-5.089018361352689,0.0
47040,rideHailVehicle-5754826@GlobalRHM,446,Bay,299.9999999999998,400.0,1.2482447981147653,47286.0,31.077648305313975,56.666666666666664,0.3701751445900289,-5.089018361352689,0.0
47100,rideHailVehicle-5754826@GlobalRHM,446,Bay,300.0,400.0,1.3283237652485609,47286.0,36.07764830531397,56.666666666666664,0.4297316369206813,-5.089018361352693,0.0
47160,rideHailVehicle-5754826@GlobalRHM,446,Bay,300.0,400.0,1.4846684153669232,47286.0,41.07764830531397,56.666666666666664,0.4892881292513337,-5.089018361352693,0.0
47220,rideHailVehicle-5754826@GlobalRHM,446,Bay,300.0,400.0,1.9252760657004897,47286.0,46.07764830531397,56.666666666666664,0.5488446215819861,-5.089018361352693,0.0
47280,rideHailVehicle-5754826@GlobalRHM,446,Bay,300.0,335.3411016811616,11.178036722705386,47286.0,51.07764830531397,56.666666666666664,0.6084011139126385,-5.089018361352693,0.0
47340,rideHailVehicle-5754826@GlobalRHM,446,Bay,35.341101681161575,35.341101681161575,inf,47286.0,56.07764830531397,56.666666666666664,0.6679576062432909,-0.5890183613526929,54.0
47400,rideHailVehicle-5754826@GlobalRHM,446,Bay,0.0,0.0,inf,47286.0,56.666666666666664,56.666666666666664,0.6749735797473939,0.0,114.0
50400,rideHailVehicle-5470721@GlobalRHM,446,Bay,149.99999787281297,150.0,1.0172009382329945,51679.0,0.0,54.208333333333336,0.0,-0.9166666666666667,0.0
50460,rideHailVehicle-5470721@GlobalRHM,446,Bay,149.99999788580024,150.0,1.0180475806816038,51679.0,2.499999964546883,54.208333333333336,0.029778245743033546,-0.9166667021197838,0.0
50520,rideHailVehicle-5470721@GlobalRHM,446,Bay,149.99999786740256,150.0,1.018981882395647,51679.0,4.999999929310221,54.208333333333336,0.05955649148864535,-0.9166667373564463,0.0
50580,rideHailVehicle-5470721@GlobalRHM,446,Bay,149.99999787397923,150.0,1.0200182006820688,51679.0,7.49999989376693,54.208333333333336,0.0893347372306048,-0.9166667728997382,0.0
50640,rideHailVehicle-5470721@GlobalRHM,446,Bay,149.99999785889636,150.0,1.0211742092396556,51679.0,9.99999985833325,54.208333333333336,0.11911298297386988,-0.9166668083334173,0.0
50700,rideHailVehicle-5470721@GlobalRHM,446,Bay,149.99999980551743,150.0,1.0224719144601058,51679.0,12.49999982264819,54.208333333333336,0.14889122871414068,-0.9166668440184775,0.0
50760,rideHailVehicle-5470721@GlobalRHM,446,Bay,102.50001083559134,150.0,1.0239390689164707,51679.0,14.999999819406813,54.208333333333336,0.17866947484085788,-0.9166668472598545,0.0
50820,rideHailVehicle-5470721@GlobalRHM,446,Bay,150.0,150.0,1.0477299185098954,51679.0,16.708333333333336,54.208333333333336,0.19901794520493016,-1.7083333333333321,0.0
50880,rideHailVehicle-5470721@GlobalRHM,446,Bay,150.0,150.0,1.051314142678348,51679.0,19.208333333333336,54.208333333333336,0.22879619137025636,-1.7083333333333321,0.0
50940,rideHailVehicle-5470721@GlobalRHM,446,Bay,150.0,150.0,1.0554803788903924,51679.0,21.708333333333336,54.208333333333336,0.25857443753558257,-1.7083333333333321,0.0
51000,rideHailVehicle-5470721@GlobalRHM,446,Bay,150.0,150.0,1.0603829160530192,51679.0,24.208333333333336,54.208333333333336,0.2883526837009088,-1.7083333333333321,0.0
51060,rideHailVehicle-5470721@GlobalRHM,446,Bay,150.0,150.0,1.0662358642972536,51679.0,26.708333333333336,54.208333333333336,0.318130929866235,-1.7083333333333357,0.0
51120,rideHailVehicle-5470721@GlobalRHM,446,Bay,150.0,150.0,1.073345259391771,51679.0,29.208333333333336,54.208333333333336,0.3479091760315612,-1.7083333333333357,0.0
51180,rideHailVehicle-5470721@GlobalRHM,446,Bay,150.0,150.0,1.0821643286573146,51679.0,31.708333333333336,54.208333333333336,0.3776874221968874,-1.7083333333333357,0.0
51240,rideHailVehicle-5470721@GlobalRHM,446,Bay,150.0,150.0,1.0933940774487472,51679.0,34.208333333333336,54.208333333333336,0.4074656683622136,-1.7083333333333357,0.0
51300,rideHailVehicle-5470721@GlobalRHM,446,Bay,150.0,150.0,1.108179419525066,51679.0,36.708333333333336,54.208333333333336,0.4372439145275398,-1.7083333333333357,0.0
51360,rideHailVehicle-5470721@GlobalRHM,446,Bay,150.0,150.0,1.1285266457680252,51679.0,39.208333333333336,54.208333333333336,0.467022160692866,-1.7083333333333357,0.0
51420,rideHailVehicle-5470721@GlobalRHM,446,Bay,150.0,150.0,1.1583011583011584,51679.0,41.708333333333336,54.208333333333336,0.4968004068581922,-1.7083333333333357,0.0
51480,rideHailVehicle-5470721@GlobalRHM,446,Bay,150.0,150.0,1.206030150753769,51679.0,44.208333333333336,54.208333333333336,0.5265786530235184,-1.7083333333333357,0.0
51540,rideHailVehicle-5470721@GlobalRHM,446,Bay,150.0,150.0,1.2949640287769784,51679.0,46.708333333333336,54.208333333333336,0.5563568991888446,-1.7083333333333357,0.0
51600,rideHailVehicle-5470721@GlobalRHM,446,Bay,150.0,150.0,1.518987341772152,51679.0,49.208333333333336,54.208333333333336,0.5861351453541708,-1.7083333333333357,0.0
51660,rideHailVehicle-5470721@GlobalRHM,446,Bay,150.0,150.0,3.1578947368421053,51679.0,51.708333333333336,54.208333333333336,0.615913391519497,-1.7083333333333357,0.0
51720,rideHailVehicle-5470721@GlobalRHM,446,Bay,0.0,0.0,3.1578947368421053,51679.0,54.208333333333336,54.208333333333336,0.6456916376848232,0.0,41.0
51720,rideHailVehicle-148526@GlobalRHM,446,Bay,287.9409581255281,400.0,1.0694915254237292,52310.0,0.0,52.58333333333334,0.0,-3.416666666666667,0.0
51780,rideHailVehicle-148526@GlobalRHM,446,Bay,300.0,400.0,1.0819090724054614,52310.0,4.799015968758802,52.58333333333334,0.057162511547612406,-3.617650697907866,0.0
51840,rideHailVehicle-148526@GlobalRHM,446,Bay,300.0,400.0,1.092365549733818,52310.0,9.799015968758802,52.58333333333334,0.11671900387826481,-3.617650697907866,0.0
51900,rideHailVehicle-148526@GlobalRHM,446,Bay,300.0,400.0,1.1058824594509622,52310.0,14.799015968758802,52.58333333333334,0.17627549620891722,-3.617650697907866,0.0
51960,rideHailVehicle-148526@GlobalRHM,446,Bay,300.0,400.0,1.1240337382139842,52310.0,19.799015968758802,52.58333333333334,0.23583198853956963,-3.617650697907866,0.0
52020,rideHailVehicle-148526@GlobalRHM,446,Bay,300.0,400.0,1.149695890947912,52310.0,24.799015968758802,52.58333333333334,0.295388480870222,-3.6176506979078695,0.0
52080,rideHailVehicle-148526@GlobalRHM,446,Bay,300.0,400.0,1.1887469929343237,52310.0,29.799015968758802,52.58333333333334,0.3549449732008744,-3.6176506979078695,0.0
52140,rideHailVehicle-148526@GlobalRHM,446,Bay,300.0,400.0,1.25536357867585,52310.0,34.7990159687588,52.58333333333334,0.41450146553152684,-3.6176506979078695,0.0
52200,rideHailVehicle-148526@GlobalRHM,446,Bay,300.0,400.0,1.3946528034081318,52310.0,39.7990159687588,52.58333333333334,0.47405795786217925,-3.6176506979078695,0.0
52260,rideHailVehicle-148526@GlobalRHM,446,Bay,300.0,400.0,1.8682361674978898,52310.0,44.7990159687588,52.58333333333334,0.5336144501928317,-3.6176506979078695,0.0
52320,rideHailVehicle-148526@GlobalRHM,446,Bay,167.05904187447246,167.05904187447246,inf,52310.0,49.7990159687588,52.58333333333334,0.5931709425234841,-2.784317364574541,10.0
52380,rideHailVehicle-148526@GlobalRHM,446,Bay,0.0,0.0,inf,52310.0,52.58333333333334,52.58333333333334,0.6263357776773613,0.0,70.0
59340,rideHailVehicle-3177092@GlobalRHM,446,Bay,269.0273837649138,300.0,1.0973597359735974,59946.0,0.0,55.416666666666664,0.0,-4.916666666666666,0.0
59400,rideHailVehicle-3177092@GlobalRHM,446,Bay,300.0,300.0,1.1194038887308009,59946.0,4.48378972941523,55.416666666666664,0.05340775772643524,-5.432876937251436,0.0
59460,rideHailVehicle-3177092@GlobalRHM,446,Bay,300.0,300.0,1.1341451095617638,59946.0,9.48378972941523,55.416666666666664,0.11296425005708764,-5.432876937251436,0.0
59520,rideHailVehicle-3177092@GlobalRHM,446,Bay,299.9999999999999,300.0,1.153038786964829,59946.0,14.48378972941523,55.416666666666664,0.17252074238774004,-5.432876937251434,0.0
59580,rideHailVehicle-3177092@GlobalRHM,446,Bay,300.0,300.0,1.1781271126967683,59946.0,19.48378972941523,55.416666666666664,0.23207723471839245,-5.432876937251436,0.0
59640,rideHailVehicle-3177092@GlobalRHM,446,Bay,300.0,300.0,1.213053997539272,59946.0,24.48378972941523,55.416666666666664,0.29163372704904483,-5.432876937251436,0.0
59700,rideHailVehicle-3177092@GlobalRHM,446,Bay,300.0,300.0,1.265018387182997,59946.0,29.48378972941523,55.416666666666664,0.35119021937969724,-5.432876937251436,0.0
59760,rideHailVehicle-3177092@GlobalRHM,446,Bay,300.0,300.0,1.3505081895000925,59946.0,34.48378972941523,55.416666666666664,0.41074671171034965,-5.432876937251436,0.0
59820,rideHailVehicle-3177092@GlobalRHM,446,Bay,300.0,300.0,1.5174168511668034,59946.0,39.48378972941523,55.416666666666664,0.47030320404100207,-5.432876937251436,0.0
59880,rideHailVehicle-3177092@GlobalRHM,446,Bay,300.0,300.0,1.9877958067729884,59946.0,44.48378972941523,55.416666666666664,0.5298596963716544,-5.432876937251436,0.0
59940,rideHailVehicle-3177092@GlobalRHM,446,Bay,300.0,300.0,11.865753874502872,59946.0,49.48378972941523,55.416666666666664,0.5894161887023068,-5.432876937251436,0.0
60000,rideHailVehicle-3177092@GlobalRHM,446,Bay,55.97261623508615,55.97261623508615,inf,59946.0,54.48378972941523,55.416666666666664,0.6489726810329592,-0.9328769372514358,54.0
60060,rideHailVehicle-3177092@GlobalRHM,446,Bay,0.0,0.0,inf,59946.0,55.416666666666664,55.416666666666664,0.6600844566647308,0.0,114.0
61800,rideHailVehicle-3901082@GlobalRHM,446,Bay,266.7314860059388,400.0,1.095959595959596,62394.0,0.0,54.25,0.0,-4.75,0.0
61860,rideHailVehicle-3901082@GlobalRHM,446,Bay,300.0,400.0,1.11920169063448,62394.0,4.445524766765646,54.25,0.05295197233552071,-5.304475233234354,0.0
61920,rideHailVehicle-3901082@GlobalRHM,446,Bay,300.0,400.0,1.1342905122337812,62394.0,9.445524766765647,54.25,0.11250846466617313,-5.304475233234353,0.0
61980,rideHailVehicle-3901082@GlobalRHM,446,Bay,300.0,400.0,1.1537529053111408,62394.0,14.445524766765647,54.25,0.17206495699682553,-5.304475233234353,0.0
62040,rideHailVehicle-3901082@GlobalRHM,446,Bay,300.0,400.0,1.179812719770656,62394.0,19.445524766765647,54.25,0.23162144932747794,-5.304475233234353,0.0
62100,rideHailVehicle-3901082@GlobalRHM,446,Bay,300.0,400.0,1.2165091931932388,62394.0,24.445524766765647,54.25,0.2911779416581303,-5.304475233234353,0.0
62160,rideHailVehicle-3901082@GlobalRHM,446,Bay,299.9999999999998,400.0,1.272024370935095,62394.0,29.445524766765647,54.25,0.35073443398878273,-5.304475233234353,0.0
62220,rideHailVehicle-3901082@GlobalRHM,446,Bay,300.0,400.0,1.3658258781540935,62394.0,34.445524766765644,54.25,0.41029092631943515,-5.304475233234356,0.0
62280,rideHailVehicle-3901082@GlobalRHM,446,Bay,300.0,400.0,1.558365814024669,62394.0,39.445524766765644,54.25,0.46984741865008756,-5.304475233234356,0.0
62340,rideHailVehicle-3901082@GlobalRHM,446,Bay,300.0,400.0,2.178772274052079,62394.0,44.445524766765644,54.25,0.5294039109807399,-5.304475233234356,0.0
62400,rideHailVehicle-3901082@GlobalRHM,446,Bay,288.2685139940614,288.2685139940614,inf,62394.0,49.445524766765644,54.25,0.5889604033113923,-4.804475233234356,6.0
62460,rideHailVehicle-3901082@GlobalRHM,446,Bay,0.0,0.0,inf,62394.0,54.25,54.25,0.6461879417875787,0.0,66.0
64920,rideHailVehicle-4957289@GlobalRHM,446,Bay,234.93236514400013,400.0,1.0723981900452488,65583.0,0.0,59.25,0.0,-4.0,0.0
64980,rideHailVehicle-4957289@GlobalRHM,446,Bay,286.89948398555424,400.0,1.1011832951429519,65583.0,3.915539419066669,59.25,0.04663915867640225,-5.084460580933332,0.0
65040,rideHailVehicle-4957289@GlobalRHM,446,Bay,300.0,400.0,1.117189005845468,65583.0,8.697197485492573,59.25,0.10359491506858157,-5.302802514507427,0.0
65100,rideHailVehicle-4957289@GlobalRHM,446,Bay,300.0,400.0,1.1317466463231658,65583.0,13.697197485492573,59.25,0.16315140739923398,-5.302802514507427,0.0
65160,rideHailVehicle-4957289@GlobalRHM,446,Bay,300.0,400.0,1.1504341138867356,65583.0,18.697197485492573,59.25,0.2227078997298864,-5.302802514507427,0.0
65220,rideHailVehicle-4957289@GlobalRHM,446,Bay,300.0,400.0,1.1752992566779314,65583.0,23.697197485492573,59.25,0.28226439206053877,-5.302802514507427,0.0
65280,rideHailVehicle-4957289@GlobalRHM,446,Bay,300.0,400.0,1.2100119807725713,65583.0,28.697197485492573,59.25,0.3418208843911912,-5.302802514507427,0.0
65340,rideHailVehicle-4957289@GlobalRHM,446,Bay,300.0,400.0,1.2618667908398729,65583.0,33.69719748549257,59.25,0.4013773767218436,-5.302802514507427,0.0
65400,rideHailVehicle-4957289@GlobalRHM,446,Bay,300.0,400.0,1.3477247550496674,65583.0,38.69719748549257,59.25,0.460933869052496,-5.302802514507427,0.0
65460,rideHailVehicle-4957289@GlobalRHM,446,Bay,300.0,400.0,1.5173465867812124,65583.0,43.69719748549257,59.25,0.5204903613831484,-5.302802514507427,0.0
65520,rideHailVehicle-4957289@GlobalRHM,446,Bay,300.0,400.0,2.0100576218109385,65583.0,48.69719748549257,59.25,0.5800468537138008,-5.302802514507427,0.0
65580,rideHailVehicle-4957289@GlobalRHM,446,Bay,300.0,333.16815087044563,22.211210058029707,65583.0,53.69719748549257,59.25,0.6396033460444532,-5.302802514507427,0.0
65640,rideHailVehicle-4957289@GlobalRHM,446,Bay,33.1681508704456,33.1681508704456,inf,65583.0,58.69719748549257,59.25,0.6991598383751056,-0.5528025145074267,57.0
65700,rideHailVehicle-4957289@GlobalRHM,446,Bay,0.0,0.0,inf,65583.0,59.25,59.25,0.7057444341182311,0.0,117.0
65880,rideHailVehicle-1025928@GlobalRHM,446,Bay,260.0000000000002,400.0,1.0567260940032417,66497.0,0.0,54.333333333333336,0.0,-2.916666666666667,0.0
65940,rideHailVehicle-1025928@GlobalRHM,446,Bay,299.9999999999999,400.0,1.0771992818671454,66497.0,4.3333333333333375,54.333333333333336,0.05161562668656547,-3.5833333333333304,0.0
66000,rideHailVehicle-1025928@GlobalRHM,446,Bay,300.0,400.0,1.0865191146881288,66497.0,9.333333333333336,54.333333333333336,0.11117211901721785,-3.583333333333332,0.0
66060,rideHailVehicle-1025928@GlobalRHM,446,Bay,300.0,400.0,1.0983981693363845,66497.0,14.333333333333336,54.333333333333336,0.17072861134787026,-3.583333333333332,0.0
66120,rideHailVehicle-1025928@GlobalRHM,446,Bay,300.0,400.0,1.1140583554376657,66497.0,19.333333333333336,54.333333333333336,0.23028510367852267,-3.583333333333332,0.0
66180,rideHailVehicle-1025928@GlobalRHM,446,Bay,300.0,400.0,1.135646687697161,66497.0,24.333333333333336,54.333333333333336,0.2898415960091751,-3.5833333333333357,0.0
66240,rideHailVehicle-1025928@GlobalRHM,446,Bay,300.0,400.0,1.1673151750972761,66497.0,29.333333333333336,54.333333333333336,0.3493980883398275,-3.5833333333333357,0.0
66300,rideHailVehicle-1025928@GlobalRHM,446,Bay,300.0,400.0,1.2182741116751268,66497.0,34.333333333333336,54.333333333333336,0.4089545806704799,-3.5833333333333357,0.0
66360,rideHailVehicle-1025928@GlobalRHM,446,Bay,300.0,400.0,1.3138686131386863,66497.0,39.333333333333336,54.333333333333336,0.4685110730011323,-3.5833333333333357,0.0
66420,rideHailVehicle-1025928@GlobalRHM,446,Bay,300.0,400.0,1.5584415584415583,66497.0,44.333333333333336,54.333333333333336,0.5280675653317847,-3.5833333333333357,0.0
66480,rideHailVehicle-1025928@GlobalRHM,446,Bay,300.0,300.0,3.5294117647058822,66497.0,49.333333333333336,54.333333333333336,0.5876240576624371,-3.5833333333333357,0.0
66540,rideHailVehicle-1025928@GlobalRHM,446,Bay,0.0,0.0,3.5294117647058822,66497.0,54.333333333333336,54.333333333333336,0.6471805499930895,0.0,43.0
71100,rideHailVehicle-7289681@GlobalRHM,446,Bay,150.0,150.0,1.0464547677261613,72327.0,0.0,53.5,0.0,-2.375,0.0
71160,rideHailVehicle-7289681@GlobalRHM,446,Bay,150.0,150.0,1.0488431876606683,72327.0,2.5,53.5,0.029778246165326202,-2.375,0.0
71220,rideHailVehicle-7289681@GlobalRHM,446,Bay,150.0,150.0,1.051490514905149,72327.0,5.0,53.5,0.059556492330652404,-2.375,0.0
71280,rideHailVehicle-7289681@GlobalRHM,446,Bay,150.0,150.0,1.0544412607449856,72327.0,7.5,53.5,0.08933473849597862,-2.375,0.0
71340,rideHailVehicle-7289681@GlobalRHM,446,Bay,150.0,150.0,1.0577507598784195,72327.0,10.0,53.5,0.11911298466130481,-2.375,0.0
71400,rideHailVehicle-7289681@GlobalRHM,446,Bay,150.0,150.0,1.0614886731391586,72327.0,12.5,53.5,0.14889123082663103,-2.375,0.0
71460,rideHailVehicle-7289681@GlobalRHM,446,Bay,150.0,150.0,1.065743944636678,72327.0,15.0,53.5,0.17866947699195723,-2.375,0.0
71520,rideHailVehicle-7289681@GlobalRHM,446,Bay,150.0,150.0,1.070631970260223,72327.0,17.5,53.5,0.20844772315728344,-2.375,0.0
71580,rideHailVehicle-7289681@GlobalRHM,446,Bay,150.0,150.0,1.0763052208835342,72327.0,20.0,53.5,0.23822596932260962,-2.375,0.0
71640,rideHailVehicle-7289681@GlobalRHM,446,Bay,150.0,150.0,1.0829694323144106,72327.0,22.5,53.5,0.26800421548793585,-2.375,0.0
71700,rideHailVehicle-7289681@GlobalRHM,446,Bay,150.0,150.0,1.0909090909090908,72327.0,25.0,53.5,0.29778246165326205,-2.375,0.0
71760,rideHailVehicle-7289681@GlobalRHM,446,Bay,150.0,150.0,1.1005291005291005,72327.0,27.5,53.5,0.32756070781858826,-2.375,0.0
71820,rideHailVehicle-7289681@GlobalRHM,446,Bay,150.0,150.0,1.1124260355029585,72327.0,30.0,53.5,0.35733895398391446,-2.375,0.0
71880,rideHailVehicle-7289681@GlobalRHM,446,Bay,150.0,150.0,1.1275167785234899,72327.0,32.5,53.5,0.38711720014924067,-2.375,0.0
71940,rideHailVehicle-7289681@GlobalRHM,446,Bay,150.0,150.0,1.1472868217054264,72327.0,35.0,53.5,0.4168954463145669,-2.375,0.0
72000,rideHailVehicle-7289681@GlobalRHM,446,Bay,150.0,150.0,1.1743119266055047,72327.0,37.5,53.5,0.4466736924798931,-2.375,0.0
72060,rideHailVehicle-7289681@GlobalRHM,446,Bay,150.0,150.0,1.2134831460674158,72327.0,40.0,53.5,0.47645193864521923,-2.375,0.0
72120,rideHailVehicle-7289681@GlobalRHM,446,Bay,150.0,150.0,1.2753623188405796,72327.0,42.5,53.5,0.5062301848105455,-2.375,0.0
72180,rideHailVehicle-7289681@GlobalRHM,446,Bay,150.0,150.0,1.3877551020408163,72327.0,45.0,53.5,0.5360084309758717,-2.375,0.0
72240,rideHailVehicle-7289681@GlobalRHM,446,Bay,150.0,150.0,1.6551724137931034,72327.0,47.5,53.5,0.5657866771411979,-2.375,0.0
72300,rideHailVehicle-7289681@GlobalRHM,446,Bay,150.0,150.0,3.111111111111111,72327.0,50.0,53.5,0.5955649233065241,-2.375,0.0
72360,rideHailVehicle-7289681@GlobalRHM,446,Bay,60.0,60.0,inf,72327.0,52.5,53.5,0.6253431694718503,-1.0,33.0
72420,rideHailVehicle-7289681@GlobalRHM,446,Bay,0.0,0.0,inf,72327.0,53.5,53.5,0.6372544679379808,0.0,93.0
73140,rideHailVehicle-4577124@GlobalRHM,446,Bay,300.0,400.0,1.0595446584938704,73711.0,0.0,50.416666666666664,0.0,-2.833333333333333,0.0
73200,rideHailVehicle-4577124@GlobalRHM,446,Bay,300.0,400.0,1.0665362035225048,73711.0,5.0,50.416666666666664,0.059556492330652404,-2.833333333333333,0.0
73260,rideHailVehicle-4577124@GlobalRHM,446,Bay,300.0,400.0,1.0753880266075386,73711.0,10.0,50.416666666666664,0.11911298466130481,-2.833333333333332,0.0
73320,rideHailVehicle-4577124@GlobalRHM,446,Bay,300.0,400.0,1.0869565217391304,73711.0,15.0,50.416666666666664,0.17866947699195723,-2.833333333333332,0.0
73380,rideHailVehicle-4577124@GlobalRHM,446,Bay,300.0,400.0,1.1027190332326284,73711.0,20.0,50.416666666666664,0.23822596932260962,-2.833333333333332,0.0
73440,rideHailVehicle-4577124@GlobalRHM,446,Bay,300.0,400.0,1.125461254612546,73711.0,25.0,50.416666666666664,0.29778246165326205,-2.833333333333332,0.0
73500,rideHailVehicle-4577124@GlobalRHM,446,Bay,300.0,400.0,1.1611374407582937,73711.0,30.0,50.416666666666664,0.35733895398391446,-2.8333333333333286,0.0
73560,rideHailVehicle-4577124@GlobalRHM,446,Bay,300.0,400.0,1.225165562913907,73711.0,35.0,50.416666666666664,0.4168954463145669,-2.8333333333333286,0.0
73620,rideHailVehicle-4577124@GlobalRHM,446,Bay,300.0,400.0,1.3736263736263734,73711.0,40.0,50.416666666666664,0.47645193864521923,-2.8333333333333286,0.0
73680,rideHailVehicle-4577124@GlobalRHM,446,Bay,300.0,324.9999999999999,2.096774193548386,73711.0,45.0,50.416666666666664,0.5360084309758717,-2.8333333333333286,0.0
73740,rideHailVehicle-4577124@GlobalRHM,446,Bay,24.999999999999858,24.999999999999858,inf,73711.0,50.0,50.416666666666664,0.5955649233065241,-0.4166666666666643,29.0
73740,rideHailVehicle-4577124@GlobalRHM,446,Bay,24.999999999999858,0.0,inf,73711.0,50.416666666666664,50.416666666666664,0.6005279643340784,0.0,89.0
73800,rideHailVehicle-4577124@GlobalRHM,446,Bay,0.0,0.0,inf,73711.0,50.416666666666664,50.416666666666664,0.6005279643340784,0.0,89.0
73800,rideHailVehicle-3807469@GlobalRHM,446,Bay,300.0,400.0,1.1564147627416521,74369.0,0.0,54.833333333333336,0.0,-7.416666666666668,0.0
73860,rideHailVehicle-3807469@GlobalRHM,446,Bay,300.0,400.0,1.174852652259332,74369.0,5.0,54.833333333333336,0.059556492330652404,-7.416666666666668,0.0
73920,rideHailVehicle-3807469@GlobalRHM,446,Bay,300.0,400.0,1.1982182628062361,74369.0,10.0,54.833333333333336,0.11911298466130481,-7.416666666666668,0.0
73980,rideHailVehicle-3807469@GlobalRHM,446,Bay,300.0,400.0,1.2287917737789205,74369.0,15.0,54.833333333333336,0.17866947699195723,-7.416666666666668,0.0
74040,rideHailVehicle-3807469@GlobalRHM,446,Bay,300.0,400.0,1.270516717325228,74369.0,20.0,54.833333333333336,0.23822596932260962,-7.416666666666671,0.0
74100,rideHailVehicle-3807469@GlobalRHM,446,Bay,300.0,400.0,1.3308550185873607,74369.0,25.0,54.833333333333336,0.29778246165326205,-7.416666666666671,0.0
74160,rideHailVehicle-3807469@GlobalRHM,446,Bay,300.0,400.0,1.4258373205741628,74369.0,30.0,54.833333333333336,0.35733895398391446,-7.416666666666671,0.0
74220,rideHailVehicle-3807469@GlobalRHM,446,Bay,300.0,400.0,1.597315436241611,74369.0,35.0,54.833333333333336,0.4168954463145669,-7.416666666666671,0.0
74280,rideHailVehicle-3807469@GlobalRHM,446,Bay,300.0,400.0,2.0000000000000004,74369.0,40.0,54.833333333333336,0.47645193864521923,-7.416666666666671,0.0
74340,rideHailVehicle-3807469@GlobalRHM,446,Bay,300.0,400.0,4.068965517241381,74369.0,45.0,54.833333333333336,0.5360084309758717,-7.416666666666671,0.0
74400,rideHailVehicle-3807469@GlobalRHM,446,Bay,290.00000000000017,290.00000000000017,inf,74369.0,50.0,54.833333333333336,0.5955649233065241,-4.833333333333336,31.0
74400,rideHailVehicle-3807469@GlobalRHM,446,Bay,290.00000000000017,0.0,inf,74369.0,54.833333333333336,54.833333333333336,0.6531361992261547,0.0,91.0
74460,rideHailVehicle-3807469@GlobalRHM,446,Bay,0.0,0.0,inf,74369.0,54.833333333333336,54.833333333333336,0.6531361992261547,0.0,91.0
74460,rideHailVehicle-1314833@GlobalRHM,446,Bay,300.0,400.0,1.1645569620253164,75013.0,0.0,53.666666666666664,0.0,-7.583333333333333,0.0
74520,rideHailVehicle-1314833@GlobalRHM,446,Bay,300.0,400.0,1.1845841784989857,75013.0,5.0,53.666666666666664,0.059556492330652404,-7.583333333333332,0.0
74580,rideHailVehicle-1314833@GlobalRHM,446,Bay,159.40467141275246,400.0,1.2101616628175518,75013.0,10.0,53.666666666666664,0.11911298466130481,-7.583333333333332,0.0
74640,rideHailVehicle-1314833@GlobalRHM,446,Bay,149.99997948061372,400.0,1.3193540635856555,75013.0,12.656744523545875,53.666666666666664,0.15075826162951736,-9.926588809787457,0.0
74700,rideHailVehicle-1314833@GlobalRHM,446,Bay,149.99999937610693,400.0,1.4764187534227693,75013.0,15.156744181556103,53.666666666666664,0.1805365037213013,-12.426589151777229,0.0
74760,rideHailVehicle-1314833@GlobalRHM,446,Bay,150.00000039287698,400.0,1.7079805136209696,75013.0,17.656744171157886,53.666666666666664,0.21031474976277126,-14.926589162175443,0.0
74820,rideHailVehicle-1314833@GlobalRHM,446,Bay,150.00000990015795,400.0,2.083518496722953,75013.0,20.156744177705836,53.666666666666664,0.24009299600609202,-17.426589155627493,0.0
74880,rideHailVehicle-1314833@GlobalRHM,446,Bay,150.0000056326923,400.0,2.797887728477431,75013.0,22.656744342708468,53.666666666666664,0.26987124413681385,-19.92658899062486,0.0
74940,rideHailVehicle-1314833@GlobalRHM,446,Bay,150.0000060792386,400.0,4.686562558369314,75013.0,25.156744436586674,53.666666666666664,0.29964949142035135,-22.426588896746654,0.0
75000,rideHailVehicle-1314833@GlobalRHM,446,Bay,150.00000386521242,400.0,24.00915888808555,75013.0,27.65674453790732,53.666666666666664,0.329427738792538,-24.92658879542601,0.0
75060,rideHailVehicle-1314833@GlobalRHM,446,Bay,150.00000337163277,400.0,inf,75013.0,30.156744602327525,53.666666666666664,0.3592059857251925,-23.50992206433914,47.0
75060,rideHailVehicle-1314833@GlobalRHM,446,Bay,150.00000337163277,400.0,inf,75013.0,32.656744658521404,53.666666666666664,0.3889842325598608,-21.00992200814526,107.0
75120,rideHailVehicle-1314833@GlobalRHM,446,Bay,150.00000267408402,400.0,inf,75013.0,32.656744658521404,53.666666666666664,0.3889842325598608,-21.00992200814526,107.0
75120,rideHailVehicle-1314833@GlobalRHM,446,Bay,150.00000267408402,400.0,inf,75013.0,35.15674470308947,53.666666666666664,0.4187624792560506,-18.50992196357719,167.0
75180,rideHailVehicle-1314833@GlobalRHM,446,Bay,150.00000240353586,400.0,inf,75013.0,35.15674470308947,53.666666666666664,0.4187624792560506,-18.50992196357719,167.0
75180,rideHailVehicle-1314833@GlobalRHM,446,Bay,150.00000240353586,400.0,inf,75013.0,37.6567447431484,53.666666666666664,0.4485407258985306,-16.009921923518263,227.0
75240,rideHailVehicle-1314833@GlobalRHM,446,Bay,150.0000022537918,400.0,inf,75013.0,37.6567447431484,53.666666666666664,0.4485407258985306,-16.009921923518263,227.0
75240,rideHailVehicle-1314833@GlobalRHM,446,Bay,150.0000022537918,400.0,inf,75013.0,40.1567447807116,53.666666666666664,0.4783189725112833,-13.509921885955066,287.0
75300,rideHailVehicle-1314833@GlobalRHM,446,Bay,150.00000217652692,400.0,inf,75013.0,40.1567447807116,53.666666666666664,0.4783189725112833,-13.509921885955066,287.0
75300,rideHailVehicle-1314833@GlobalRHM,446,Bay,150.00000217652692,400.0,inf,75013.0,42.65674481698705,53.666666666666664,0.5080972191086972,-11.009921849679614,347.0
75360,rideHailVehicle-1314833@GlobalRHM,446,Bay,150.00000221170856,400.0,inf,75013.0,42.65674481698705,53.666666666666664,0.5080972191086972,-11.009921849679614,347.0
75360,rideHailVehicle-1314833@GlobalRHM,446,Bay,150.00000221170856,400.0,inf,75013.0,45.156744853848856,53.666666666666664,0.5378754657130954,-8.509921812817808,407.0
75420,rideHailVehicle-1314833@GlobalRHM,446,Bay,150.00000225576179,400.0,inf,75013.0,45.156744853848856,53.666666666666664,0.5378754657130954,-8.509921812817808,407.0
75420,rideHailVehicle-1314833@GlobalRHM,446,Bay,150.00000225576179,360.59530651330664,inf,75013.0,47.65674489144489,53.666666666666664,0.5676537123262392,-6.009921775221777,467.0
75480,rideHailVehicle-1314833@GlobalRHM,446,Bay,150.00000211698438,360.59530651330664,inf,75013.0,47.65674489144489,53.666666666666664,0.5676537123262392,-6.009921775221777,467.0
75480,rideHailVehicle-1314833@GlobalRHM,446,Bay,150.00000211698438,210.59530439632226,inf,75013.0,50.15674492672796,53.666666666666664,0.5974319589118325,-3.5099217399387044,527.0
75540,rideHailVehicle-1314833@GlobalRHM,446,Bay,150.00000210321184,210.59530439632226,inf,75013.0,50.15674492672796,53.666666666666664,0.5974319589118325,-3.5099217399387044,527.0
75540,rideHailVehicle-1314833@GlobalRHM,446,Bay,150.00000210321184,60.595302293110365,inf,75013.0,52.65674496178149,53.666666666666664,0.6272102054946919,-1.0099217048851727,587.0
75600,rideHailVehicle-1314833@GlobalRHM,446,Bay,60.595302293110365,60.595302293110365,inf,75013.0,52.65674496178149,53.666666666666664,0.6272102054946919,-1.0099217048851727,587.0
75600,rideHailVehicle-1314833@GlobalRHM,446,Bay,60.595302293110365,0.0,inf,75013.0,53.666666666666664,53.666666666666664,0.6392396843490025,0.0,647.0
75660,rideHailVehicle-1314833@GlobalRHM,446,Bay,0.0,0.0,inf,75013.0,53.666666666666664,53.666666666666664,0.6392396843490025,0.0,647.0
75660,rideHailVehicle-4848569@GlobalRHM,446,Bay,225.99394541734287,400.0,inf,75613.0,0.0,50.0,0.0,-50.0,0.0
75720,rideHailVehicle-4848569@GlobalRHM,446,Bay,149.9999692538497,400.0,inf,75613.0,3.7665657569557145,50.0,0.0448646889234062,-46.233434243044286,107.0
75780,rideHailVehicle-4848569@GlobalRHM,446,Bay,150.00000339241512,400.0,inf,75613.0,6.266565244519876,50.0,0.07464292898495618,-43.733434755480125,167.0
75840,rideHailVehicle-4848569@GlobalRHM,446,Bay,149.99998998660865,400.0,inf,75613.0,8.766565301060128,50.0,0.1044211758237502,-41.233434698939874,227.0
75900,rideHailVehicle-4848569@GlobalRHM,446,Bay,149.99999100786303,400.0,inf,75613.0,11.266565134170271,50.0,0.13419942000120152,-38.73343486582973,287.0
75960,rideHailVehicle-4848569@GlobalRHM,446,Bay,150.00000875814538,400.0,inf,75613.0,13.766564984301322,50.0,0.16397766438139394,-36.233435015698674,347.0
76020,rideHailVehicle-4848569@GlobalRHM,446,Bay,150.00001828941868,400.0,inf,75613.0,16.26656513027041,50.0,0.19375591228540154,-33.73343486972959,407.0
76080,rideHailVehicle-4848569@GlobalRHM,446,Bay,150.00000747558227,400.0,inf,75613.0,18.766565435094055,50.0,0.22353416208157312,-31.233434564905945,467.0
76140,rideHailVehicle-4848569@GlobalRHM,446,Bay,150.00000685441535,400.0,inf,75613.0,21.26656555968709,50.0,0.2533124097309642,-28.73343444031291,527.0
76200,rideHailVehicle-4848569@GlobalRHM,446,Bay,150.0000049815064,400.0,inf,75613.0,23.766565673927346,50.0,0.28309065725704013,-26.233434326072654,587.0
76260,rideHailVehicle-4848569@GlobalRHM,446,Bay,150.00000343345116,400.0,inf,75613.0,26.266565756952453,50.0,0.31286890441130316,-23.733434243047547,647.0
76320,rideHailVehicle-4848569@GlobalRHM,446,Bay,150.0000026639669,400.0,inf,75613.0,28.766565814176637,50.0,0.34264715125824374,-21.233434185823363,707.0
76380,rideHailVehicle-4848569@GlobalRHM,446,Bay,150.00000238408128,400.0,inf,75613.0,31.266565858576087,50.0,0.372425397952425,-18.733434141423913,767.0
76440,rideHailVehicle-4848569@GlobalRHM,446,Bay,150.00000227832516,400.0,inf,75613.0,33.76656589831077,50.0,0.40220364459104296,-16.233434101689227,827.0
76500,rideHailVehicle-4848569@GlobalRHM,446,Bay,150.00000221004663,400.0,inf,75613.0,36.26656593628286,50.0,0.431981891208666,-13.73343406371714,887.0
76560,rideHailVehicle-4848569@GlobalRHM,446,Bay,150.00000223994593,400.0,inf,75613.0,38.76656597311697,50.0,0.4617601378127343,-11.233434026883032,947.0
76560,rideHailVehicle-4848569@GlobalRHM,446,Bay,150.00000223994593,400.0,inf,75613.0,41.2665660104494,50.0,0.49153838442273823,-8.733433989550598,1007.0
76620,rideHailVehicle-4848569@GlobalRHM,446,Bay,150.00000225077287,400.0,inf,75613.0,41.2665660104494,50.0,0.49153838442273823,-8.733433989550598,1007.0
76620,rideHailVehicle-4848569@GlobalRHM,446,Bay,150.00000225077287,374.00603712226285,inf,75613.0,43.766566047962286,50.0,0.5213166310348916,-6.233433952037714,1067.0
76680,rideHailVehicle-4848569@GlobalRHM,446,Bay,150.00000213420563,374.00603712226285,inf,75613.0,43.766566047962286,50.0,0.5213166310348916,-6.233433952037714,1067.0
76680,rideHailVehicle-4848569@GlobalRHM,446,Bay,150.00000213420563,224.00603498805708,inf,75613.0,46.26656608353238,50.0,0.5510948776239039,-3.733433916467618,1127.0
76740,rideHailVehicle-4848569@GlobalRHM,446,Bay,150.00000211321597,224.00603498805708,inf,75613.0,46.26656608353238,50.0,0.5510948776239039,-3.733433916467618,1127.0
76740,rideHailVehicle-4848569@GlobalRHM,446,Bay,150.00000211321597,74.00603287484103,inf,75613.0,48.76656611875265,50.0,0.5808731242087491,-1.2334338812473504,1187.0
76800,rideHailVehicle-4848569@GlobalRHM,446,Bay,74.00603287484103,74.00603287484103,inf,75613.0,48.76656611875265,50.0,0.5808731242087491,-1.2334338812473504,1187.0
76800,rideHailVehicle-4848569@GlobalRHM,446,Bay,74.00603287484103,0.0,inf,75613.0,50.0,50.0,0.5955649233065241,0.0,1247.0
76860,rideHailVehicle-4848569@GlobalRHM,446,Bay,0.0,0.0,inf,75613.0,50.0,50.0,0.5955649233065241,0.0,1247.0
76860,rideHailVehicle-5223915@GlobalRHM,446,Bay,150.0,150.0,1.299445471349353,77942.0,0.0,58.583333333333336,0.0,-13.500000000000002,0.0
76920,rideHailVehicle-5223915@GlobalRHM,446,Bay,150.0,150.0,1.3170254403131114,77942.0,2.5,58.583333333333336,0.029778246165326202,-13.5,0.0
76980,rideHailVehicle-5223915@GlobalRHM,446,Bay,150.0,150.0,1.3367983367983367,77942.0,5.0,58.583333333333336,0.059556492330652404,-13.500000000000004,0.0
77040,rideHailVehicle-5223915@GlobalRHM,446,Bay,150.0,150.0,1.3592017738359201,77942.0,7.5,58.583333333333336,0.08933473849597862,-13.500000000000004,0.0
77100,rideHailVehicle-5223915@GlobalRHM,446,Bay,150.0,150.0,1.3847980997624703,77942.0,10.0,58.583333333333336,0.11911298466130481,-13.500000000000004,0.0
77160,rideHailVehicle-5223915@GlobalRHM,446,Bay,150.0,150.0,1.4143222506393862,77942.0,12.5,58.583333333333336,0.14889123082663103,-13.500000000000004,0.0
77220,rideHailVehicle-5223915@GlobalRHM,446,Bay,150.0,150.0,1.4487534626038783,77942.0,15.0,58.583333333333336,0.17866947699195723,-13.500000000000004,0.0
77280,rideHailVehicle-5223915@GlobalRHM,446,Bay,150.0,150.0,1.489425981873112,77942.0,17.5,58.583333333333336,0.20844772315728344,-13.500000000000004,0.0
77340,rideHailVehicle-5223915@GlobalRHM,446,Bay,150.0,150.0,1.5382059800664454,77942.0,20.0,58.583333333333336,0.23822596932260962,-13.500000000000007,0.0
77400,rideHailVehicle-5223915@GlobalRHM,446,Bay,150.0,150.0,1.5977859778597787,77942.0,22.5,58.583333333333336,0.26800421548793585,-13.500000000000007,0.0
77460,rideHailVehicle-5223915@GlobalRHM,446,Bay,150.0,150.0,1.6721991701244816,77942.0,25.0,58.583333333333336,0.29778246165326205,-13.500000000000007,0.0
77520,rideHailVehicle-5223915@GlobalRHM,446,Bay,150.0,150.0,1.7677725118483414,77942.0,27.5,58.583333333333336,0.32756070781858826,-13.500000000000007,0.0
77580,rideHailVehicle-5223915@GlobalRHM,446,Bay,150.0,150.0,1.8950276243093924,77942.0,30.0,58.583333333333336,0.35733895398391446,-13.500000000000007,0.0
77640,rideHailVehicle-5223915@GlobalRHM,446,Bay,150.0,150.0,2.0728476821192054,77942.0,32.5,58.583333333333336,0.38711720014924067,-13.500000000000007,0.0
77700,rideHailVehicle-5223915@GlobalRHM,446,Bay,150.0,150.0,2.3388429752066116,77942.0,35.0,58.583333333333336,0.4168954463145669,-13.500000000000007,0.0
77760,rideHailVehicle-5223915@GlobalRHM,446,Bay,150.0,150.0,2.7802197802197806,77942.0,37.5,58.583333333333336,0.4466736924798931,-13.500000000000007,0.0
77820,rideHailVehicle-5223915@GlobalRHM,446,Bay,150.0,150.0,3.6557377049180335,77942.0,40.0,58.583333333333336,0.47645193864521923,-13.500000000000007,0.0
77880,rideHailVehicle-5223915@GlobalRHM,446,Bay,150.0,150.0,6.225806451612904,77942.0,42.5,58.583333333333336,0.5062301848105455,-13.500000000000007,0.0
77940,rideHailVehicle-5223915@GlobalRHM,446,Bay,150.0,150.0,163.00000000000003,77942.0,45.0,58.583333333333336,0.5360084309758717,-13.500000000000007,0.0
78000,rideHailVehicle-5223915@GlobalRHM,446,Bay,150.0,150.0,inf,77942.0,47.5,58.583333333333336,0.5657866771411979,-11.083333333333336,58.0
78000,rideHailVehicle-5223915@GlobalRHM,446,Bay,150.0,150.0,inf,77942.0,50.0,58.583333333333336,0.5955649233065241,-8.583333333333336,118.0
78060,rideHailVehicle-5223915@GlobalRHM,446,Bay,150.0,150.0,inf,77942.0,50.0,58.583333333333336,0.5955649233065241,-8.583333333333336,118.0
78060,rideHailVehicle-5223915@GlobalRHM,446,Bay,150.0,150.0,inf,77942.0,52.5,58.583333333333336,0.6253431694718503,-6.083333333333336,178.0
78120,rideHailVehicle-5223915@GlobalRHM,446,Bay,150.0,150.0,inf,77942.0,52.5,58.583333333333336,0.6253431694718503,-6.083333333333336,178.0
78120,rideHailVehicle-5223915@GlobalRHM,446,Bay,150.0,150.0,inf,77942.0,55.0,58.583333333333336,0.6551214156371765,-3.5833333333333357,238.0
78180,rideHailVehicle-5223915@GlobalRHM,446,Bay,150.0,150.0,inf,77942.0,55.0,58.583333333333336,0.6551214156371765,-3.5833333333333357,238.0
78180,rideHailVehicle-5223915@GlobalRHM,446,Bay,150.0,65.00000000000014,inf,77942.0,57.5,58.583333333333336,0.6848996618025027,-1.0833333333333357,298.0
78240,rideHailVehicle-5223915@GlobalRHM,446,Bay,65.00000000000014,65.00000000000014,inf,77942.0,57.5,58.583333333333336,0.6848996618025027,-1.0833333333333357,298.0
78240,rideHailVehicle-5223915@GlobalRHM,446,Bay,65.00000000000014,0.0,inf,77942.0,58.583333333333336,58.583333333333336,0.697803568474144,0.0,358.0
78300,rideHailVehicle-5223915@GlobalRHM,446,Bay,0.0,0.0,inf,77942.0,58.583333333333336,58.583333333333336,0.697803568474144,0.0,358.0
78300,rideHailVehicle-5007475@GlobalRHM,446,Bay,150.0,150.0,1.4082098061573547,79177.0,0.0,51.458333333333336,0.0,-14.916666666666668,0.0
78360,rideHailVehicle-5007475@GlobalRHM,446,Bay,150.0,150.0,1.4381884944920442,79177.0,2.5,51.458333333333336,0.029778246165326202,-14.916666666666668,0.0
78420,rideHailVehicle-5007475@GlobalRHM,446,Bay,150.0,150.0,1.4729194187582564,79177.0,5.0,51.458333333333336,0.059556492330652404,-14.916666666666668,0.0
78480,rideHailVehicle-5007475@GlobalRHM,446,Bay,150.0,150.0,1.5136298421807748,79177.0,7.5,51.458333333333336,0.08933473849597862,-14.916666666666668,0.0
78540,rideHailVehicle-5007475@GlobalRHM,446,Bay,150.0,150.0,1.5620094191522764,79177.0,10.0,51.458333333333336,0.11911298466130481,-14.916666666666668,0.0
78600,rideHailVehicle-5007475@GlobalRHM,446,Bay,150.0,150.0,1.6204506065857887,79177.0,12.5,51.458333333333336,0.14889123082663103,-14.916666666666671,0.0
78660,rideHailVehicle-5007475@GlobalRHM,446,Bay,150.0,150.0,1.6924564796905222,79177.0,15.0,51.458333333333336,0.17866947699195723,-14.916666666666671,0.0
78720,rideHailVehicle-5007475@GlobalRHM,446,Bay,150.0,150.0,1.7833698030634573,79177.0,17.5,51.458333333333336,0.20844772315728344,-14.916666666666671,0.0
78780,rideHailVehicle-5007475@GlobalRHM,446,Bay,150.0,150.0,1.9017632241813602,79177.0,20.0,51.458333333333336,0.23822596932260962,-14.916666666666671,0.0
78840,rideHailVehicle-5007475@GlobalRHM,446,Bay,150.0,150.0,2.0623145400593472,79177.0,22.5,51.458333333333336,0.26800421548793585,-14.916666666666671,0.0
78900,rideHailVehicle-5007475@GlobalRHM,446,Bay,150.0,150.0,2.292418772563177,79177.0,25.0,51.458333333333336,0.29778246165326205,-14.916666666666671,0.0
78960,rideHailVehicle-5007475@GlobalRHM,446,Bay,150.0,150.0,2.649769585253457,79177.0,27.5,51.458333333333336,0.32756070781858826,-14.916666666666671,0.0
79020,rideHailVehicle-5007475@GlobalRHM,446,Bay,150.0,150.0,3.280254777070064,79177.0,30.0,51.458333333333336,0.35733895398391446,-14.916666666666671,0.0
79080,rideHailVehicle-5007475@GlobalRHM,446,Bay,150.0,150.0,4.690721649484536,79177.0,32.5,51.458333333333336,0.38711720014924067,-14.916666666666671,0.0
79140,rideHailVehicle-5007475@GlobalRHM,446,Bay,150.0,150.0,10.675675675675677,79177.0,35.0,51.458333333333336,0.4168954463145669,-14.916666666666671,0.0
79200,rideHailVehicle-5007475@GlobalRHM,446,Bay,150.0,150.0,inf,79177.0,37.5,51.458333333333336,0.4466736924798931,-13.958333333333336,23.0
79260,rideHailVehicle-5007475@GlobalRHM,446,Bay,150.0,150.0,inf,79177.0,40.0,51.458333333333336,0.47645193864521923,-11.458333333333336,83.0
79320,rideHailVehicle-5007475@GlobalRHM,446,Bay,150.0,150.0,inf,79177.0,42.5,51.458333333333336,0.5062301848105455,-8.958333333333336,143.0
79380,rideHailVehicle-5007475@GlobalRHM,446,Bay,150.0,150.0,inf,79177.0,45.0,51.458333333333336,0.5360084309758717,-6.458333333333336,203.0
79440,rideHailVehicle-5007475@GlobalRHM,446,Bay,150.0,150.0,inf,79177.0,47.5,51.458333333333336,0.5657866771411979,-3.9583333333333357,263.0
79500,rideHailVehicle-5007475@GlobalRHM,446,Bay,87.50000000000014,87.50000000000014,inf,79177.0,50.0,51.458333333333336,0.5955649233065241,-1.4583333333333357,323.0
79560,rideHailVehicle-5007475@GlobalRHM,446,Bay,0.0,0.0,inf,79177.0,51.458333333333336,51.458333333333336,0.6129355669029644,0.0,383.0
