,time,time_x,P_Grid,P_BTMS,E_BTMS,P_Charge,P_BTMS_Ch,P_BTMS_DCh,"param: btms size, a,b_sys,b_cap,c"
0,60.0,60,5.125329581097975,5.125329581097975,-3.621877367471071e-15,0.0,5.125329602966291,2.186831553719869e-08,60.601698835925845
1,120.0,120,5.125326252948863,5.125326252948863,0.07260883567755584,0.0,5.125326274817193,2.186832989760424e-08,0.06575342465753424
2,180.0,180,5.125319596673909,5.125319596673909,0.14521762420633566,0.0,5.125319618542267,2.186835861848548e-08,0.03397260273972603
3,240.0,240,5.12530961231131,5.12530961231131,0.21782631843788708,0.0,5.125309634179711,2.186840169997645e-08,0.023148148148148147
4,300.0,300,5.125296299920533,5.125296299920533,0.29043487122430156,0.0,5.125296321788992,2.1868459142282624e-08,0.12
5,360.0,360,5.125279659580299,5.125279659580299,0.3630432354185132,0.0,5.12527968144883,2.1868530945678114e-08,0.0
6,420.0,420,5.125259691392871,5.125259691392871,0.4356513638745713,0.0,5.125259713261488,2.1868617110500265e-08,0.0
7,480.0,480,5.125236395475739,5.125236395475739,0.5082592094479741,0.0,5.125236417344457,2.1868717637161107e-08,0.0
8,540.0,540,5.125209771971251,5.125209771971251,0.5808667249958839,0.0,5.125209793840083,2.186883252613699e-08,0.0
9,600.0,600,5.125179821036522,5.125179821036522,0.6534738633774797,0.0,5.125179842905483,2.18689617779729e-08,0.0
10,660.0,660,5.1251465428528675,5.1251465428528675,0.7260805774541667,0.0,5.125146564721973,2.186910539327943e-08,0.0
11,720.0,720,5.125109937618406,5.125109937618406,0.7986868200899181,0.0,5.125109959487669,2.1869263372740998e-08,0.0
12,780.0,780,5.125070005553899,5.125070005553899,0.8712925441515142,0.0,5.125070027423335,2.186943571710827e-08,0.0
13,840.0,840,5.125026746899665,5.125026746899665,0.9438977025088628,0.0,5.1250267687692865,2.1869622427196678e-08,0.0
14,900.0,900,5.124980161912763,5.124980161912763,1.016502248035276,0.0,5.124980183782586,2.1869823503892436e-08,0.0
15,960.0,960,5.124930250874908,5.124930250874908,1.0891061336077075,0.0,5.124930272744948,2.187003894815083e-08,0.0
16,1020.0,1020,5.124877014083309,5.124877014083309,1.1617093121071023,0.0,5.124877035953578,2.1870268760995138e-08,0.0
17,1080.0,1080,5.124820451859687,5.124820451859687,1.2343117364186154,0.0,5.1248204737302006,2.187051294350777e-08,0.0
18,1140.0,1140,5.124760564540253,5.124760564540253,1.30691335943196,0.0,5.124760586411024,2.1870771496858334e-08,0.0
19,1200.0,1200,5.124697352487076,5.124697352487076,1.3795141340416117,0.0,5.124697374358122,2.1871044422265656e-08,0.0
20,1260.0,1260,5.1246308160772704,5.1246308160772704,1.4521140131471761,0.0,5.124630837948602,2.1871331721024525e-08,0.0
21,1320.0,1320,5.1245609557108205,5.1245609557108205,1.5247129496536012,0.0,5.124560977582454,2.187163339450118e-08,0.0
22,1380.0,1380,5.124487771808162,5.124487771808162,1.5973108964715004,0.0,5.124487793680111,2.1871949444123365e-08,0.0
23,1440.0,1440,5.124411264805353,5.124411264805353,1.6699078065174444,0.0,5.124411286677633,2.187227987138898e-08,0.0
24,1500.0,1500,5.124331435163719,5.124331435163719,1.7425036327141816,0.0,5.124331457036344,2.187262467786801e-08,0.0
25,1560.0,1560,5.124248283359444,5.124248283359444,1.8150983279909947,0.0,5.124248305232428,2.1872983865196045e-08,0.0
26,1620.0,1620,5.124161809893924,5.124161809893924,1.8876918452839129,0.0,5.124161831767281,2.18733574350715e-08,0.0
27,1680.0,1680,5.124072015285353,5.124072015285353,1.960284137536069,0.0,5.124072037159099,2.187374538926875e-08,0.0
28,1740.0,1740,5.123978900070375,5.123978900070375,2.0328751576979354,0.0,5.123978921944522,2.1874147729623687e-08,0.0
29,1800.0,1800,5.123882464809513,5.123882464809513,2.105464858727589,0.0,5.123882486684077,2.18745644580471e-08,0.0
30,1860.0,1860,5.123782710079766,5.123782710079766,2.1780531935910457,0.0,5.123782731954761,2.1874995576509564e-08,0.0
31,1920.0,1920,5.123679636479691,5.123679636479691,2.2506401152624966,0.0,5.123679658355132,2.1875441087054818e-08,0.0
32,1980.0,1980,5.123573244629435,5.123573244629435,2.323225576724612,0.0,5.123573266505336,2.1875900991799776e-08,0.0
33,2040.0,2040,5.123463535164655,5.123463535164655,2.395809530968848,0.0,5.12346355704103,2.1876375292914654e-08,0.0
34,2100.0,2100,5.123350508743778,5.123350508743778,2.4683919309956655,0.0,5.123350530620643,2.1876863992651696e-08,0.0
35,2160.0,2160,5.12323416604484,5.12323416604484,2.5409727298148512,0.0,5.123234187922207,2.1877367093324217e-08,0.0
36,2220.0,2220,5.123114507767282,5.123114507767282,2.6135518804458022,0.0,5.123114529645166,2.18778845973159e-08,0.0
37,2280.0,2280,5.122991534626506,5.122991534626506,2.686129335917819,0.0,5.122991556504923,2.187841650707453e-08,0.0
38,2340.0,2340,5.122865247359727,5.122865247359727,2.7587050492703407,0.0,5.12286526923869,2.1878962825120848e-08,0.0
39,2400.0,2400,5.122735646728362,5.122735646728362,2.831278973553248,0.0,5.122735668607885,2.187952355403904e-08,0.0
40,2460.0,2460,5.122602733504949,5.122602733504949,2.9038510618272095,0.0,5.1226027553850475,2.1880098696488636e-08,0.0
41,2520.0,2520,5.12246650848898,5.12246650848898,2.9764212671638384,0.0,5.1224665303696675,2.1880688255184828e-08,0.0
42,2580.0,2580,5.12232697249805,5.12232697249805,3.0489895426460722,0.0,5.122326994379343,2.1881292232923767e-08,0.0
43,2640.0,2640,5.122184126367065,5.122184126367065,3.121555841368433,0.0,5.1221841482489765,2.1881910632557708e-08,0.0
44,2700.0,2700,5.122037970954733,5.122037970954733,3.1941201164372703,0.0,5.122037992837277,2.1882543457015755e-08,0.0
45,2760.0,2760,5.121888507135991,5.121888507135991,3.266682320971098,0.0,5.121888529019182,2.188319070928959e-08,0.0
46,2820.0,2820,5.121735735809711,5.121735735809711,3.3392424081008247,0.0,5.121735757693564,2.188385239244213e-08,0.0
47,2880.0,2880,5.121579657888415,5.121579657888415,3.411800330970095,0.0,5.121579679772944,2.1884528509600176e-08,0.0
48,2940.0,2940,5.1214202743115536,5.1214202743115536,3.484356042735478,0.0,5.1214202961967725,2.1885219063960898e-08,0.0
49,3000.0,3000,5.1212575860323115,5.1212575860323115,3.5569094965668535,0.0,5.121257607918236,2.1885924058790522e-08,0.0
50,3060.0,3060,5.121091594029656,5.121091594029656,3.6294606456476055,0.0,5.121091615916299,2.1886643497418518e-08,0.0
51,3120.0,3120,5.12092229929537,5.12092229929537,3.702009443174984,0.0,5.120922321182747,2.1887377383246665e-08,0.0
52,3180.0,3180,5.120749702847064,5.120749702847064,3.774555842360292,0.0,5.12074972473519,2.1888125719741707e-08,0.0
53,3240.0,3240,5.120573805720423,5.120573805720423,3.847099796429247,0.0,5.120573827609311,2.1888888510439017e-08,0.0
54,3300.0,3300,5.120394608969352,5.120394608969352,3.9196412586222396,0.0,5.1203946308590185,2.1889665758941533e-08,0.0
55,3360.0,3360,154.9226120479288,4.922612047928786,3.99218018219459,150.0,4.922612070992239,2.3063452651378175e-08,0.0
56,3420.0,3420,154.92245987055978,4.922459870559759,4.061917186149264,150.0,4.922459893624064,2.306430473572094e-08,0.0
57,3480.0,3480,154.92231099272473,4.922310992724696,4.131652034257875,150.0,4.922311015789841,2.306514442459692e-08,0.0
58,3540.0,3540,154.92216541444475,4.922165414444734,4.20138477326382,150.0,4.9221654375107065,2.3065971715199816e-08,0.0
59,3600.0,3600,154.92202313568757,4.92202313568756,4.2711154499107975,150.0,4.922023158754347,2.3066786605003075e-08,0.0
60,3660.0,3660,154.9218841563721,4.921884156372072,4.340844110942046,150.0,4.921884179439662,2.3067589091762007e-08,0.0
61,3720.0,3720,300.0000002933732,-149.99999970662688,4.410570803099657,450.0,3.479566330382129e-08,149.99999974142253,0.0
62,3780.0,3780,300.00000029337247,-149.99999970662753,1.910570807902228,450.0,3.47956712913662e-08,149.99999974142318,0.0
63,3840.0,3840,300.00000029337184,-149.99999970662816,-0.5894291872952113,450.0,3.479567887638742e-08,149.99999974142386,0.0
64,3900.0,3900,300.0000002933712,-149.99999970662878,-3.0894291824926614,450.0,3.4795686058836174e-08,149.99999974142446,0.0
65,3960.0,3960,300.0000002933707,-149.99999970662932,-5.589429177690121,450.0,3.479569283862613e-08,149.99999974142503,0.0
66,4020.0,4020,300.0000002933702,-149.99999970662984,-8.089429172887591,450.0,3.4795699215697274e-08,149.99999974142554,0.0
67,4080.0,4080,300.0000002933697,-149.9999997066303,-10.589429168085069,450.0,3.479570518997581e-08,149.999999741426,0.0
68,4140.0,4140,300.0000002933693,-149.99999970663066,-13.089429163282555,450.0,3.479571076138877e-08,149.99999974142636,0.0
69,4200.0,4200,300.00000029336894,-149.99999970663103,-15.589429158480048,450.0,3.4795715929848954e-08,149.99999974142673,0.0
70,4260.0,4260,299.9999991238183,-315.0000008761817,-18.089429153677546,615.0,1.1280789788942356e-06,315.0000020042607,0.0
71,4320.0,4320,300.0000002933684,-149.99999970663163,-23.339429171100765,450.0,3.479572629233629e-08,149.99999974142733,0.0
72,4380.0,4380,300.00000029336815,-149.99999970663183,-25.839429166298274,450.0,3.4795731486195515e-08,149.99999974142753,0.0
73,4440.0,4440,300.000000293368,-149.99999970663202,-28.339429161495783,450.0,3.479573627675836e-08,149.99999974142776,0.0
74,4500.0,4500,300.00000029336786,-149.99999970663214,-30.839429156693296,450.0,3.4795740663926406e-08,149.99999974142787,0.0
75,4560.0,4560,300.00000029233865,-104.9999997076614,-33.33942915189082,405.0,3.543343555953943e-08,104.99999974309483,0.0
76,4620.0,4620,300.00000016870416,1.6870421598572007e-07,-35.089429147107076,300.0,2.85312052884506e-07,1.1660783691496145e-07,0.0
77,4680.0,4680,300.00000016870433,1.6870425754689352e-07,-35.089429145008616,300.0,2.8531146308548354e-07,1.166072055546585e-07,0.0
78,4740.0,4740,300.0000001687047,1.6870461010509828e-07,-35.08942914291015,300.0,2.85310990608959e-07,1.1660638051986702e-07,0.0
79,4800.0,4800,300.0000001687053,1.6870522117656869e-07,-35.089429140811674,300.0,2.8531059316238716e-07,1.1660537200174709e-07,0.0
80,4860.0,4860,20.098088466103274,5.098088466103271,-35.089429138713186,15.0,5.098088488076769,2.1973498205993093e-08,0.0
81,4920.0,4920,5.1168897419333685,5.1168897419333685,-35.017206218831646,0.0,5.116889763832311,2.1898941574662433e-08,0.0
82,4980.0,4980,5.116853473108124,5.116853473108124,-34.944716947542325,0.0,5.116853495006713,2.1898588298866878e-08,0.0
83,5040.0,5040,5.116813894481615,5.116813894481615,-34.872228190061364,0.0,5.116813916379864,2.189824944709921e-08,0.0
84,5100.0,5100,5.116771004887068,5.116771004887068,-34.79973999327761,0.0,5.116771026784993,2.1897925018486158e-08,0.0
85,5160.0,5160,5.11672480317609,5.11672480317609,-34.727252404096454,0.0,5.116724825073705,2.189761501222072e-08,0.0
86,5220.0,5220,5.116675288219555,5.116675288219555,-34.654765469439525,0.0,5.116675310116874,2.1897319427565592e-08,0.0
87,5280.0,5280,5.116622458910184,5.116622458910184,-34.582279236244474,0.0,5.116622480807222,2.189703826385019e-08,0.0
88,5340.0,5340,5.116566314156937,5.116566314156937,-34.509793751464656,0.0,5.116566336053709,2.1896771520474698e-08,0.0
89,5400.0,5400,5.116506852894119,5.116506852894119,-34.437309062068834,0.0,5.116506874790639,2.1896519196904065e-08,0.0
90,5460.0,5460,5.116444074072968,5.116444074072968,-34.3648252150409,0.0,5.116444095969248,2.1896281292667552e-08,0.0
91,5520.0,5520,5.1163779766645225,5.1163779766645225,-34.292342257379595,0.0,5.11637799856058,2.1896057807368672e-08,0.0
92,5580.0,5580,5.116308559660602,5.116308559660602,-34.21986023609825,0.0,5.116308581556451,2.189584874067547e-08,0.0
93,5640.0,5640,5.116235822070468,5.116235822070468,-34.147379198224456,0.0,5.116235843966122,2.1895654092327222e-08,0.0
94,5700.0,5700,5.116159762928475,5.116159762928475,-34.07489919079985,0.0,5.1161597848239495,2.1895473862125566e-08,0.0
95,5760.0,5760,5.116080381284433,5.116080381284433,-34.00242026087977,0.0,5.116080403179741,2.189530804994727e-08,0.0
96,5820.0,5820,5.115997676208863,5.115997676208863,-33.92994245553296,0.0,5.11599769810402,2.189515665572693e-08,0.0
97,5880.0,5880,5.115911646794652,5.115911646794652,-33.8574658218414,0.0,5.115911668689672,2.1895019679476203e-08,0.0
98,5940.0,5940,5.1158222921494225,5.1158222921494225,-33.78499040689987,0.0,5.11582231404432,2.189489712127538e-08,0.0
99,6000.0,6000,5.115729611407636,5.115729611407636,-33.712516257815814,0.0,5.115729633302425,2.189478898126432e-08,0.0
100,6060.0,6060,5.1156336037175265,5.1156336037175265,-33.64004342170894,0.0,5.1156336256122215,2.1894695259657782e-08,0.0
101,6120.0,6120,5.115534268250714,5.115534268250714,-33.567571945711,0.0,5.11553429014533,2.189461595673829e-08,0.0
102,6180.0,6180,5.115431604196375,5.115431604196375,-33.495101876965514,0.0,5.115431626090926,2.1894551072852478e-08,0.0
103,6240.0,6240,5.115325610765032,5.115325610765032,-33.42263326262746,0.0,5.115325632659532,2.189450060842144e-08,0.0
104,6300.0,6300,5.115216287185757,5.115216287185757,-33.350166149863014,0.0,5.115216309080222,2.1894464563927785e-08,0.0
105,6360.0,6360,5.115103632710112,5.115103632710112,-33.277700585849274,0.0,5.115103654604555,2.1894442939928363e-08,0.0
106,6420.0,6420,5.114987646605016,5.114987646605016,-33.20523661777394,0.0,5.1149876684994515,2.1894435737043916e-08,0.0
107,6480.0,6480,5.114868328161356,5.114868328161356,-33.1327742928351,0.0,5.114868350055799,2.1894442955966416e-08,0.0
108,6540.0,6540,5.114745676687533,5.114745676687533,-33.06031365824087,0.0,5.114745698581997,2.18944645974556e-08,0.0
109,6600.0,6600,5.114619691511779,5.114619691511779,-32.98785476120919,0.0,5.114619713406279,2.189450066233703e-08,0.0
110,6660.0,6660,5.114490371983963,5.114490371983963,-32.915397648967506,0.0,5.114490393878514,2.1894551151509238e-08,0.0
111,6720.0,6720,5.114357717469428,5.114357717469428,-32.84294236875246,0.0,5.114357739364045,2.1894616065936352e-08,0.0
112,6780.0,6780,5.1142217273586725,5.1142217273586725,-32.770488967809705,0.0,5.1142217492533675,2.189469540665028e-08,0.0
113,6840.0,6840,5.114082401059146,5.114082401059146,-32.698037493393514,0.0,5.114082422953935,2.1894789174751355e-08,0.0
114,6900.0,6900,5.113939737995605,5.113939737995605,-32.625587992766576,0.0,5.113939759890503,2.1894897371413712e-08,0.0
115,6960.0,6960,5.113793737615958,5.113793737615958,-32.5531405131997,0.0,5.113793759510978,2.189501999787452e-08,0.0
116,7020.0,7020,5.113644399387048,5.113644399387048,-32.480695101971534,0.0,5.1136444212822045,2.1895157055439152e-08,0.0
117,7080.0,7080,5.113491722795522,5.113491722795522,-32.408251806368284,0.0,5.113491744690831,2.189530854548463e-08,0.0
118,7140.0,7140,5.113335707344837,5.113335707344837,-32.33581067368341,0.0,5.113335729240312,2.1895474469457487e-08,0.0
119,7200.0,7200,5.113176352562286,5.113176352562286,-32.26337175121742,0.0,5.113176374457941,2.189565482886813e-08,0.0
120,7260.0,7260,5.113013657991553,5.113013657991553,-32.19093508627752,0.0,5.113013679887403,2.1895849625297554e-08,0.0
121,7320.0,7320,5.112847623197904,5.112847623197904,-32.118500726177366,0.0,5.1128476450939635,2.1896058860402074e-08,0.0
122,7380.0,7380,5.11267824776532,5.11267824776532,-32.046068718236796,0.0,5.112678269661602,2.1896282535896074e-08,0.0
123,7440.0,7440,5.112505531295954,5.112505531295954,-31.973639109781516,0.0,5.112505553192475,2.1896520653572273e-08,0.0
124,7500.0,7500,5.112329473415121,5.112329473415121,-31.90121194814289,0.0,5.1123294953118945,2.1896773215281677e-08,0.0
125,7560.0,7560,5.112150073762449,5.112150073762449,-31.82878728065758,0.0,5.112150095659489,2.1897040222954064e-08,0.0
126,7620.0,7620,5.111967332003273,5.111967332003273,-31.756365154667346,0.0,5.111967353900594,2.1897321678582887e-08,0.0
127,7680.0,7680,5.111781247815347,5.111781247815347,-31.683945617518702,0.0,5.1117812697129645,2.189761758423347e-08,0.0
128,7740.0,7740,5.111591820902346,5.111591820902346,-31.611528716562717,0.0,5.111591842800274,2.189792794203546e-08,0.0
129,7800.0,7800,5.1113990509842715,5.1113990509842715,-31.53911449915467,0.0,5.1113990728825245,2.189825275419318e-08,0.0
130,7860.0,7860,5.111202937800541,5.111202937800541,-31.4667030126538,0.0,5.111202959699132,2.1898592022972895e-08,0.0
131,7920.0,7920,5.111003481111113,5.111003481111113,-31.394294304423024,0.0,5.111003503010059,2.1898945750717713e-08,0.0
132,7980.0,7980,5.11080068069424,5.11080068069424,-31.32188842182869,0.0,5.1108007025935525,2.1899313939832895e-08,0.0
133,8040.0,8040,5.110594536346858,5.110594536346858,-31.24948541224026,0.0,5.1105945582465555,2.1899696592797312e-08,0.0
134,8100.0,8100,5.110385047887885,5.110385047887885,-31.177085323030088,0.0,5.110385069787979,2.19000937121576e-08,0.0
135,8160.0,8160,5.110172215153859,5.110172215153859,-31.104688201573087,0.0,5.110172237054364,2.1900505300525576e-08,0.0
136,8220.0,8220,5.109956038000775,5.109956038000775,-31.03229409524648,0.0,5.109956059901707,2.1900931360588603e-08,0.0
137,8280.0,8280,5.109736516303658,5.109736516303658,-30.959903051429546,0.0,5.10973653820503,2.1901371895099656e-08,0.0
138,8340.0,8340,5.109513649958038,5.109513649958038,-30.887515117503327,0.0,5.109513671859865,2.1901826906878406e-08,0.0
139,8400.0,8400,5.1092874388768355,5.1092874388768355,-30.815130340850335,0.0,5.109287460779131,2.1902296398822007e-08,0.0
140,8460.0,8460,5.109057882993355,5.109057882993355,-30.742748768854327,0.0,5.109057904896136,2.1902780373884588e-08,0.0
141,8520.0,8520,5.1088249822615515,5.1088249822615515,-30.670370448899998,0.0,5.108825004164831,2.1903278835096695e-08,0.0
142,8580.0,8580,5.108588736652595,5.108588736652595,-30.59799542837271,0.0,5.108588758556387,2.1903791785562898e-08,0.0
143,8640.0,8640,5.108349146156741,5.108349146156741,-30.525623754658216,0.0,5.108349168061061,2.190431922844431e-08,0.0
144,8700.0,8700,5.108106210784347,5.108106210784347,-30.453255475142413,0.0,5.108106232689208,2.190486116697954e-08,0.0
145,8760.0,8760,5.107859930565231,5.107859930565231,-30.380890637211056,0.0,5.1078599524706485,2.1905417604478638e-08,0.0
146,8820.0,8820,5.107610305548372,5.107610305548372,-30.30852928824947,0.0,5.107610327454361,2.1905988544312726e-08,0.0
147,8880.0,8880,5.107357335800066,5.107357335800066,-30.236171475642294,0.0,5.10735735770664,2.1906573989930418e-08,0.0
148,8940.0,8940,5.107101021406965,5.107101021406965,-30.163817246773217,0.0,5.107101043314139,2.1907173944841193e-08,0.0
149,9000.0,9000,5.10684136247721,5.10684136247721,-30.09146664902471,0.0,5.106841384384997,2.190778841263244e-08,0.0
150,9060.0,9060,5.106578359134519,5.106578359134519,-30.019119729777714,0.0,5.1065783810429375,2.190841739695393e-08,0.0
151,9120.0,9120,5.106312011521816,5.106312011521816,-29.9467765364114,0.0,5.106312033430878,2.190906090152818e-08,0.0
152,9180.0,9180,5.1060423198051375,5.1060423198051375,-29.87443711630294,0.0,5.106042341714857,2.1909718930148044e-08,0.0
153,9240.0,9240,5.105769284163495,5.105769284163495,-29.802101516827133,0.0,5.105769306073886,2.191039148667007e-08,0.0
154,9300.0,9300,5.105492904798809,5.105492904798809,-29.72976978535625,0.0,5.105492926709888,2.1911078575028283e-08,0.0
155,9360.0,9360,5.105213181932331,5.105213181932331,-29.6574419692597,0.0,5.105213203844111,2.1911780199215198e-08,0.0
156,9420.0,9420,5.10493011580245,5.10493011580245,-29.58511811590376,0.0,5.104930137714946,2.191249636330751e-08,0.0
157,9480.0,9480,5.104643706668252,5.104643706668252,-29.512798272651334,0.0,5.10464372858148,2.1913227071435647e-08,0.0
158,9540.0,9540,5.104353954805396,5.104353954805396,-29.44048248686164,0.0,5.104353976719369,2.1913972327812502e-08,0.0
159,9600.0,9600,5.104060860510228,5.104060860510228,-29.368170805890006,0.0,5.104060882424959,2.191473213671009e-08,0.0
160,9660.0,9660,5.103764424097529,5.103764424097529,-29.29586327708756,0.0,5.103764446013035,2.1915506502478136e-08,0.0
161,9720.0,9720,5.10346464590194,5.10346464590194,-29.223559947800954,0.0,5.103464667818235,2.1916295429524426e-08,0.0
162,9780.0,9780,5.103161526274669,5.103161526274669,-29.151260865372127,0.0,5.1031615481917685,2.1917098922340266e-08,0.0
163,9840.0,9840,5.1028550655887095,5.1028550655887095,-29.078966077138016,0.0,5.102855087506628,2.191791698547827e-08,0.0
164,9900.0,9900,5.102545264232554,5.102545264232554,-29.006675630430294,0.0,5.102545286151304,2.191874962356162e-08,0.0
165,9960.0,9960,5.102232122616434,5.102232122616434,-28.934389572575117,0.0,5.102232144536031,2.1919596841283867e-08,0.0
166,10020.0,10020,5.101915641167975,5.101915641167975,-28.862107950892845,0.0,5.101915663088433,2.1920458643402012e-08,0.0
167,10080.0,10080,5.1015958203338805,5.1015958203338805,-28.78983081269776,0.0,5.1015958422552155,2.1921335034753784e-08,0.0
168,10140.0,10140,5.101272660579394,5.101272660579394,-28.71755820529782,0.0,5.10127268250162,2.1922226020236694e-08,0.0
169,10200.0,10200,5.10094616238793,5.10094616238793,-28.64529017599441,0.0,5.100946184311062,2.192313160482531e-08,0.0
170,10260.0,10260,5.100616326261686,5.100616326261686,-28.573026772082045,0.0,5.100616348185737,2.1924051793556354e-08,0.0
171,10320.0,10320,5.100283152723852,5.100283152723852,-28.50076804084814,0.0,5.100283174648839,2.192498659153886e-08,0.0
172,10380.0,10380,5.099946642314189,5.099946642314189,-28.42851402957269,0.0,5.099946664240125,2.1925936003954165e-08,0.0
173,10440.0,10440,5.099606795590091,5.099606795590091,-28.356264785528044,0.0,5.0996068175169915,2.192690003604792e-08,0.0
174,10500.0,10500,5.099263613129543,5.099263613129543,-28.28402035597866,0.0,5.099263635057423,2.1927878693140028e-08,0.0
175,10560.0,10560,5.098917095529221,5.098917095529221,-28.211780788180803,0.0,5.098917117458093,2.1928871980617732e-08,0.0
176,10620.0,10620,5.0985672434017975,5.0985672434017975,-28.13954612938229,0.0,5.098567265331678,2.1929879903937123e-08,0.0
177,10680.0,10680,5.0982140573815675,5.0982140573815675,-28.067316426822245,0.0,5.09821407931247,2.1930902468625307e-08,0.0
178,10740.0,10740,5.097857538119542,5.097857538119542,-27.995091727730824,0.0,5.097857560051482,2.1931939680278452e-08,0.0
179,10800.0,10800,5.097497686285482,5.097497686285482,-27.92287207932895,0.0,5.097497708218474,2.1932991544559426e-08,0.0
180,10860.0,10860,5.097134502568489,5.097134502568489,-27.850657528828062,0.0,5.097134524502547,2.1934058067205336e-08,0.0
181,10920.0,10920,5.096767987676158,5.096767987676158,-27.778448123429833,0.0,5.096768009611296,2.1935139254020203e-08,0.0
182,10980.0,10980,5.096398142331937,5.096398142331937,-27.706243910325917,0.0,5.096398164268172,2.1936235110878407e-08,0.0
183,11040.0,11040,5.096024967280925,5.096024967280925,-27.634044936697713,0.0,5.096024989218271,2.1937345643721026e-08,0.0
184,11100.0,11100,5.095648463283706,5.095648463283706,-27.561851249716067,0.0,5.095648485222178,2.193847085856403e-08,0.0
185,11160.0,11160,5.0952686311236315,5.0952686311236315,-27.489662896541056,0.0,5.0952686530632425,2.1939610761488348e-08,0.0
186,11220.0,11220,5.0948854715967595,5.0948854715967595,-27.417479924321643,0.0,5.094885493537525,2.1940765358645286e-08,0.0
187,11280.0,11280,5.0944989855218195,5.0944989855218195,-27.34530238019553,0.0,5.094499007463755,2.1941934656255857e-08,0.0
188,11340.0,11340,5.094109173733631,5.094109173733631,-27.273130311288817,0.0,5.09410919567675,2.1943118660611644e-08,0.0
189,11400.0,11400,5.093716037086339,5.093716037086339,-27.200963764715773,0.0,5.0937160590306565,2.194431737807504e-08,0.0
190,11460.0,11460,5.0933195764511545,5.0933195764511545,-27.128802787578568,0.0,5.093319598396684,2.1945530815073394e-08,0.0
191,11520.0,11520,5.092919792719084,5.092919792719084,-27.056647426967032,0.0,5.0929198146658425,2.194675897810809e-08,0.0
192,11580.0,11580,5.092516686797585,5.092516686797585,-26.984497729958367,0.0,5.0925167087455865,2.194800187374806e-08,0.0
193,11640.0,11640,5.092110259614717,5.092110259614717,-26.91235374361693,0.0,5.0921102815639765,2.1949259508628515e-08,0.0
194,11700.0,11700,5.091700512113445,5.091700512113445,-26.840215514993922,0.0,5.091700534063977,2.1950531889461266e-08,0.0
195,11760.0,11760,5.091287445258015,5.091287445258015,-26.76808309112718,0.0,5.091287467209834,2.1951819023024187e-08,0.0
196,11820.0,11820,5.090871060028634,5.090871060028634,-26.695956519040898,0.0,5.090871081981755,2.1953120916160325e-08,0.0
197,11880.0,11880,5.090451357423621,5.090451357423621,-26.62383584574537,0.0,5.0904513793780595,2.1954437575790865e-08,0.0
198,11940.0,11940,5.090028338461015,5.090028338461015,-26.551721118236742,0.0,5.090028360416785,2.1955769008895693e-08,0.0
199,12000.0,12000,5.089602004176176,5.089602004176176,-26.479612383496754,0.0,5.089602026133291,2.195711522253542e-08,0.0
200,12060.0,12060,5.089172355620816,5.089172355620816,-26.40750968849248,0.0,5.089172377579292,2.1958476223836056e-08,0.0
201,12120.0,12120,5.0887393938675425,5.0887393938675425,-26.335413080176068,0.0,5.088739415827394,2.1959852019987713e-08,0.0
202,12180.0,12180,5.088303120004159,5.088303120004159,-26.2633226054845,0.0,5.088303141965402,2.196124261825734e-08,0.0
203,12240.0,12240,5.087863535139272,5.087863535139272,-26.191238311339333,0.0,5.087863557101921,2.1962648025978365e-08,0.0
204,12300.0,12300,5.087420640394173,5.087420640394173,-26.119160244646427,0.0,5.087420662358242,2.1964068250550257e-08,0.0
205,12360.0,12360,5.086974436915344,5.086974436915344,-26.047088452295743,0.0,5.086974458880847,2.1965503299449976e-08,0.0
206,12420.0,12420,5.086524925861154,5.086524925861154,-25.97502298116101,0.0,5.0865249478281065,2.1966953180215778e-08,0.0
207,12480.0,12480,5.086072108410718,5.086072108410718,-25.902963878099552,0.0,5.0860721303791365,2.1968417900463613e-08,0.0
208,12540.0,12540,5.08561598575981,5.08561598575981,-25.83091118995198,0.0,5.0856160077297075,2.1969897467866633e-08,0.0
209,12600.0,12600,5.085156559123034,5.085156559123034,-25.758864963541967,0.0,5.085156581094426,2.1971391890181736e-08,0.0
210,12660.0,12660,5.084693829731184,5.084693829731184,-25.686825245675976,0.0,5.084693851704086,2.197290117522776e-08,0.0
211,12720.0,12720,5.084227798833965,5.084227798833965,-25.614792083143037,0.0,5.0842278208083895,2.1974425330889588e-08,0.0
212,12780.0,12780,5.083758467699057,5.083758467699057,-25.542765522714483,0.0,5.083758489675021,2.197596436513089e-08,0.0
213,12840.0,12840,5.083285837609847,5.083285837609847,-25.47074561114368,0.0,5.083285859587366,2.1977518285974895e-08,0.0
214,12900.0,12900,5.082809909871066,5.082809909871066,-25.39873239516581,0.0,5.082809931850153,2.1979087101520815e-08,0.0
215,12960.0,12960,5.0823306857985555,5.0823306857985555,-25.326725921497573,0.0,5.082330707779226,2.1980670819935633e-08,0.0
216,13020.0,13020,5.081848166734584,5.081848166734584,-25.254726236837033,0.0,5.0818481887168545,2.1982269449456908e-08,0.0
217,13080.0,13080,5.081362354030073,5.081362354030073,-25.182733387863237,0.0,5.081362376013956,2.1983882998386947e-08,0.0
218,13140.0,13140,5.080873249060878,5.080873249060878,-25.1107474212361,0.0,5.08087327104639,2.1985511475100587e-08,0.0
219,13200.0,13200,5.080380853214104,5.080380853214104,-25.03876838359602,0.0,5.080380875201259,2.198715488804474e-08,0.0
220,13260.0,13260,5.079885167900757,5.079885167900757,-24.966796321563784,0.0,5.079885189889571,2.1988813245729356e-08,0.0
221,13320.0,13320,5.079386194543641,5.079386194543641,-24.89483128174015,0.0,5.079386216534128,2.1990486556739053e-08,0.0
222,13380.0,13380,5.078883934585448,5.078883934585448,-24.82287331070575,0.0,5.078883956577623,2.1992174829726226e-08,0.0
223,13440.0,13440,5.078378389485378,5.078378389485378,-24.75092245502076,0.0,5.078378411479256,2.199387807341277e-08,0.0
224,13500.0,13500,5.077869560721382,5.077869560721382,-24.67897876122469,0.0,5.077869582716978,2.1995596296588783e-08,0.0
225,13560.0,13560,5.077357449789346,5.077357449789346,-24.60704227583612,0.0,5.077357471786676,2.199732950811213e-08,0.0
226,13620.0,13620,5.076842058198896,5.076842058198896,-24.535113045352418,0.0,5.076842080197973,2.19990777169145e-08,0.0
227,13680.0,13680,5.0763233874802065,5.0763233874802065,-24.46319111624959,0.0,5.076323409481047,2.2000840931994056e-08,0.0
228,13740.0,13740,5.075801439179345,5.075801439179345,-24.391276534981944,0.0,5.075801461181963,2.2002619162415004e-08,0.0
229,13800.0,13800,5.075276214859831,5.075276214859831,-24.3193693479819,0.0,5.075276236864244,2.2004412417318385e-08,0.0
230,13860.0,13860,5.074747716102403,5.074747716102403,-24.24746960165972,0.0,5.0747477381086235,2.2006220705910435e-08,0.0
231,13920.0,13920,5.074215944505485,5.074215944505485,-24.175577342403276,0.0,5.0742159665135285,2.200804403746342e-08,0.0
232,13980.0,13980,5.073680901682273,5.073680901682273,-24.103692616577796,0.0,5.073680923692155,2.2009882421322564e-08,0.0
233,14040.0,14040,5.073142589268338,5.073142589268338,-24.031815470525643,0.0,5.073142611280073,2.2011735866903457e-08,0.0
234,14100.0,14100,5.072601008909011,5.072601008909011,-23.959945950566027,0.0,5.072601030922616,2.2013604383686007e-08,0.0
235,14160.0,14160,5.072056162273325,5.072056162273325,-23.888084102994842,0.0,5.072056184288813,2.201548798122609e-08,0.0
236,14220.0,14220,5.071508051042227,5.071508051042227,-23.816229974084333,0.0,5.071508073059614,2.2017386669140453e-08,0.0
237,14280.0,14280,5.0709566769183825,5.0709566769183825,-23.74438361008293,0.0,5.070956698937683,2.201930045712052e-08,0.0
238,14340.0,14340,5.070402041616934,5.070402041616934,-23.672545057214958,0.0,5.070402063638164,2.202122935492851e-08,0.0
239,14400.0,14400,5.069844146872304,5.069844146872304,-23.600714361680428,0.0,5.069844168895478,2.2023173372387937e-08,0.0
240,14460.0,14460,5.069282994437837,5.069282994437837,-23.528891569654785,0.0,5.06928301646297,2.202513251940002e-08,0.0
241,14520.0,14520,5.068718586077461,5.068718586077461,-23.457076727288637,0.0,5.068718608104567,2.2027106805925542e-08,0.0
242,14580.0,14580,5.068150923578903,5.068150923578903,-23.385269880707597,0.0,5.068150945608,2.202909624200515e-08,0.0
243,14640.0,14640,5.067580008742184,5.067580008742184,-23.31347107601196,0.0,5.067580030773285,2.203110083774251e-08,0.0
244,14700.0,14700,5.067005843385236,5.067005843385236,-23.24168035927651,0.0,5.0670058654183565,2.20331206033095e-08,0.0
245,14760.0,14760,5.0664284293443655,5.0664284293443655,-23.169897776550297,0.0,5.0664284513795215,2.2035155548947923e-08,0.0
246,14820.0,14820,5.0658477684707615,5.0658477684707615,-23.09812337385633,0.0,5.065847790507967,2.203720568496735e-08,0.0
247,14880.0,14880,5.065263862632068,5.065263862632068,-23.026357197191412,0.0,5.06526388467134,2.2039271021754198e-08,0.0
248,14940.0,14940,5.064676713713886,5.064676713713886,-22.954599292525877,0.0,5.064676735755237,2.2041351569749272e-08,0.0
249,15000.0,15000,5.064086323618224,5.064086323618224,-22.88284970580336,0.0,5.064086345661671,2.2043447339477545e-08,0.0
250,15060.0,15060,5.063492694262697,5.063492694262697,-22.811108482940536,0.0,5.063492716308256,2.2045558341518393e-08,0.0
251,15120.0,15120,5.062895827581365,5.062895827581365,-22.739375669826916,0.0,5.06289584962905,2.20476845865332e-08,0.0
252,15180.0,15180,5.062295725525744,5.062295725525744,-22.66765131232463,0.0,5.06229574757557,2.2049826085244218e-08,0.0
253,15240.0,15240,5.061692390065975,5.061692390065975,-22.595935456268126,0.0,5.0616924121179565,2.2051982848442336e-08,0.0
254,15300.0,15300,5.061085823183728,5.061085823183728,-22.52422814746398,0.0,5.061085845237883,2.205415488699226e-08,0.0
255,15360.0,15360,5.060476026879267,5.060476026879267,-22.452529431690667,0.0,5.060476048935609,2.2056342211822144e-08,0.0
256,15420.0,15420,5.059863003170959,5.059863003170959,-22.380839354698345,0.0,5.059863025229504,2.2058544833930942e-08,0.0
257,15480.0,15480,5.059246754092215,5.059246754092215,-22.309157962208563,0.0,5.059246776152977,2.206076276439013e-08,0.0
258,15540.0,15540,5.058627281692307,5.058627281692307,-22.237485299914063,0.0,5.058627303755303,2.2062996014332475e-08,0.0
259,15600.0,15600,5.0580045880371465,5.0580045880371465,-22.16582141347857,0.0,5.058004610102392,2.206524459496457e-08,0.0
260,15660.0,15660,5.05737867520892,5.05737867520892,-22.09416634853653,0.0,5.057378697276428,2.2067508517558176e-08,0.0
261,15720.0,15720,5.056749545305911,5.056749545305911,-22.022520150692895,0.0,5.056749567375698,2.2069787793458444e-08,0.0
262,15780.0,15780,5.056117200443783,5.056117200443783,-21.950882865522892,0.0,5.056117222515865,2.2072082434074855e-08,0.0
263,15840.0,15840,5.055481642751867,5.055481642751867,-21.879254538571775,0.0,5.05548166482626,2.2074392450885937e-08,0.0
264,15900.0,15900,5.054842874379547,5.054842874379547,-21.807635215354633,0.0,5.054842896456265,2.2076717855440165e-08,0.0
265,15960.0,15960,5.054200897486158,5.054200897486158,-21.736024941356106,0.0,5.054200919565217,2.2079058659352483e-08,0.0
266,16020.0,16020,5.05355571425388,5.05355571425388,-21.664423762030236,0.0,5.053555736335294,2.2081414874309927e-08,0.0
267,16080.0,16080,5.052907326877804,5.052907326877804,-21.59283172280017,0.0,5.0529073489615906,2.2083786512062554e-08,0.0
268,16140.0,16140,5.052255737567111,5.052255737567111,-21.521248869057935,0.0,5.052255759653285,2.2086173584436397e-08,0.0
269,16200.0,16200,5.051600948550343,5.051600948550343,-21.449675246164272,0.0,5.05160097063892,2.2088576103317926e-08,0.0
270,16260.0,16260,5.05094296207084,5.05094296207084,-21.37811089944835,0.0,5.050942984161834,2.2090994080665258e-08,0.0
271,16320.0,16320,5.0502817803846325,5.0502817803846325,-21.306555874207568,0.0,5.05028180247806,2.2093427528509045e-08,0.0
272,16380.0,16380,5.049617405770915,5.049617405770915,-21.235010215707344,0.0,5.049617427866791,2.209587645893604e-08,0.0
273,16440.0,16440,5.048949840516788,5.048949840516788,-21.163473969180817,0.0,5.048949862615129,2.2098340884115894e-08,0.0
274,16500.0,16500,5.048279086932034,5.048279086932034,-21.091947179828733,0.0,5.048279109032855,2.210082081627695e-08,0.0
275,16560.0,16560,5.047605147334903,5.047605147334903,-21.020429892819106,0.0,5.04760516943822,2.2103316267719647e-08,0.0
276,16620.0,16620,5.046928024066107,5.046928024066107,-20.94892215328711,0.0,5.046928046171934,2.2105827250810903e-08,0.0
277,16680.0,16680,5.046247719478925,5.046247719478925,-20.87742400633476,0.0,5.046247741587278,2.2108353777986264e-08,0.0
278,16740.0,16740,5.0455642359413595,5.0455642359413595,-20.80593549703074,0.0,5.045564258052255,2.211089586174647e-08,0.0
279,16800.0,16800,5.044877575839091,5.044877575839091,-20.734456670410168,0.0,5.044877597952544,2.2113453514672538e-08,0.0
280,16860.0,16860,5.044187741572665,5.044187741572665,-20.66298757147439,0.0,5.044187763688692,2.2116026749392547e-08,0.0
281,16920.0,16920,5.0434947355574185,5.0434947355574185,-20.591528245190727,0.0,5.043494757676035,2.21186155786222e-08,0.0
282,16980.0,16980,5.042798560225159,5.042798560225159,-20.520078736492284,0.0,5.042798582346379,2.2121220015131592e-08,0.0
283,17040.0,17040,5.042099218023955,5.042099218023955,-20.44863909027772,0.0,5.042099240147795,2.2123840071769385e-08,0.0
284,17100.0,17100,5.041396711414291,5.041396711414291,-20.37720935141101,0.0,5.041396733540767,2.212647576144251e-08,0.0
285,17160.0,17160,5.040691042875451,5.040691042875451,-20.305789564721284,0.0,5.0406910650045775,2.2129127097132583e-08,0.0
286,17220.0,17220,5.039982214898805,5.039982214898805,-20.234379775002527,0.0,5.039982237030599,2.213179409188597e-08,0.0
287,17280.0,17280,5.03927022999625,5.03927022999625,-20.162980027013447,0.0,5.039270252130727,2.213447675881766e-08,0.0
288,17340.0,17340,5.03855509068932,5.03855509068932,-20.091590365477163,0.0,5.038555112826495,2.2137175111110438e-08,0.0
289,17400.0,17400,5.037836799515932,5.037836799515932,-20.020210835081066,0.0,5.03783682165582,2.2139889162013976e-08,0.0
290,17460.0,17460,5.037115359033515,5.037115359033515,-19.94884148047659,0.0,5.037115381176134,2.2142618924844867e-08,0.0
291,17520.0,17520,5.036390771809714,5.036390771809714,-19.877482346278967,0.0,5.0363907939550785,2.214536441299222e-08,0.0
292,17580.0,17580,5.035663040430576,5.035663040430576,-19.806133477067014,0.0,5.035663062578702,2.2148125639902985e-08,0.0
293,17640.0,17640,5.034932167493382,5.034932167493382,-19.734794917382946,0.0,5.034932189644285,2.215090261910355e-08,0.0
294,17700.0,17700,5.034198155616355,5.034198155616355,-19.663466711732156,0.0,5.03419817777005,2.2153695364179863e-08,0.0
295,17760.0,17760,5.033461007426882,5.033461007426882,-19.592148904582967,0.0,5.033461029583386,2.2156503888788235e-08,0.0
296,17820.0,17820,5.032720725570932,5.032720725570932,-19.520841540366465,0.0,5.03272074773026,2.215932820665103e-08,0.0
297,17880.0,17880,5.03197731270784,5.03197731270784,-19.449544663476267,0.0,5.0319773348700085,2.216216833155795e-08,0.0
298,17940.0,17940,5.0312307715140125,5.0312307715140125,-19.378258318268305,0.0,5.031230793679037,2.2165024277366456e-08,0.0
299,18000.0,18000,5.030481104678043,5.030481104678043,-19.306982549060592,0.0,5.03048112684594,2.2167896058002666e-08,0.0
300,18060.0,18060,5.029728314904389,5.029728314904389,-19.235717400133062,0.0,5.029728337075173,2.2170783687458297e-08,0.0
301,18120.0,18120,5.028972404912668,5.028972404912668,-19.16446291572733,0.0,5.028972427086355,2.2173687179791114e-08,0.0
302,18180.0,18180,5.028213377439995,5.028213377439995,-19.093219140046493,0.0,5.028213399616601,2.2176606549132274e-08,0.0
303,18240.0,18240,5.027451235230108,5.027451235230108,-19.02198611725486,0.0,5.02745125740965,2.217954180967206e-08,0.0
304,18300.0,18300,5.026685981050352,5.026685981050352,-18.950763891477873,0.0,5.026686003232844,2.2182492975669834e-08,0.0
305,18360.0,18360,5.02591761767902,5.02591761767902,-18.879552506801772,0.0,5.025917639864479,2.2185460061456605e-08,0.0
306,18420.0,18420,5.025146147907612,5.025146147907612,-18.80835200727344,0.0,5.025146170096055,2.2188443081429005e-08,0.0
307,18480.0,18480,5.02437157454607,5.02437157454607,-18.737162436900213,0.0,5.024371596737512,2.2191442050042798e-08,0.0
308,18540.0,18540,5.0235939004143715,5.0235939004143715,-18.66598383964961,0.0,5.023593922608829,2.2194456981832748e-08,0.0
309,18600.0,18600,5.022813128351915,5.022813128351915,-18.59481625944922,0.0,5.022813150549403,2.2197487891388006e-08,0.0
310,18660.0,18660,5.022029261206369,5.022029261206369,-18.523659740186385,0.0,5.022029283406904,2.220053479337931e-08,0.0
311,18720.0,18720,5.021242301845525,5.021242301845525,-18.452514325708123,0.0,5.021242324049122,2.2203597702529635e-08,0.0
312,18780.0,18780,5.02045225315068,5.02045225315068,-18.38138005982081,0.0,5.020452275357356,2.2206676633635762e-08,0.0
313,18840.0,18840,5.01965911801539,5.01965911801539,-18.310256986290014,0.0,5.019659140225161,2.2209771601563115e-08,0.0
314,18900.0,18900,5.018862899346588,5.018862899346588,-18.239145148840308,0.0,5.018862921559471,2.221288262123755e-08,0.0
315,18960.0,18960,5.018063600069954,5.018063600069954,-18.168044591155088,0.0,5.018063622285964,2.221600970765787e-08,0.0
316,19020.0,19020,5.017261223122366,5.017261223122366,-18.096955356876293,0.0,5.017261245341518,2.2219152875885908e-08,0.0
317,19080.0,19080,5.016455771455694,5.016455771455694,-18.025877489604266,0.0,5.016455793678006,2.2222312141048683e-08,0.0
318,19140.0,19140,5.015647248034151,5.015647248034151,-17.954811032897524,0.0,5.015647270259638,2.2225487518344428e-08,0.0
319,19200.0,19200,5.014835655839614,5.014835655839614,-17.883756030272593,0.0,5.014835678068294,2.2228679023031385e-08,0.0
320,19260.0,19260,5.014020997864682,5.014020997864682,-17.81271252520376,0.0,5.0140210200965685,2.223188667043946e-08,0.0
321,19320.0,19320,5.013203277119243,5.013203277119243,-17.741680561122916,0.0,5.013203299354354,2.223511047596372e-08,0.0
322,19380.0,19380,5.012382496623805,5.012382496623805,-17.670660181419304,0.0,5.012382518862156,2.2238350455065734e-08,0.0
323,19440.0,19440,5.011558659415126,5.011558659415126,-17.599651429439387,0.0,5.011558681656732,2.2241606623270945e-08,0.0
324,19500.0,19500,5.0107317685436445,5.0107317685436445,-17.5286543484866,0.0,5.010731790788524,2.224487899617084e-08,0.0
325,19560.0,19560,5.009901827073275,5.009901827073275,-17.457668981821165,0.0,5.009901849321443,2.2248167589425117e-08,0.0
326,19620.0,19620,5.009068838081435,5.009068838081435,-17.386695372659904,0.0,5.009068860332908,2.2251472418760807e-08,0.0
327,19680.0,19680,5.008232804659902,5.008232804659902,-17.31573356417604,0.0,5.008232826914696,2.2254793499970564e-08,0.0
328,19740.0,19740,5.007393729915081,5.007393729915081,-17.244783599498984,0.0,5.00739375217321,2.225813084890574e-08,0.0
329,19800.0,19800,5.006551616965909,5.006551616965909,-17.17384552171416,0.0,5.006551639227393,2.2261484481493664e-08,0.0
330,19860.0,19860,5.00570646894534,5.00570646894534,-17.102919373862786,0.0,5.005706491210194,2.2264854413720376e-08,0.0
331,19920.0,19920,5.004858288999745,5.004858288999745,-17.03200519894171,0.0,5.004858311267985,2.226824066164357e-08,0.0
332,19980.0,19980,5.004007080289757,5.004007080289757,-16.96110303990321,0.0,5.0040071025614,2.2271643241381806e-08,0.0
333,20040.0,20040,5.003152845988675,5.003152845988675,-16.890212939654774,0.0,5.0031528682637365,2.2275062169120116e-08,0.0
334,20100.0,20100,5.002295589284545,5.002295589284545,-16.819334941058948,0.0,5.002295611563042,2.227849746111002e-08,0.0
335,20160.0,20160,5.00143531337821,5.00143531337821,-16.748469086933103,0.0,5.001435335660159,2.2281949133670803e-08,0.0
336,20220.0,20220,5.000572021483599,5.000572021483599,-16.677615420049275,0.0,5.000572043769016,2.2285417203181748e-08,0.0
337,20280.0,20280,4.999705716829417,4.999705716829417,-16.606773983133962,0.0,4.999705739118318,2.2288901686094242e-08,0.0
338,20340.0,20340,4.998836402657922,4.998836402657922,-16.535944818867925,0.0,4.998836424950324,2.2292402598919224e-08,0.0
339,20400.0,20400,4.997964082221764,4.997964082221764,-16.46512796988599,0.0,4.997964104517684,2.2295919958234987e-08,0.0
340,20460.0,20460,4.997088758789463,4.997088758789463,-16.394323478776915,0.0,4.997088781088917,2.2299453780687158e-08,0.0
341,20520.0,20520,4.9962104356418156,4.9962104356418156,-16.323531388083133,0.0,4.996210457944819,2.2303004082985253e-08,0.0
342,20580.0,20580,4.995329116074378,4.995329116074378,-16.25275174030062,0.0,4.995329138380949,2.230657088190095e-08,0.0
343,20640.0,20640,4.9944448033939,4.9944448033939,-16.18198457787866,0.0,4.994444825704055,2.2310154194276286e-08,0.0
344,20700.0,20700,4.9935575009218045,4.9935575009218045,-16.111229943219676,0.0,4.993557523235559,2.2313754037014163e-08,0.0
345,20760.0,20760,4.992667211991909,4.992667211991909,-16.04048787867906,0.0,4.99266723430928,2.2317370427083967e-08,0.0
346,20820.0,20820,4.991773939950059,4.991773939950059,-15.96975842656496,0.0,4.991773962271063,2.2321003381518535e-08,0.0
347,20880.0,20880,4.990877688157466,4.990877688157466,-15.899041629138123,0.0,4.99087771048212,2.2324652917421926e-08,0.0
348,20940.0,20940,4.989978459987969,4.989978459987969,-15.828337528611696,0.0,4.989978482316288,2.2328319051952593e-08,0.0
349,21000.0,21000,4.989076258825391,4.989076258825391,-15.75764616715101,0.0,4.989076281157392,2.2332001802341512e-08,0.0
350,21060.0,21060,4.988171088069235,4.988171088069235,-15.686967586873472,0.0,4.988171110404935,2.2335701185881817e-08,0.0
351,21120.0,21120,4.987262951131278,4.987262951131278,-15.616301829848322,0.0,4.9872629734706955,2.2339417219930093e-08,0.0
352,21180.0,21180,4.986351851435778,4.986351851435778,-15.545648938096466,0.0,4.986351873778927,2.234314992191027e-08,0.0
353,21240.0,21240,4.9854377924216235,4.9854377924216235,-15.475008953590308,0.0,4.985437814768524,2.234689930930629e-08,0.0
354,21300.0,21300,4.9845207775357485,4.9845207775357485,-15.404381918253526,0.0,4.984520799886415,2.2350665399670278e-08,0.0
355,21360.0,21360,4.983600810244091,4.983600810244091,-15.33376787396097,0.0,4.983600832598539,2.235444821062128e-08,0.0
356,21420.0,21420,4.982677894019499,4.982677894019499,-15.263166862538386,0.0,4.982677916377747,2.235824775983619e-08,0.0
357,21480.0,21480,4.981752032351503,4.981752032351503,-15.19257892576233,0.0,4.981752054713567,2.2362064065056213e-08,0.0
358,21540.0,21540,4.980823228740851,4.980823228740851,-15.122004105359913,0.0,4.980823251106749,2.2365897144093347e-08,0.0
359,21600.0,21600,4.979891486698654,4.979891486698654,-15.051442443008655,0.0,4.979891509068401,2.236974701482003e-08,0.0
360,21660.0,21660,4.97895680975251,4.97895680975251,-14.980893980336338,0.0,4.978956832126123,2.2373613695167406e-08,0.0
361,21720.0,21720,4.978019201438761,4.978019201438761,-14.910358758920767,0.0,4.978019223816259,2.2377497203139996e-08,0.0
362,21780.0,21780,4.977078665310188,4.977078665310188,-14.839836820289653,0.0,4.977078687691586,2.238139755680147e-08,0.0
363,21840.0,21840,4.976135204926681,4.976135204926681,-14.769328205920369,0.0,4.976135227311995,2.2385314774275063e-08,0.0
364,21900.0,21900,4.975188823864831,4.975188823864831,-14.698832957239862,0.0,4.975188846254079,2.2389248873758685e-08,0.0
365,21960.0,21960,4.974239525711849,4.974239525711849,-14.628351115624406,0.0,4.974239548105049,2.2393199873499466e-08,0.0
366,22020.0,22020,4.973287314067581,4.973287314067581,-14.557882722399462,0.0,4.9732873364647485,2.239716779182352e-08,0.0
367,22080.0,22080,4.97233219254326,4.97233219254326,-14.487427818839487,0.0,4.972332214944413,2.2401152647108345e-08,0.0
368,22140.0,22140,4.9713741647634135,4.9713741647634135,-14.416986446167783,0.0,4.971374187168568,2.2405154457799627e-08,0.0
369,22200.0,22200,4.970413234362954,4.970413234362954,-14.346558645556305,0.0,4.970413256772127,2.240917324240824e-08,0.0
370,22260.0,22260,4.969449404990583,4.969449404990583,-14.27614445812551,0.0,4.9694494274037915,2.2413209019502908e-08,0.0
371,22320.0,22320,4.968482680306822,4.968482680306822,-14.205743924944166,0.0,4.968482702724083,2.2417261807721412e-08,0.0
372,22380.0,22380,4.96751306398293,4.96751306398293,-14.135357087029185,0.0,4.967513086404262,2.2421331625761113e-08,0.0
373,22440.0,22440,4.966540559704338,4.966540559704338,-14.064983985345473,0.0,4.966540582129757,2.2425418492383685e-08,0.0
374,22500.0,22500,4.965565171166246,4.965565171166246,-13.994624660805714,0.0,4.965565193595769,2.242952242641383e-08,0.0
375,22560.0,22560,4.964586902075163,4.964586902075163,-13.924279154270257,0.0,4.964586924508806,2.2433643446737968e-08,0.0
376,22620.0,22620,4.963605756151443,4.963605756151443,-13.853947506546934,0.0,4.9636057785892245,2.2437781572304695e-08,0.0
377,22680.0,22680,4.962621737126764,4.962621737126764,-13.783629758390873,0.0,4.9626217595687,2.24419368221308e-08,0.0
378,22740.0,22740,4.961634848743182,4.961634848743182,-13.713325950504338,0.0,4.961634871189291,2.244610921528833e-08,0.0
379,22800.0,22800,4.960645094757233,4.960645094757233,-13.64303612353658,0.0,4.960645117207532,2.2450298770916672e-08,0.0
380,22860.0,22860,4.9596524789347205,4.9596524789347205,-13.572760318083636,0.0,4.959652501389226,2.245450550821608e-08,0.0
381,22920.0,22920,4.958657005051019,4.958657005051019,-13.502498574688188,0.0,4.958657027509749,2.245872944645155e-08,0.0
382,22980.0,22980,4.95765867689889,4.95765867689889,-13.432250933839434,0.0,4.957658699361861,2.2462970604946366e-08,0.0
383,23040.0,23040,4.95665749827683,4.95665749827683,-13.362017435972847,0.0,4.956657520744059,2.246722900308467e-08,0.0
384,23100.0,23100,4.955653472999432,4.955653472999432,-13.291798121470084,0.0,4.955653495470937,2.2471504660324858e-08,0.0
385,23160.0,23160,4.954646604889727,4.954646604889727,-13.221593030658761,0.0,4.954646627365524,2.2475797596171068e-08,0.0
386,23220.0,23220,4.953636897781863,4.953636897781863,-13.151402203812335,0.0,4.95363692026197,2.2480107830201272e-08,0.0
387,23280.0,23280,4.952624355523264,4.952624355523264,-13.081225681149949,0.0,4.9526243780077,2.2484435382049113e-08,0.0
388,23340.0,23340,4.95160898197124,4.95160898197124,-13.011063502836237,0.0,4.951609004460019,2.248878027141472e-08,0.0
389,23400.0,23400,4.9505907809959115,4.9505907809959115,-12.94091570898119,0.0,4.950590803489055,2.249314251805606e-08,0.0
390,23460.0,23460,4.949569756476277,4.949569756476277,-12.87078233963997,0.0,4.9495697789738,2.2497522141794133e-08,0.0
391,23520.0,23520,4.948545912305052,4.948545912305052,-12.80066343481279,0.0,4.948545934806971,2.2501919162511654e-08,0.0
392,23580.0,23580,4.947519252383887,4.947519252383887,-12.730559034444713,0.0,4.947519274890221,2.2506333600154375e-08,0.0
393,23640.0,23640,4.946489780626123,4.946489780626123,-12.66046917842553,0.0,4.946489803136889,2.2510765474728043e-08,0.0
394,23700.0,23700,4.9454575009556105,4.9454575009556105,-12.590393906589595,0.0,4.945457523470825,2.2515214806298407e-08,0.0
395,23760.0,23760,4.944422417309735,4.944422417309735,-12.520333258715667,0.0,4.944422439829416,2.2519681614994244e-08,0.0
396,23820.0,23820,4.943384533634692,4.943384533634692,-12.450287274526735,0.0,4.9433845561588585,2.252416592100303e-08,0.0
397,23880.0,23880,4.942343853886639,4.942343853886639,-12.380255993689877,0.0,4.942343876415307,2.2528667744579163e-08,0.0
398,23940.0,23940,4.941300382034681,4.941300382034681,-12.310239455816127,0.0,4.941300404567868,2.2533187106032283e-08,0.0
399,24000.0,24000,4.940254122057549,4.940254122057549,-12.240237700460295,0.0,4.940254144595274,2.253772402573765e-08,0.0
400,24060.0,24060,4.939205077944445,4.939205077944445,-12.170250767120814,0.0,4.939205100486723,2.2542278524123613e-08,0.0
401,24120.0,24120,4.938153253697357,4.938153253697357,-12.100278695239613,0.0,4.938153276244208,2.2546850621686732e-08,0.0
402,24180.0,24180,4.937098653326739,4.937098653326739,-12.030321524201923,0.0,4.93709867587818,2.2551440338984434e-08,0.0
403,24240.0,24240,4.936041280853313,4.936041280853313,-11.960379293336162,0.0,4.93604130340936,2.2556047696625504e-08,0.0
404,24300.0,24300,4.934981140311131,4.934981140311131,-11.890452041913788,0.0,4.9349811628718045,2.2560672715293417e-08,0.0
405,24360.0,24360,4.9339182357417855,4.9339182357417855,-11.820539809149107,0.0,4.9339182583071,2.2565315415718693e-08,0.0
406,24420.0,24420,4.93285257119843,4.93285257119843,-11.750642634199167,0.0,4.9328525937684065,2.2569975818698764e-08,0.0
407,24480.0,24480,4.931784150745778,4.931784150745778,-11.680760556163605,0.0,4.931784173320432,2.257465394509063e-08,0.0
408,24540.0,24540,4.930712978458224,4.930712978458224,-11.610893614084466,0.0,4.930713001037574,2.2579349815812162e-08,0.0
409,24600.0,24600,4.929639058420145,4.929639058420145,-11.541041846946081,0.0,4.929639081004209,2.258406345183648e-08,0.0
410,24660.0,24660,4.928562394725289,4.928562394725289,-11.471205293674911,0.0,4.928562417314085,2.2588794874204045e-08,0.0
411,24720.0,24720,4.927482991478536,4.927482991478536,-11.401383993139431,0.0,4.927483014072081,2.2593544104011434e-08,0.0
412,24780.0,24780,4.926400852798084,4.926400852798084,-11.33157798414996,0.0,4.926400875396395,2.2598311162407028e-08,0.0
413,24840.0,24840,4.925315982807356,4.925315982807357,-11.261787305458473,0.0,4.925316005410452,2.260309607061475e-08,0.0
414,24900.0,24900,4.924228385641485,4.924228385641485,-11.192011995758534,0.0,4.924228408249385,2.2607898849905567e-08,0.0
415,24960.0,24960,4.923138065447927,4.923138065447927,-11.122252093685123,0.0,4.923138088060646,2.2612719521616936e-08,0.0
416,25020.0,25020,4.922045026379516,4.922045026379516,-11.052507637814466,0.0,4.922045048997074,2.2617558107137243e-08,0.0
417,25080.0,25080,4.920949272605695,4.920949272605695,-10.982778666663958,0.0,4.920949295228109,2.2622414627924806e-08,0.0
418,25140.0,25140,4.919850808299347,4.919850808299347,-10.913065218691925,0.0,4.919850830926636,2.2627289105487155e-08,0.0
419,25200.0,25200,4.91874963764871,4.91874963764871,-10.843367332297575,0.0,4.9187496602808904,2.2632181561396135e-08,0.0
420,25260.0,25260,4.917645764845862,4.917645764845862,-10.773685045820788,0.0,4.917645787482953,2.2637092017287048e-08,0.0
421,25320.0,25320,4.916539194100237,4.916539194100237,-10.704018397542054,0.0,4.916539216742258,2.264202049484182e-08,0.0
422,25380.0,25380,4.915429929621348,4.915429929621348,-10.63436742568223,0.0,4.915429952268315,2.264696701580885e-08,0.0
423,25440.0,25440,4.914317975639975,4.914317975639975,-10.564732168402536,0.0,4.9143179982919065,2.265193160200043e-08,0.0
424,25500.0,25500,4.913203336386127,4.913203336386127,-10.495112663804257,0.0,4.913203359043043,2.2656914275269414e-08,0.0
425,25560.0,25560,4.912086016107236,4.912086016107236,-10.425508949928751,0.0,4.912086038769151,2.2661915057548104e-08,0.0
426,25620.0,25620,4.910966019053272,4.910966019053272,-10.355921064757208,0.0,4.910966041720205,2.2666933970813252e-08,0.0
427,25680.0,25680,4.909843349490504,4.909843349490504,-10.286349046210612,0.0,4.909843372162474,2.2671971037107653e-08,0.0
428,25740.0,25740,4.908718011689578,4.908718011689578,-10.216792932149499,0.0,4.908718034366604,2.2677026278523753e-08,0.0
429,25800.0,25800,4.907590009935746,4.907590009935746,-10.147252760373911,0.0,4.907590032617846,2.2682099717219175e-08,0.0
430,25860.0,25860,4.9064593485159635,4.9064593485159635,-10.077728568623185,0.0,4.906459371203154,2.2687191375408524e-08,0.0
431,25920.0,25920,4.905326031736332,4.905326031736332,-10.008220394575915,0.0,4.905326054428634,2.2692301275359495e-08,0.0
432,25980.0,25980,4.904190063902933,4.904190063902933,-9.938728275849705,0.0,4.904190086600363,2.2697429439400223e-08,0.0
433,26040.0,26040,4.903051449336273,4.903051449336273,-9.869252250001146,0.0,4.9030514720388485,2.270257588991928e-08,0.0
434,26100.0,26100,4.901910192366962,4.901910192366962,-9.799792354525628,0.0,4.901910215074703,2.2707740649357027e-08,0.0
435,26160.0,26160,4.900766297331347,4.900766297331347,-9.73034862685719,0.0,4.90076632004427,2.271292374021643e-08,0.0
436,26220.0,26220,4.8996197685765805,4.8996197685765805,-9.660921104368436,0.0,4.899619791294706,2.2718125185053107e-08,0.0
437,26280.0,26280,4.8984706104584514,4.8984706104584514,-9.591509824370386,0.0,4.898470633181796,2.272334500648139e-08,0.0
438,26340.0,26340,4.897318827342863,4.897318827342863,-9.522114824112355,0.0,4.897318850071446,2.2728583227175614e-08,0.0
439,26400.0,26400,4.896164423605502,4.896164423605502,-9.45273614078181,0.0,4.896164446339342,2.2733839869862773e-08,0.0
440,26460.0,26460,4.895007403626985,4.895007403626985,-9.383373811504224,0.0,4.8950074263661,2.2739114957327707e-08,0.0
441,26520.0,26520,4.893847771798658,4.893847771798658,-9.314027873343012,0.0,4.893847794543066,2.2744408512413104e-08,0.0
442,26580.0,26580,4.892685532524887,4.892685532524887,-9.244698363299381,0.0,4.892685555274606,2.274972055801474e-08,0.0
443,26640.0,26640,4.891520690212563,4.891520690212563,-9.175385318312143,0.0,4.891520712967614,2.2755051117090986e-08,0.0
444,26700.0,26700,4.890353249281706,4.890353249281706,-9.106088775257676,0.0,4.8903532720421055,2.2760400212646836e-08,0.0
445,26760.0,26760,4.889183214158667,4.889183214158667,-9.036808770949742,0.0,4.889183236924434,2.2765767867756348e-08,0.0
446,26820.0,26820,4.888010589279313,4.888010589279313,-8.967545342139399,0.0,4.888010612050468,2.2771154105535457e-08,0.0
447,26880.0,26880,4.88683537908806,4.88683537908806,-8.898298525514859,0.0,4.8868354018646185,2.2776558949169154e-08,0.0
448,26940.0,26940,4.885657588040219,4.885657588040219,-8.829068357701377,0.0,4.885657610822202,2.2781982421889925e-08,0.0
449,27000.0,27000,4.884477220593978,4.884477220593978,-8.759854875261086,0.0,4.884477243381403,2.2787424546982054e-08,0.0
450,27060.0,27060,4.883294281221929,4.883294281221929,-8.690658114692962,0.0,4.8832943040148145,2.279288534780062e-08,0.0
451,27120.0,27120,4.882108774401801,4.882108774401801,-8.621478112432625,0.0,4.882108797200167,2.279836484774429e-08,0.0
452,27180.0,27180,4.880920704621109,4.880920704621109,-8.552314904852249,0.0,4.880920727424972,2.280386307026268e-08,0.0
453,27240.0,27240,4.8797300763745515,4.8797300763745515,-8.483168528260451,0.0,4.879730099183932,2.2809380038874903e-08,0.0
454,27300.0,27300,4.878536894165224,4.878536894165224,-8.414039018902159,0.0,4.878536916980139,2.2814915777145823e-08,0.0
455,27360.0,27360,4.877341162506848,4.877341162506848,-8.344926412958511,0.0,4.877341185327318,2.282047030869125e-08,0.0
456,27420.0,27420,4.8761428859184175,4.8761428859184175,-8.275830746546706,0.0,4.876142908744461,2.2826043657196485e-08,0.0
457,27480.0,27480,4.8749420689287035,4.8749420689287035,-8.206752055719916,0.0,4.87494209176034,2.283163584638482e-08,0.0
458,27540.0,27540,4.873738716074418,4.873738716074418,-8.13769037646716,0.0,4.873738738911664,2.2837246900046884e-08,0.0
459,27600.0,27600,4.872532831899146,4.872532831899146,-8.06864574471319,0.0,4.872532854742023,2.284287684201648e-08,0.0
460,27660.0,27660,4.871324420956768,4.871324420956768,-7.999618196318383,0.0,4.8713244438052925,2.284852569619172e-08,0.0
461,27720.0,27720,4.870113487805438,4.870113487805438,-7.930607767078607,0.0,4.870113510659632,2.2854193486519505e-08,0.0
462,27780.0,27780,4.868900037016162,4.868900037016162,-7.861614492725155,0.0,4.868900059876043,2.2859880237001118e-08,0.0
463,27840.0,27840,4.867684073164757,4.867684073164757,-7.7926384089245655,0.0,4.8676840960303425,2.2865585971694827e-08,0.0
464,27900.0,27900,4.86646560083669,4.86646560083669,-7.723679551278552,0.0,4.8664656237080015,2.287131071470552e-08,0.0
465,27960.0,27960,300.00000016782496,1.678249865197581e-07,-7.654737955323868,300.0,2.860318596608401e-07,1.1820687314055708e-07,0.0
466,28020.0,28020,300.00000016781837,1.6781834166933694e-07,-7.654737953241854,300.0,2.8603501759441645e-07,1.1821667592450106e-07,0.0
467,28080.0,28080,300.00000016781206,1.6781201165880341e-07,-7.65473795115996,300.0,2.8603828486343787e-07,1.1822627320404914e-07,0.0
468,28140.0,28140,300.000000167806,1.6780594114206716e-07,-7.654737949078178,300.0,2.860416167161799e-07,1.1823567557346697e-07,0.0
469,28200.0,28200,300.0000001678002,1.6780018739571256e-07,-7.654737946996507,300.0,2.8604505900048775e-07,1.1824487160412942e-07,0.0
470,28260.0,28260,300.0000001677947,1.6779471019082258e-07,-7.654737944914939,300.0,2.860485791334951e-07,1.1825386894200777e-07,0.0
471,28320.0,28320,300.00000016778955,1.6778948652552186e-07,-7.654737942833473,300.0,2.8605215839485636e-07,1.1826267186860761e-07,0.0
472,28380.0,28380,300.0000001677846,1.6778457636525542e-07,-7.654737940752101,300.0,2.860558448051365e-07,1.1827126843912998e-07,0.0
473,28440.0,28440,300.00000016777994,1.6777996019748374e-07,-7.654737938670822,300.0,2.8605962245791577e-07,1.1827966225966882e-07,0.0
474,28500.0,28500,134.71041490029592,4.710414900296037,-7.654737936589628,129.99999999999986,4.710414924236721,2.3940683583745597e-08,0.0
475,28560.0,28560,4.854132344776817,4.854132344776817,-7.5880070588952755,0.0,4.854132367705362,2.2928544811633554e-08,0.0
476,28620.0,28620,4.853094227936239,4.853094227936239,-7.519240184068249,0.0,4.853094250869548,2.2933308547418584e-08,0.0
477,28680.0,28680,4.852053525108121,4.852053525108121,-7.450488015896475,0.0,4.852053548046211,2.2938090392293604e-08,0.0
478,28740.0,28740,4.851010239903808,4.851010239903808,-7.381750591014779,0.0,4.851010262846699,2.2942890367871045e-08,0.0
479,28800.0,28800,4.84996437594277,4.84996437594277,-7.313027946006822,0.0,4.849964398890479,2.2947708495811673e-08,0.0
480,28860.0,28860,4.848915936857308,4.848915936857308,-7.244320117404992,0.0,4.848915959809852,2.295254479784015e-08,0.0
481,28920.0,28920,4.847864926288068,4.847864926288068,-7.175627141690218,0.0,4.8478649492454675,2.2957399295718257e-08,0.0
482,28980.0,28980,4.846811347887646,4.846811347887646,-7.106949055291854,0.0,4.846811370849917,2.2962272011272528e-08,0.0
483,29040.0,29040,4.8457552053199775,4.8457552053199775,-7.038285894587507,0.0,4.84575522828714,2.2967162966374386e-08,0.0
484,29100.0,29100,4.844696502257078,4.844696502257078,-6.9696376959028825,0.0,4.84469652522915,2.2972072182951376e-08,0.0
485,29160.0,29160,4.8436352423822635,4.8436352423822635,-6.9010044955116605,0.0,4.8436352653592625,2.297699968298673e-08,0.0
486,29220.0,29220,4.84257142938997,4.84257142938997,-6.832386329635344,0.0,4.842571452371915,2.2981945488506843e-08,0.0
487,29280.0,29280,300.000000167718,1.6771798478112745e-07,-6.763783234443098,300.0,2.8611506044180206e-07,1.1839707565938824e-07,0.0
488,29340.0,29340,300.0000001677136,1.6771361005574758e-07,-6.763783232363075,300.0,2.861190856241994e-07,1.1840547556710846e-07,0.0
489,29400.0,29400,300.0000001677096,1.677095582028303e-07,-6.763783230283135,300.0,2.8612322394471995e-07,1.1841366574053251e-07,0.0
490,29460.0,29460,300.0000001677058,1.6770578180501432e-07,-6.763783228203274,300.0,2.861274370648749e-07,1.1842165525844989e-07,0.0
491,29520.0,29520,300.00000016770235,1.6770226110380486e-07,-6.763783226123486,300.0,2.8613170889538904e-07,1.1842944779011476e-07,0.0
492,29580.0,29580,300.00000016769906,1.676990733611824e-07,-6.7637832240437685,300.0,2.8613610137577244e-07,1.1843702801307233e-07,0.0
493,29640.0,29640,300.0000001676962,1.6769614056443525e-07,-6.763783221964114,300.0,2.8614055157555606e-07,1.184444110095409e-07,0.0
494,29700.0,29700,300.0000001676936,1.6769351613332784e-07,-6.76378321988452,300.0,2.861451022673158e-07,1.1845158613236142e-07,0.0
495,29760.0,29760,300.0000001676912,1.6769120615961555e-07,-6.76378321780498,300.0,2.861497581658694e-07,1.1845855200460314e-07,0.0
496,29820.0,29820,300.00000016768917,1.6768915078508022e-07,-6.763783215725491,300.0,2.86154470953435e-07,1.1846532016664884e-07,0.0
497,29880.0,29880,104.72297808976026,4.722978089760392,-6.7637832136460485,99.99999999999986,4.722978113494033,2.3733641625517024e-08,0.0
498,29940.0,29940,4.83108032141358,4.83108032141358,-6.696874357433766,0.0,4.83108034444781,2.3034229968827666e-08,0.0
499,30000.0,30000,4.83021328007737,4.83021328007737,-6.628434052937983,0.0,4.830213303115459,2.303808835599738e-08,0.0
500,30060.0,30060,4.829343602963257,4.829343602963257,-6.560006031527806,0.0,4.829343626005221,2.3041964216109244e-08,0.0
501,30120.0,30120,4.828471292725681,4.828471292725681,-6.491590330543421,0.0,4.828471315771539,2.3045857568613456e-08,0.0
502,30180.0,30180,4.8275963520362355,4.8275963520362355,-6.42318698728741,0.0,4.827596375086005,2.3049768433022797e-08,0.0
503,30240.0,30240,4.826718783575429,4.826718783575429,-6.354796039024512,0.0,4.826718806629125,2.3053696828903145e-08,0.0
504,30300.0,30300,4.825838590038061,4.825838590038061,-6.286417522981485,0.0,4.825838613095703,2.3057642775870442e-08,0.0
505,30360.0,30360,4.8249557741324525,4.8249557741324525,-6.218051476346913,0.0,4.824955797194059,2.3061606293582088e-08,0.0
506,30420.0,30420,4.824070338575181,4.824070338575181,-6.1496979362710125,0.0,4.824070361640768,2.3065587401762378e-08,0.0
507,30480.0,30480,4.82318228610065,4.82318228610065,-6.081356939865518,0.0,4.823182309170237,2.306958612017878e-08,0.0
508,30540.0,30540,4.822291619449124,4.822291619449124,-6.013028524203422,0.0,4.8222916425227265,2.3073602468647535e-08,0.0
509,30600.0,30600,4.821398341378917,4.821398341378917,-5.9447127263189,0.0,4.821398364456555,2.3077636467046625e-08,0.0
510,30660.0,30660,4.820502454657591,4.820502454657591,-5.87640958320705,0.0,4.820502477739279,2.3081688135292868e-08,0.0
511,30720.0,30720,4.81960396206838,4.81960396206838,-5.808119131823761,0.0,4.819603985154138,2.3085757493360935e-08,0.0
512,30780.0,30780,4.8187028663999305,4.8187028663999305,-5.739841409085496,0.0,4.818702889489774,2.3089844561277727e-08,0.0
513,30840.0,30840,4.817799170459319,4.817799170459319,-5.671576451869212,0.0,4.817799193553268,2.309394935911849e-08,0.0
514,30900.0,30900,4.816892877062878,4.816892877062878,-5.6033242970120964,0.0,4.8168929001609495,2.309807190700725e-08,0.0
515,30960.0,30960,4.81598398903999,4.81598398903999,-5.53508498131144,0.0,4.815984012142201,2.310221222512674e-08,0.0
516,31020.0,31020,4.815072509229896,4.815072509229896,-5.466858541524452,0.0,4.815072532336267,2.3106370333703295e-08,0.0
517,31080.0,31080,4.81415844048822,4.81415844048822,-5.3986450143681175,0.0,4.814158463598766,2.3110546253018494e-08,0.0
518,31140.0,31140,4.813241785677333,4.813241785677333,-5.330444436518967,0.0,4.813241808792072,2.3114740003403572e-08,0.0
519,31200.0,31200,4.81232254767404,4.81232254767404,-5.262256844612981,0.0,4.812322570792992,2.31189516052381e-08,0.0
520,31260.0,31260,4.811400729369351,4.811400729369351,-5.194082275245386,0.0,4.811400752492532,2.3123181078957767e-08,0.0
521,31320.0,31320,4.810476333660434,4.810476333660434,-5.125920764970451,0.0,4.810476356787862,2.312742844504446e-08,0.0
522,31380.0,31380,4.80954936345947,4.80954936345947,-5.057772350301404,0.0,4.809549386591163,2.3131693724036173e-08,0.0
523,31440.0,31440,4.808619821692788,4.808619821692788,-4.9896370677102135,0.0,4.8086198448287645,2.3135976936511915e-08,0.0
524,31500.0,31500,4.80768771129312,4.80768771129312,-4.921514953627396,0.0,4.807687734433399,2.3140278103111984e-08,0.0
525,31560.0,31560,4.806753035208785,4.806753035208785,-4.8534060444419165,0.0,4.806753058353382,2.3144597244522878e-08,0.0
526,31620.0,31620,4.805815796396619,4.805815796396619,-4.785310376500976,0.0,4.805815819545553,2.3148934381479433e-08,0.0
527,31680.0,31680,4.80487599782875,4.80487599782875,-4.717227986109887,0.0,4.804876020982039,2.3153289534770878e-08,0.0
528,31740.0,31740,4.803933642485191,4.803933642485191,-4.649158909531852,0.0,4.803933665642854,2.315766272523479e-08,0.0
529,31800.0,31800,4.802988733359501,4.802988733359501,-4.581103182987863,0.0,4.802988756521555,2.3162053973758823e-08,0.0
530,31860.0,31860,4.802041273456466,4.802041273456466,-4.513060842656498,0.0,4.802041296622929,2.3166463301281562e-08,0.0
531,31920.0,31920,4.801091265791655,4.801091265791655,-4.445031924673771,0.0,4.801091288962546,2.3170890728795983e-08,0.0
532,31980.0,31980,4.800138713392161,4.800138713392161,-4.377016465132972,0.0,4.800138736567497,2.3175336277336936e-08,0.0
533,32040.0,32040,4.7991836192940545,4.7991836192940545,-4.309014500084512,0.0,4.799183642473855,2.3179799967995392e-08,0.0
534,32100.0,32100,4.798225986550945,4.798225986550945,-4.241026065535786,0.0,4.798226009735227,2.318428182191325e-08,0.0
535,32160.0,32160,4.797265818221669,4.797265818221669,-4.173051197450931,0.0,4.797265841410451,2.3188781860276883e-08,0.0
536,32220.0,32220,4.796303117377607,4.796303117377607,-4.1050899317507525,0.0,4.796303140570907,2.3193300104331355e-08,0.0
537,32280.0,32280,4.7953378871039645,4.7953378871039645,-4.0371423043125425,0.0,4.795337910301801,2.319783657536103e-08,0.0
538,32340.0,32340,4.794370130493142,4.794370130493142,-3.9692083509698874,0.0,4.794370153695533,2.3202391294710692e-08,0.0
539,32400.0,32400,4.7933998506499655,4.7933998506499655,-3.901288107512564,0.0,4.79339987385693,2.3206964283765274e-08,0.0
540,32460.0,32460,4.792427050692519,4.792427050692519,-3.833381609686363,0.0,4.792427073904075,2.3211555563968853e-08,0.0
541,32520.0,32520,4.791451733746575,4.791451733746575,-3.7654888931929036,0.0,4.791451756962741,2.3216165156806078e-08,0.0
542,32580.0,32580,4.790473902951124,4.790473902951124,-3.697609993689524,0.0,4.790473926171917,2.3220793083822463e-08,0.0
543,32640.0,32640,4.789493561454102,4.789493561454102,-3.6297449467890917,0.0,4.7894935846795414,2.322543936660108e-08,0.0
544,32700.0,32700,4.788510712416398,4.788510712416398,-3.5618937880598787,0.0,4.788510735646502,2.3230104026784572e-08,0.0
545,32760.0,32760,4.7875253590061915,4.7875253590061915,-3.494056553025378,0.0,4.787525382240978,2.3234787086057446e-08,0.0
546,32820.0,32820,4.786537504409083,4.786537504409083,-3.4262332771642,0.0,4.786537527648572,2.323948856616034e-08,0.0
547,32880.0,32880,4.785547151812736,4.785547151812736,-3.3584239959098268,0.0,4.785547175056944,2.3244208488875752e-08,0.0
548,32940.0,32940,4.784554304421694,4.784554304421694,-3.2906287446505793,0.0,4.784554327670641,2.3248946876042735e-08,0.0
549,33000.0,33000,4.783558965449743,4.783558965449743,-3.2228475587293843,0.0,4.783558988703446,2.325370374954739e-08,0.0
550,33060.0,33060,4.782561138120062,4.782561138120062,-3.1550804734436366,0.0,4.782561161378542,2.325847913132029e-08,0.0
551,33120.0,33120,4.781560825667571,4.781560825667571,-3.087327524045072,0.0,4.7815608489308445,2.326327304334681e-08,0.0
552,33180.0,33180,4.780558031335885,4.780558031335885,-3.019588745739596,0.0,4.780558054603971,2.3268085507663715e-08,0.0
553,33240.0,33240,4.779552758380724,4.779552758380724,-2.951864173687164,0.0,4.779552781653641,2.3272916546347903e-08,0.0
554,33300.0,33300,4.778545010068166,4.778545010068166,-2.8841538430016085,0.0,4.7785450333459325,2.3277766181528938e-08,0.0
555,33360.0,33360,4.777534789674383,4.777534789674383,-2.816457788750493,0.0,4.777534812957017,2.3282634435392938e-08,0.0
556,33420.0,33420,4.776522100486133,4.776522100486133,-2.748776045954969,0.0,4.776522123773654,2.3287521330161408e-08,0.0
557,33480.0,33480,4.775506945798715,4.775506945798715,-2.6811086495896244,0.0,4.775506969091142,2.329242688811285e-08,0.0
558,33540.0,33540,4.774489328920116,4.774489328920116,-2.6134556345823627,0.0,4.774489352217467,2.329735113157538e-08,0.0
559,33600.0,33600,4.773469253166925,4.773469253166925,-2.5458170358142276,0.0,4.773469276469219,2.3302294082923338e-08,0.0
560,33660.0,33660,4.772446721867124,4.772446721867124,-2.4781928881192745,0.0,4.77244674517438,2.330725576457593e-08,0.0
561,33720.0,33720,4.771421738356097,4.771421738356097,-2.4105832262844142,0.0,4.771421761668334,2.331223619900633e-08,0.0
562,33780.0,33780,4.770394305983293,4.770394305983293,-2.3429880850493063,0.0,4.770394329300529,2.3317235408733907e-08,0.0
563,33840.0,33840,4.769364428105262,4.769364428105262,-2.275407499106159,0.0,4.769364451427515,2.3322253416326798e-08,0.0
564,33900.0,33900,4.768332108090011,4.768332108090011,-2.2078415030996297,0.0,4.768332131417301,2.3327290244399337e-08,0.0
565,33960.0,33960,4.767297349313957,4.767297349313957,-2.1402901316266623,0.0,4.767297372646304,2.3332345915616356e-08,0.0
566,34020.0,34020,4.7662601551639145,4.7662601551639145,-2.0727534192363684,0.0,4.766260178501335,2.3337420452692336e-08,0.0
567,34080.0,34080,4.76522052903849,4.76522052903849,-2.0052314004298797,0.0,4.765220552381004,2.33425138783806e-08,0.0
568,34140.0,34140,4.764178474343177,4.764178474343177,-1.93772410966018,0.0,4.7641784976908035,2.3347626215498805e-08,0.0
569,34200.0,34200,4.763133994495207,4.763133994495207,-1.8702315813320105,0.0,4.763134017847964,2.335275748689265e-08,0.0
570,34260.0,34260,4.762087092920263,4.762087092920263,-1.8027538498017,0.0,4.76208711627817,2.3357907715471297e-08,0.0
571,34320.0,34320,4.761037773054085,4.761037773054085,-1.7352909493770472,0.0,4.7610377964171615,2.3363076924184917e-08,0.0
572,34380.0,34380,4.759986038344936,4.759986038344936,-1.667842914317178,0.0,4.759986061713201,2.33682651360303e-08,0.0
573,34440.0,34440,4.758931892245213,4.758931892245213,-1.6004097788323683,0.0,4.758931915618686,2.3373472374055604e-08,0.0
574,34500.0,34500,4.757875338219942,4.757875338219942,-1.5329915770839844,0.0,4.75787536159864,2.337869866135259e-08,0.0
575,34560.0,34560,4.756816379745342,4.756816379745342,-1.4655883431843049,0.0,4.756816403129285,2.3383944021063084e-08,0.0
576,34620.0,34620,4.7557550203029635,4.7557550203029635,-1.398200111196362,0.0,4.755755043692172,2.3389208476373383e-08,0.0
577,34680.0,34680,4.754691263387679,4.754691263387679,-1.330826915133866,0.0,4.754691286782171,2.339449205051899e-08,0.0
578,34740.0,34740,4.753625112499335,4.753625112499335,-1.2634687889610163,0.0,4.753625135899129,2.3399794766783324e-08,0.0
579,34800.0,34800,4.752556571152455,4.752556571152455,-1.1961257665924312,0.0,4.752556594557571,2.3405116648491674e-08,0.0
580,34860.0,34860,4.751485642867701,4.751485642867701,-1.1287978818929405,0.0,4.751485666278159,2.3410457719022866e-08,0.0
581,34920.0,34920,4.750412331174556,4.750412331174556,-1.061485168677497,0.0,4.750412354590375,2.341581800180017e-08,0.0
582,34980.0,34980,4.7493366396123555,4.7493366396123555,-0.9941876607110532,0.0,4.749336663033553,2.3421197520287882e-08,0.0
583,35040.0,35040,300.0000001674099,1.6740986075830115e-07,-0.9269053917084208,300.0,2.8656585932400076e-07,1.1915599855962172e-07,0.0
584,35100.0,35100,300.00000016740535,1.6740530204615156e-07,-0.9269053896346606,300.0,2.865704592317234e-07,1.1916515717948702e-07,0.0
585,35160.0,35160,300.000000167401,1.674010254520963e-07,-0.926905387560988,300.0,2.86575133206191e-07,1.1917410774798572e-07,0.0
586,35220.0,35220,300.00000016739705,1.6739703410020052e-07,-0.9269053854873982,300.0,2.8657988353743734e-07,1.1918284943108292e-07,0.0
587,35280.0,35280,300.00000016739335,1.6739333203759546e-07,-0.9269053834138868,300.0,2.865847132610111e-07,1.1919138121720649e-07,0.0
588,35340.0,35340,300.00000016738994,1.673899209843153e-07,-0.9269053813404493,300.0,2.865896235464342e-07,1.1919970255584244e-07,0.0
589,35400.0,35400,300.0000001673868,1.673868182728225e-07,-0.9269053792670809,300.0,2.865946281129544e-07,1.1920780983381573e-07,0.0
590,35460.0,35460,300.00000016738403,1.6738397593106153e-07,-0.9269053771937766,300.0,2.865996882075139e-07,1.1921571227003428e-07,0.0
591,35520.0,35520,99.64273747381829,4.642737473818131,-0.9269053751205325,95.00000000000014,4.642737497962019,2.4143888183015684e-08,0.0
592,35580.0,35580,4.739420375846393,4.739420375846393,-0.8611332609684581,0.0,4.739420399316447,2.347005410509561e-08,0.0
593,35640.0,35640,4.7384980758969615,4.7384980758969615,-0.7939914723692988,0.0,4.738498099371499,2.347453774138429e-08,0.0
594,35700.0,35700,4.737573329282848,4.737573329282848,-0.7268627496861011,0.0,4.737573352761888,2.3479039883925306e-08,0.0
595,35760.0,35760,4.736646138786828,4.736646138786828,-0.6597471275799478,0.0,4.736646162270389,2.3483560554141152e-08,0.0
596,35820.0,35820,4.735716507205294,4.735716507205294,-0.5926446406724992,0.0,4.735716530693394,2.348809977350396e-08,0.0
597,35880.0,35880,4.734784437345867,4.734784437345867,-0.5255553235458007,0.0,4.734784460838526,2.3492657563517802e-08,0.0
598,35940.0,35940,4.733849932024543,4.733849932024543,-0.458479210742122,0.0,4.733849955521777,2.3497233945748486e-08,0.0
599,36000.0,36000,4.7329129940711745,4.7329129940711745,-0.39141633676384013,0.0,4.732913017573003,2.3501828941793758e-08,0.0
600,36060.0,36060,4.731973626325983,4.731973626325983,-0.3243667360732425,0.0,4.731973649832426,2.3506442573310502e-08,0.0
601,36120.0,36120,4.731031831637096,4.731031831637096,-0.25733044309237996,0.0,4.73103185514817,2.351107486198626e-08,0.0
602,36180.0,36180,4.730087612865633,4.730087612865633,-0.1903074922029549,0.0,4.730087636381358,2.3515725829569423e-08,0.0
603,36240.0,36240,4.7291409728838305,4.7291409728838305,-0.12329791774613717,0.0,4.729140996404226,2.3520395497841204e-08,0.0
604,36300.0,36300,4.728191914573421,4.728191914573421,-0.05630175402240667,0.0,4.728191938098505,2.352508388863159e-08,0.0
605,36360.0,36360,4.727240440828241,4.727240440828241,0.010680964708581332,0.0,4.727240464358031,2.3529791023819343e-08,0.0
606,36420.0,36420,4.726286554550977,4.726286554550977,0.0776502042281675,0.0,4.726286578085493,2.353451692532726e-08,0.0
607,36480.0,36480,4.725330258655008,4.725330258655008,0.14460593035881397,0.0,4.725330282194269,2.353926161512605e-08,0.0
608,36540.0,36540,4.724371556065703,4.724371556065703,0.2115481089642557,0.0,4.724371579609729,2.35440251152188e-08,0.0
609,36600.0,36600,4.723410449717288,4.723410449717288,0.27847670594967033,0.0,4.723410473266095,2.3548807447670326e-08,0.0
610,36660.0,36660,4.722446942555487,4.722446942555487,0.34539168726180386,0.0,4.722446966109095,2.3553608634581696e-08,0.0
611,36720.0,36720,4.721481037534902,4.721481037534902,0.41229301888913317,0.0,4.721481061093331,2.3558428698095864e-08,0.0
612,36780.0,36780,4.720512737622499,4.720512737622499,0.4791806668619922,0.0,4.720512761185767,2.3563267660411895e-08,0.0
613,36840.0,36840,4.719542045795602,4.719542045795602,0.5460545972527466,0.0,4.719542069363727,2.356812554376554e-08,0.0
614,36900.0,36900,4.718568965037392,4.718568965037392,0.6129147761759413,0.0,4.718568988610394,2.3573002370433997e-08,0.0
615,36960.0,36960,4.717593498347489,4.717593498347489,0.6797611697883824,0.0,4.717593521925388,2.3577898162744968e-08,0.0
616,37020.0,37020,4.716615648732208,4.716615648732208,0.7465937442893711,0.0,4.716615672315021,2.3582812943074932e-08,0.0
617,37080.0,37080,4.7156354192083905,4.7156354192083905,0.8134124659207976,0.0,4.715635442796137,2.358774673383232e-08,0.0
618,37140.0,37140,4.714652812800738,4.714652812800738,0.8802173009672911,0.0,4.714652836393438,2.3592699557485112e-08,0.0
619,37200.0,37200,4.713667832549133,4.713667832549133,0.9470082157563304,0.0,4.713667856146804,2.359767143653326e-08,0.0
620,37260.0,37260,4.712680481500658,4.712680481500658,1.0137851766584596,0.0,4.71268050510332,2.3602662393527634e-08,0.0
621,37320.0,37320,4.711690762710299,4.711690762710299,1.0805481500873895,0.0,4.711690786317972,2.3607672451060116e-08,0.0
622,37380.0,37380,4.710698679246157,4.710698679246157,1.1472971025001102,0.0,4.71069870285886,2.3612701631774825e-08,0.0
623,37440.0,37440,4.709704234185548,4.709704234185548,1.2140320003970764,0.0,4.709704257803297,2.36177499583435e-08,0.0
624,37500.0,37500,4.708707430615065,4.708707430615065,1.280752810322338,0.0,4.7087074542378815,2.362281745349832e-08,0.0
625,37560.0,37560,4.707708271628507,4.707708271628507,1.3474594988636714,0.0,4.7077082952564115,2.3627904140009018e-08,0.0
626,37620.0,37620,4.70670676033525,4.70670676033525,1.414152032652683,0.0,4.706706783968261,2.3633010040689786e-08,0.0
627,37680.0,37680,4.705702899850036,4.705702899850036,1.4808303783650272,0.0,4.70570292348817,2.363813517839971e-08,0.0
628,37740.0,37740,4.704696693296408,4.704696693296408,1.5474945027204847,0.0,4.704696716939688,2.3643279576037162e-08,0.0
629,37800.0,37800,4.70368814381288,4.70368814381288,1.6141443724830864,0.0,4.7036881674613245,2.364844325654843e-08,0.0
630,37860.0,37860,4.702677254541058,4.702677254541058,1.680779954461325,0.0,4.702677278194683,2.3653626242925546e-08,0.0
631,37920.0,37920,4.701664028636853,4.701664028636853,1.7474012155082002,0.0,4.701664052295682,2.3658828558200706e-08,0.0
632,37980.0,37980,4.700648469263351,4.700648469263351,1.8140081225214193,0.0,4.7006484929274,2.3664050225447966e-08,0.0
633,38040.0,38040,4.69963057959319,4.69963057959319,1.8806006424435007,0.0,4.699630603262482,2.3669291267789733e-08,0.0
634,38100.0,38100,4.698610362809951,4.698610362809951,1.9471787422619085,0.0,4.6986103864845035,2.3674551708385106e-08,0.0
635,38160.0,38160,4.697587822104838,4.697587822104838,2.013742389009207,0.0,4.697587845784669,2.3679831570446276e-08,0.0
636,38220.0,38220,4.696562960680002,4.696562960680002,2.0802915497631704,0.0,4.6965629843651335,2.3685130877218245e-08,0.0
637,38280.0,38280,4.695535781743314,4.695535781743314,2.146826191646935,0.0,4.695535805433764,2.369044965199393e-08,0.0
638,38340.0,38340,4.694506288517999,4.694506288517999,2.213346281829083,0.0,4.694506312213787,2.369578791811157e-08,0.0
639,38400.0,38400,4.693474484230316,4.693474484230316,2.2798517875238598,0.0,4.693474507931462,2.3701145698947396e-08,0.0
640,38460.0,38460,4.692440372117954,4.692440372117954,2.346342675991214,0.0,4.692440395824477,2.370652301792123e-08,0.0
641,38520.0,38520,4.69140395543078,4.69140395543078,2.4128189145369623,0.0,4.6914039791427005,2.3711919898506433e-08,0.0
642,38580.0,38580,4.690365237422579,4.690365237422579,2.479280470512963,0.0,4.690365261139916,2.371733636419923e-08,0.0
643,38640.0,38640,4.689324221359596,4.689324221359596,2.5457273113171675,0.0,4.689324245082369,2.3722772438555e-08,0.0
644,38700.0,38700,4.688280910515348,4.688280910515348,2.612159404393799,0.0,4.6882809342435765,2.3728228145164075e-08,0.0
645,38760.0,38760,4.6872353081737455,4.6872353081737455,2.6785767172334563,0.0,4.687235331907449,2.3733703507659956e-08,0.0
646,38820.0,38820,4.686187417625217,4.686187417625217,2.744979217373261,0.0,4.6861874413644165,2.373919854972191e-08,0.0
647,38880.0,38880,4.685137242173826,4.685137242173826,2.8113668723969476,0.0,4.685137265918538,2.374471329506675e-08,0.0
648,38940.0,38940,4.684084785126601,4.684084785126601,2.877739649935059,0.0,4.684084808876849,2.375024776745791e-08,0.0
649,39000.0,39000,4.683030049801927,4.683030049801927,2.944097517664988,0.0,4.683030073557729,2.3755801990695953e-08,0.0
650,39060.0,39060,4.6819730395280095,4.6819730395280095,3.0104404433111362,0.0,4.6819730632893855,2.376137598862806e-08,0.0
651,39120.0,39120,4.680913757639156,4.680913757639156,3.076768394645057,0.0,4.680913781406127,2.3766969785140257e-08,0.0
652,39180.0,39180,4.679852207481898,4.679852207481898,3.1430813394855384,0.0,4.679852231254482,2.3772583404161314e-08,0.0
653,39240.0,39240,4.67878839240832,4.67878839240832,3.2093792456987775,0.0,4.678788416186538,2.3778216869661005e-08,0.0
654,39300.0,39300,4.677722315778683,4.677722315778683,3.2756620811984605,0.0,4.677722339562553,2.3783870205653996e-08,0.0
655,39360.0,39360,4.676653980967755,4.676653980967755,3.3419298139458764,0.0,4.676654004757298,2.378954343618992e-08,0.0
656,39420.0,39420,4.675583391346813,4.675583391346814,3.4081824119501234,0.0,4.675583415142051,2.379523658536849e-08,0.0
657,39480.0,39480,4.674510550310291,4.674510550310291,3.474419843268059,0.0,4.674510574111241,2.380094967732135e-08,0.0
658,39540.0,39540,4.6734354612470685,4.6734354612470685,3.54064207600463,0.0,4.673435485053751,2.3806682736226774e-08,0.0
659,39600.0,39600,4.6723581275659765,4.6723581275659765,3.606849078312791,0.0,4.672358151378413,2.3812435786303615e-08,0.0
660,39660.0,39660,4.6712785526764415,4.6712785526764415,3.6730408183937886,0.0,4.67127857649465,2.3818208851811287e-08,0.0
661,39720.0,39720,4.670196739998233,4.670196739998233,3.73921726449717,0.0,4.6701967638222355,2.3824001957049804e-08,0.0
662,39780.0,39780,4.66911269296175,4.66911269296175,3.805378384920929,0.0,4.669112716791566,2.3829815126359306e-08,0.0
663,39840.0,39840,4.668026415002046,4.668026415002046,3.8715241480116567,0.0,4.668026438837695,2.3835648384123108e-08,0.0
664,39900.0,39900,4.666937909564125,4.666937909564125,3.9376545221646073,0.0,4.666937933405627,2.384150175476165e-08,0.0
665,39960.0,39960,4.66584718010145,4.66584718010145,4.00376947582384,0.0,4.665847203948826,2.3847375262738108e-08,0.0
666,40020.0,40020,4.664754230074996,4.664754230074996,4.0698689774823364,0.0,4.664754253928265,2.38532689325545e-08,0.0
667,40080.0,40080,4.663659062951585,4.663659062951585,4.13595299568211,0.0,4.663659086810768,2.3859182788752998e-08,0.0
668,40140.0,40140,4.66256168221,4.66256168221,4.202021499014286,0.0,4.662561706075117,2.386511685591937e-08,0.0
669,40200.0,40200,4.661462091335429,4.661462091335429,4.268074456119276,0.0,4.661462115206501,2.3871071158672623e-08,0.0
670,40260.0,40260,4.660360293818299,4.660360293818299,4.334111835686861,0.0,4.660360317695345,2.387704572168011e-08,0.0
671,40320.0,40320,4.659256293161266,4.659256293161266,4.400133606456272,0.0,4.659256317044307,2.3883040569641558e-08,0.0
672,40380.0,40380,4.658150092871173,4.658150092871173,4.466139737216359,0.0,4.658150116760229,2.3889055727298998e-08,0.0
673,40440.0,40440,4.657041696463363,4.657041696463363,4.532130196805656,0.0,4.657041720358454,2.38950912194372e-08,0.0
674,40500.0,40500,4.655931107462361,4.655931107462361,4.598104954112493,0.0,4.655931131363508,2.3901147070872442e-08,0.0
675,40560.0,40560,4.654818329398522,4.654818329398522,4.664063978075134,0.0,4.654818353305746,2.390722330646806e-08,0.0
676,40620.0,40620,4.653703365811464,4.653703365811464,4.730007237681857,0.0,4.653703389724783,2.391331995112364e-08,0.0
677,40680.0,40680,4.652586220246997,4.652586220246997,4.79593470197108,0.0,4.652586244166434,2.3919437029776766e-08,0.0
678,40740.0,40740,4.651466896259186,4.651466896259186,4.861846340031458,0.0,4.6514669201847605,2.392557456740343e-08,0.0
679,40800.0,40800,4.650345397409259,4.650345397409259,4.927742121001993,0.0,4.650345421340991,2.3931732589027548e-08,0.0
680,40860.0,40860,4.6492217272669425,4.6492217272669425,4.993622014072138,0.0,4.649221751204853,2.3937911119695914e-08,0.0
681,40920.0,40920,4.648095889407251,4.648095889407251,5.059485988481919,0.0,4.64809591335136,2.3944110184501072e-08,0.0
682,40980.0,40980,4.646967887414478,4.646967887414478,5.125334013522006,0.0,4.646967911364807,2.3950329808580032e-08,0.0
683,41040.0,41040,4.645837724877573,4.645837724877573,5.191166058533847,0.0,4.645837748834143,2.3956570017100886e-08,0.0
684,41100.0,41100,4.6447054053978425,4.6447054053978425,5.256982092909732,0.0,4.644705429360674,2.3962830835271008e-08,0.0
685,41160.0,41160,4.6435709325780286,4.6435709325780286,5.322782086092971,0.0,4.6435709565471415,2.3969112288338777e-08,0.0
686,41220.0,41220,4.642434310031332,4.642434310031332,5.388566007577914,0.0,4.642434334006746,2.3975414401587973e-08,0.0
687,41280.0,41280,4.641295541376633,4.641295541376633,5.454333826910099,0.0,4.641295565358369,2.3981737200338633e-08,0.0
688,41340.0,41340,4.640154630241284,4.640154630241284,5.520085513686324,0.0,4.640154654229365,2.3988080709951807e-08,0.0
689,41400.0,41400,4.639011580259599,4.639011580259599,5.585821037554783,0.0,4.639011604254044,2.3994444955823936e-08,0.0
690,41460.0,41460,4.637866395072348,4.637866395072348,5.651540368215152,0.0,4.637866419073179,2.4000829963390316e-08,0.0
691,41520.0,41520,4.636719078324409,4.636719078324409,5.7172434754186865,0.0,4.636719102331646,2.4007235758121636e-08,0.0
692,41580.0,41580,4.635569633673468,4.635569633673468,5.782930328968276,0.0,4.635569657687131,2.4013662365527007e-08,0.0
693,41640.0,41640,300.00000016690836,1.6690834591349074e-07,5.848600898718626,300.0,2.870933315797587e-07,1.2018498565509638e-07,0.0
694,41700.0,41700,300.0000001669017,1.6690166497992894e-07,5.84860090078271,300.0,2.8709764443335227e-07,1.2019597944222582e-07,0.0
695,41760.0,41760,300.00000016689523,1.668952813105462e-07,5.848600902846671,300.0,2.871020357183654e-07,1.2020675439657505e-07,0.0
696,41820.0,41820,300.00000016688915,1.668891876225939e-07,5.848600904910515,300.0,2.8710649933275164e-07,1.2021731169886006e-07,0.0
697,41880.0,41880,300.0000001668834,1.6688339084122864e-07,5.848600906974245,300.0,2.8711104058292733e-07,1.2022764973035443e-07,0.0
698,41940.0,41940,300.00000016687795,1.6687793179557359e-07,5.848600909037868,300.0,2.871156919906689e-07,1.2023776018372168e-07,0.0
699,42000.0,42000,300.0000001668728,1.6687272240049908e-07,5.848600911101389,300.0,2.871203826132759e-07,1.2024766020132204e-07,0.0
700,42060.0,42060,300.0000001668679,1.6686785924567886e-07,5.848600913164812,300.0,2.8712518973488904e-07,1.2025733047770874e-07,0.0
701,42120.0,42120,300.00000016686334,1.6686329676993108e-07,5.8486009152281415,300.0,2.871300765520346e-07,1.202667797705451e-07,0.0
702,42180.0,42180,49.5821108747525,4.582110874752494,5.848600917291382,45.0,4.58211089911218,2.4359686373683378e-08,0.0
703,42240.0,42240,4.623932945248319,4.623932945248319,5.91351415462282,0.0,4.623932969326298,2.407798036319186e-08,0.0
704,42300.0,42300,4.62295029720149,4.62295029720149,5.979019871286987,0.0,4.622950321284845,2.408335445186907e-08,0.0
705,42360.0,42360,4.621965443284597,4.621965443284597,6.044511667103811,0.0,4.621965467373346,2.4088748362938584e-08,0.0
706,42420.0,42420,4.620978386397137,4.620978386397137,6.109989510823465,0.0,4.6209784104913,2.4094162119376905e-08,0.0
707,42480.0,42480,4.619989129438823,4.619989129438823,6.1754533712372,0.0,4.619989153538419,2.409959574418903e-08,0.0
708,42540.0,42540,4.61899767532788,4.61899767532788,6.240903217177344,0.0,4.61899769943293,2.410504926042484e-08,0.0
709,42600.0,42600,4.618004026987015,4.618004026987015,6.306339017517572,0.0,4.618004051097539,2.411052269116099e-08,0.0
710,42660.0,42660,4.617008187347659,4.617008187347659,6.371760741172956,0.0,4.617008211463675,2.4116016059513406e-08,0.0
711,42720.0,42720,4.616010159350047,4.616010159350047,6.437168357100101,0.0,4.616010183471577,2.412152938863169e-08,0.0
712,42780.0,42780,4.615009945944118,4.615009945944118,6.502561834297268,0.0,4.615009970071181,2.4127062701704297e-08,0.0
713,42840.0,42840,4.614007550089945,4.614007550089945,6.567941141804503,0.0,4.614007574222562,2.4132616021950755e-08,0.0
714,42900.0,42900,4.6130029747510495,4.6130029747510495,6.633306248703789,0.0,4.613002998889239,2.4138189372624267e-08,0.0
715,42960.0,42960,4.611996222906148,4.611996222906148,6.698657124119094,0.0,4.61199624704993,2.414378277701991e-08,0.0
716,43020.0,43020,4.610987297538008,4.610987297538008,6.763993737216584,0.0,4.610987321687404,2.4149396258457794e-08,0.0
717,43080.0,43080,4.6099762016389505,4.6099762016389505,6.829316057204677,0.0,4.6099762257939805,2.4155029840302923e-08,0.0
718,43140.0,43140,4.608962938210545,4.608962938210545,6.894624053334185,0.0,4.608962962371228,2.4160683545944044e-08,0.0
719,43200.0,43200,4.607947510262272,4.607947510262272,6.959917694898444,0.0,4.60794753442863,2.4166357398813933e-08,0.0
720,43260.0,43260,4.606929920813947,4.606929920813947,7.025196951233421,0.0,4.606929944985999,2.417205142237386e-08,0.0
721,43320.0,43320,4.605910172889681,4.605910172889681,7.090461791717866,0.0,4.6059101970674465,2.4177765640122642e-08,0.0
722,43380.0,43380,4.6048882695265165,4.6048882695265165,7.155712185773369,0.0,4.604888293710017,2.4183500075587165e-08,0.0
723,43440.0,43440,4.603864213765109,4.603864213765109,7.220948102864547,0.0,4.603864237954364,2.418925475233575e-08,0.0
724,43500.0,43500,4.602838008659551,4.602838008659551,7.2861695124990895,0.0,4.60283803285458,2.4195029693967366e-08,0.0
725,43560.0,43560,4.601809657267301,4.601809657267301,7.351376384227956,0.0,4.601809681468127,2.420082492411595e-08,0.0
726,43620.0,43620,4.600779162657745,4.600779162657745,7.416568687645419,0.0,4.600779186864386,2.4206640466449104e-08,0.0
727,43680.0,43680,4.59974652790488,4.59974652790488,7.481746392389232,0.0,4.599746552117356,2.4212476344663786e-08,0.0
728,43740.0,43740,4.5987117560933095,4.5987117560933095,7.546909468140697,0.0,4.598711780311642,2.4218332582491497e-08,0.0
729,43800.0,43800,4.5976748503154345,4.5976748503154345,7.612057884624817,0.0,4.597674874539644,2.422420920370732e-08,0.0
730,43860.0,43860,4.596635813672544,4.596635813672544,7.677191611610403,0.0,4.59663583790265,2.4230106232105775e-08,0.0
731,43920.0,43920,4.595594649271284,4.595594649271284,7.742310618910199,0.0,4.595594673507307,2.4236023691521093e-08,0.0
732,43980.0,43980,4.594551360226692,4.594551360226692,7.807414876380964,0.0,4.594551384468653,2.4241961605818148e-08,0.0
733,44040.0,44040,4.59350594966489,4.59350594966489,7.872504353923582,0.0,4.59350597391281,2.424791999889981e-08,0.0
734,44100.0,44100,4.592458420714123,4.592458420714123,7.937579021483225,0.0,4.592458444968021,2.425389889469787e-08,0.0
735,44160.0,44160,4.5914087765168565,4.5914087765168565,8.002638849049386,0.0,4.5914088007767555,2.4259898317175187e-08,0.0
736,44220.0,44220,4.590357020220077,4.590357020220077,8.067683806656069,0.0,4.590357044485995,2.4265918290327012e-08,0.0
737,44280.0,44280,4.5893031549751875,4.5893031549751875,8.132713864381866,0.0,4.589303179247145,2.427195883818657e-08,0.0
738,44340.0,44340,4.588247183948091,4.588247183948091,8.197728992350012,0.0,4.588247208226112,2.4278019984814718e-08,0.0
739,44400.0,44400,4.587189110308389,4.587189110308389,8.262729160728593,0.0,4.5871891345924904,2.4284101754305554e-08,0.0
740,44460.0,44460,4.586128937231768,4.586128937231768,8.327714339730594,0.0,4.586128961521973,2.4290204170786413e-08,0.0
741,44520.0,44520,4.585066667906145,4.585066667906145,8.392684499613999,0.0,4.5850666922024725,2.429632725841441e-08,0.0
742,44580.0,44580,4.584002305522193,4.584002305522193,8.45763961068194,0.0,4.584002329824664,2.4302471041379045e-08,0.0
743,44640.0,44640,4.582935853280503,4.582935853280503,8.522579643282759,0.0,4.582935877589137,2.4308635543903045e-08,0.0
744,44700.0,44700,4.5818673143896875,4.5818673143896875,8.58750456781014,0.0,4.581867338704509,2.4314820790238933e-08,0.0
745,44760.0,44760,4.580796692062908,4.580796692062908,8.652414354703215,0.0,4.580796716383935,2.432102680467074e-08,0.0
746,44820.0,44820,4.579723989524693,4.579723989524693,8.717308974446649,0.0,4.579724013851946,2.4327253611517026e-08,0.0
747,44880.0,44880,4.57864921000089,4.57864921000089,8.782188397570776,0.0,4.5786492343343905,2.4333501235123552e-08,0.0
748,44940.0,44940,4.5775723567324365,4.5775723567324365,8.84705259465163,0.0,4.577572381072206,2.433976969986759e-08,0.0
749,45000.0,45000,4.576493432960637,4.576493432960637,8.911901536311168,0.0,4.576493457306697,2.4346059030157924e-08,0.0
750,45060.0,45060,4.575412441936878,4.575412441936878,8.976735193217259,0.0,4.575412466289248,2.4352369250431823e-08,0.0
751,45120.0,45120,4.574329386919586,4.574329386919586,9.041553536083827,0.0,4.574329411278286,2.4358700385171024e-08,0.0
752,45180.0,45180,4.573244271172797,4.573244271172797,9.106356535670969,0.0,4.57324429553785,2.4365052458862447e-08,0.0
753,45240.0,45240,4.572157097971113,4.572157097971113,9.171144162785016,0.0,4.572157122342539,2.437142549604696e-08,0.0
754,45300.0,45300,4.571067870592302,4.571067870592302,9.235916388278689,0.0,4.571067894970121,2.4377819521278386e-08,0.0
755,45360.0,45360,4.569976592322697,4.569976592322697,9.300673183051147,0.0,4.569976616706931,2.4384234559154156e-08,0.0
756,45420.0,45420,4.568883266455963,4.568883266455963,9.365414518048103,0.0,4.568883290846633,2.4390670634296722e-08,0.0
757,45480.0,45480,4.567787896290709,4.567787896290709,9.43014036426193,0.0,4.567787920687836,2.4397127771350994e-08,0.0
758,45540.0,45540,4.56669048513368,4.56669048513368,9.494850692731735,0.0,4.566690509537286,2.440360599500418e-08,0.0
759,45600.0,45600,4.565591036299828,4.565591036299828,9.559545474543464,0.0,4.565591060709934,2.441010532996378e-08,0.0
760,45660.0,45660,4.564489553107531,4.564489553107531,9.62422468083003,0.0,4.564489577524157,2.441662580096967e-08,0.0
761,45720.0,45720,4.563386038885525,4.563386038885525,9.688888282771357,0.0,4.563386063308693,2.442316743279021e-08,0.0
762,45780.0,45780,4.5622804969649735,4.5622804969649735,9.753536251594522,0.0,4.562280521394704,2.4429730250223122e-08,0.0
763,45840.0,45840,4.5611729306879605,4.5611729306879605,9.818168558573797,0.0,4.561172955124275,2.4436314278100222e-08,0.0
764,45900.0,45900,4.56006334339959,4.56006334339959,9.882785175030797,0.0,4.56006336784251,2.444291954127146e-08,0.0
765,45960.0,45960,4.55895173845431,4.55895173845431,9.947386072334528,0.0,4.558951762903856,2.4449546064624777e-08,0.0
766,46020.0,46020,4.557838119210074,4.557838119210074,10.01197122190152,0.0,4.557838143666268,2.4456193873068824e-08,0.0
767,46080.0,46080,4.556722489034366,4.556722489034366,10.076540595195866,0.0,4.5567225134972285,2.4462862991548955e-08,0.0
768,46140.0,46140,4.55560485129895,4.55560485129895,10.141094163729374,0.0,4.555604875768503,2.446955344503253e-08,0.0
769,46200.0,46200,4.554485209382264,4.554485209382264,10.205631899061613,0.0,4.5544852338585295,2.447626525851627e-08,0.0
770,46260.0,46260,4.553363566669029,4.553363566669029,10.270153772800015,0.0,4.553363591152028,2.4482998457023652e-08,0.0
771,46320.0,46320,4.552239926552027,4.552239926552027,10.334659756599963,0.0,4.5522399510417815,2.4489753065613558e-08,0.0
772,46380.0,46380,4.551114292426809,4.551114292426809,10.399149822164905,0.0,4.5511143169233375,2.449652910936213e-08,0.0
773,46440.0,46440,4.549986667697708,4.549986667697708,10.463623941246388,0.0,4.549986692201035,2.4503326613377462e-08,0.0
774,46500.0,46500,4.548857055775475,4.548857055775475,10.528082085644192,0.0,4.548857080285621,2.4510145602788356e-08,0.0
775,46560.0,46560,4.547725460073505,4.547725460073505,10.592524227206411,0.0,4.547725484590491,2.451698610276463e-08,0.0
776,46620.0,46620,4.546591884015661,4.546591884015661,10.656950337829505,0.0,4.546591908539509,2.4523848138492077e-08,0.0
777,46680.0,46680,4.545456331028024,4.545456331028024,10.721360389458429,0.0,4.545456355558756,2.453073173518627e-08,0.0
778,46740.0,46740,4.544318804546289,4.544318804546289,10.785754354086677,0.0,4.5443188290839265,2.4537636918086092e-08,0.0
779,46800.0,46800,4.543179308006911,4.543179308006911,10.850132203756415,0.0,4.543179332551475,2.454456371246496e-08,0.0
780,46860.0,46860,4.542037844859334,4.542037844859334,10.914493910558496,0.0,4.542037869410845,2.4551512143610972e-08,0.0
781,46920.0,46920,4.540894418553679,4.540894418553679,10.978839446632637,0.0,4.540894443112161,2.455848223685107e-08,0.0
782,46980.0,46980,4.539749032545262,4.539749032545262,11.04316878416743,0.0,4.539749057110737,2.4565474017525156e-08,0.0
783,47040.0,47040,4.538601690298338,4.538601690298338,11.107481895400419,0.0,4.5386017148708255,2.4572487511006788e-08,0.0
784,47100.0,47100,4.537452395280224,4.537452395280224,11.171778752618225,0.0,4.537452419859746,2.457952274269241e-08,0.0
785,47160.0,47160,4.536301150967262,4.536301150967262,11.236059328156589,0.0,4.536301175553842,2.4586579738009985e-08,0.0
786,47220.0,47220,4.5351479608364,4.5351479608364,11.300323594400503,0.0,4.535147985430059,2.4593658522398255e-08,0.0
787,47280.0,47280,4.533992828374629,4.533992828374629,11.364571523784214,0.0,4.533992852975389,2.460075912133698e-08,0.0
788,47340.0,47340,4.532835757073239,4.532835757073239,11.428803088791366,0.0,4.53283578168112,2.4607881560320156e-08,0.0
789,47400.0,47400,4.531676750427123,4.531676750427123,11.49301826195506,0.0,4.531676775042149,2.4615025864869847e-08,0.0
790,47460.0,47460,4.530515811938034,4.530515811938034,11.557217015857917,0.0,4.530515836560227,2.4622192060531855e-08,0.0
791,47520.0,47520,4.529352945114144,4.529352945114144,11.621399323132163,0.0,4.529352969743524,2.4629380172878747e-08,0.0
792,47580.0,47580,4.528188153467386,4.528188153467386,11.685565156459717,0.0,4.528188178103976,2.4636590227502077e-08,0.0
793,47640.0,47640,4.527021440515365,4.527021440515365,11.749714488572257,0.0,4.527021465159187,2.4643822250021033e-08,0.0
794,47700.0,47700,4.525852809781012,4.525852809781012,11.813847292251292,0.0,4.525852834432087,2.4651076266078977e-08,0.0
795,47760.0,47760,4.524682264792928,4.524682264792928,11.87796354032824,0.0,4.524682289451281,2.465835230133653e-08,0.0
796,47820.0,47820,4.523509809083494,4.523509809083494,11.942063205684505,0.0,4.523509833749144,2.4665650381489725e-08,0.0
797,47880.0,47880,4.522335446192264,4.522335446192264,12.006146261251537,0.0,4.522335470865233,2.4672970532246658e-08,0.0
798,47940.0,47940,4.521159179663132,4.521159179663132,12.070212680010922,0.0,4.521159204343444,2.4680312779340053e-08,0.0
799,48000.0,48000,4.519981013043068,4.519981013043068,12.13426243499446,0.0,4.519981037730745,2.4687677148525072e-08,0.0
800,48060.0,48060,4.51880094988806,4.51880094988806,12.198295499284196,0.0,4.518800974583124,2.4695063665587952e-08,0.0
801,48120.0,48120,4.5176189937547395,4.5176189937547395,12.26231184601255,0.0,4.5176190184572125,2.470247235632573e-08,0.0
802,48180.0,48180,4.516435148206563,4.516435148206563,12.32631144836233,0.0,4.516435172916467,2.4709903246564796e-08,0.0
803,48240.0,48240,4.515249416813176,4.515249416813176,12.390294279566826,0.0,4.515249441530533,2.4717356362151388e-08,0.0
804,48300.0,48300,4.514061803147654,4.514061803147654,12.454260312909899,0.0,4.514061827872485,2.4724831728949454e-08,0.0
805,48360.0,48360,4.512872310787405,4.512872310787405,12.518209521726023,0.0,4.512872335519734,2.4732329372849267e-08,0.0
806,48420.0,48420,4.511680943313856,4.511680943313856,12.582141879400357,0.0,4.511680968053705,2.4739849319765277e-08,0.0
807,48480.0,48480,4.51048770431818,4.51048770431818,12.646057359368799,0.0,4.510487729065573,2.4747391595622718e-08,0.0
808,48540.0,48540,4.50929259738755,4.50929259738755,12.709955935118115,0.0,4.509292622142506,2.4754956226375327e-08,0.0
809,48600.0,48600,4.508095626122931,4.508095626122931,12.773837580185896,0.0,4.5080956508854735,2.476254323800014e-08,0.0
810,48660.0,48660,4.506896794124564,4.506896794124564,12.837702268160742,0.0,4.506896818894717,2.4770152656484126e-08,0.0
811,48720.0,48720,4.505696104997063,4.505696104997063,12.901549972682261,0.0,4.505696129774848,2.477778450784318e-08,0.0
812,48780.0,48780,4.504493562350628,4.504493562350628,12.96538066744112,0.0,4.504493587136068,2.4785438818111746e-08,0.0
813,48840.0,48840,4.503289169801534,4.503289169801534,13.029194326179137,0.0,4.50328919459465,2.4793115613341983e-08,0.0
814,48900.0,48900,4.50208293096856,4.50208293096856,13.092990922689353,0.0,4.502082955769374,2.4800814919605895e-08,0.0
815,48960.0,48960,154.37360766187072,4.373607661870695,13.156770430816083,150.0,4.373607688124607,2.625391149133384e-08,0.0
816,49020.0,49020,154.37255068138242,4.3725506813824175,13.21872987262696,150.0,4.372550707644722,2.626230472094313e-08,0.0
817,49080.0,49080,154.3714973070454,4.37149730704535,13.280674340547566,150.0,4.371497333316035,2.6270685505698267e-08,0.0
818,49140.0,49140,154.3704475372088,4.37044753720879,13.342603885665044,150.0,4.370447563487844,2.62790538060315e-08,0.0
819,49200.0,49200,154.36940137018314,4.369401370183143,13.40451855904315,150.0,4.369401396470551,2.6287409582633665e-08,0.0
820,49260.0,49260,154.36835880425534,4.368358804255334,13.466418411721703,150.0,4.368358830551087,2.629575279645416e-08,0.0
821,49320.0,49320,154.36731983767564,4.367319837675621,13.528303494716258,150.0,4.367319863979704,2.6304083408729447e-08,0.0
822,49380.0,49380,154.3662844686672,4.366284468667179,13.590173859017584,150.0,4.36628449497958,2.631240138094981e-08,0.0
823,49440.0,49440,154.36525269542207,4.3652526954220505,13.652029555591264,150.0,4.365252721742757,2.632070667487834e-08,0.0
824,49500.0,49500,154.36422451609843,4.364224516098438,13.713870635377289,150.0,4.364224542427437,2.6328999252551397e-08,0.0
825,49560.0,49560,154.3631999288282,4.363199928828199,13.775697149289538,150.0,4.363199955165478,2.6337279076278132e-08,0.0
826,49620.0,49620,154.36217893171178,4.362178931711786,13.837509148215439,150.0,4.362178958057333,2.634554610864009e-08,0.0
827,49680.0,49680,154.3611615228186,4.361161522818573,13.899306683015503,150.0,4.361161549172373,2.6353800312486023e-08,0.0
828,49740.0,49740,154.36014770018613,4.360147700186132,13.961089804522892,150.0,4.360147726548172,2.636204165094829e-08,0.0
829,49800.0,49800,154.35913746182618,4.359137461826159,14.022858563542968,150.0,4.3591374881964295,2.6370270087426874e-08,0.0
830,49860.0,49860,154.35813080571867,4.358130805718684,14.084613010852923,150.0,4.358130832097169,2.637848558560495e-08,0.0
831,49920.0,49920,154.3571277298113,4.3571277298113005,14.146353197201337,150.0,4.357127756197989,2.6386688109439356e-08,0.0
832,49980.0,49980,154.35612823202533,4.356128232025313,14.20807917330771,150.0,4.35612825842019,2.6394877623167532e-08,0.0
833,50040.0,50040,109.39119050714413,4.391190507144124,14.269790989862091,105.0,4.391190532949585,2.5805460680512328e-08,0.0
834,50100.0,50100,4.478770352597075,4.478770352597075,14.331999521982132,0.0,4.478770377550104,2.495303009581575e-08,0.0
835,50160.0,50160,4.477643145300876,4.477643145300876,14.395448768581552,0.0,4.4776431702614365,2.496056098943227e-08,0.0
836,50220.0,50220,4.476514091581135,4.476514091581135,14.458882046410924,0.0,4.476514116549248,2.4968114227425887e-08,0.0
837,50280.0,50280,4.4753831948075655,4.4753831948075655,14.522299329312583,0.0,4.4753832197832555,2.4975689838243222e-08,0.0
838,50340.0,50340,4.474250458358982,4.474250458358982,14.585700591176595,0.0,4.474250483342271,2.498328785034471e-08,0.0
839,50400.0,50400,4.473115885615744,4.473115885615744,14.649085805940901,0.0,4.473115910606652,2.4990908292221873e-08,0.0
840,50460.0,50460,4.4719794799678265,4.4719794799678265,14.712454947591324,0.0,4.471979504966377,2.499855119238004e-08,0.0
841,50520.0,50520,4.47084124480656,4.47084124480656,14.775807990161717,0.0,4.470841269812777,2.5006216579348717e-08,0.0
842,50580.0,50580,4.469701183531107,4.469701183531107,14.839144907733973,0.0,4.469701208545012,2.501390448167209e-08,0.0
843,50640.0,50640,4.468559299545628,4.468559299545628,14.90246567443814,0.0,4.468559324567242,2.502161492792498e-08,0.0
844,50700.0,50700,4.467415596260479,4.467415596260479,14.965770264452493,0.0,4.467415621289827,2.5029347946694748e-08,0.0
845,50760.0,50760,4.466270077089069,4.466270077089069,15.029058652003622,0.0,4.466270102126173,2.503710356658773e-08,0.0
846,50820.0,50820,4.465122745449892,4.465122745449892,15.092330811366468,0.0,4.465122770494774,2.5044881816234874e-08,0.0
847,50880.0,50880,4.463973604771058,4.463973604771058,15.155586716864407,0.0,4.463973629823741,2.5052682724284394e-08,0.0
848,50940.0,50940,4.46282265847929,4.46282265847929,15.218826342869376,0.0,4.4628226835397955,2.5060506319406956e-08,0.0
849,51000.0,51000,4.461669910014603,4.461669910014603,15.282049663801859,0.0,4.461669935082956,2.5068352630286166e-08,0.0
850,51060.0,51060,4.460515362813047,4.460515362813047,15.345256654131074,0.0,4.460515387889269,2.5076221685634128e-08,0.0
851,51120.0,51120,4.459359020321522,4.459359020321522,15.40844728837491,0.0,4.459359045405635,2.5084113514168988e-08,0.0
852,51180.0,51180,4.458200885990799,4.458200885990799,15.471621541100099,0.0,4.458200911082828,2.5092028144639968e-08,0.0
853,51240.0,51240,4.457040963276564,4.457040963276564,15.53477938692225,0.0,4.45704098837653,2.5099965605808818e-08,0.0
854,51300.0,51300,4.455879255639202,4.455879255639202,15.597920800505928,0.0,4.455879280747128,2.5107925926457994e-08,0.0
855,51360.0,51360,4.454715766544796,4.454715766544796,15.661045756564727,0.0,4.454715791660706,2.5115909135387664e-08,0.0
856,51420.0,51420,4.453550499461942,4.453550499461942,15.724154229861334,0.0,4.453550524585857,2.512391526141526e-08,0.0
857,51480.0,51480,4.452383457867553,4.452383457867553,15.787246195207578,0.0,4.452383482999498,2.5131944333374174e-08,0.0
858,51540.0,51540,4.45121464524015,4.45121464524015,15.85032162746455,0.0,4.451214670380145,2.5139996380119827e-08,0.0
859,51600.0,51600,4.450044065065349,4.450044065065349,15.913380501542616,0.0,4.450044090213421,2.5148071430522744e-08,0.0
860,51660.0,51660,4.44887172083269,4.44887172083269,15.976422792401516,0.0,4.44887174598886,2.5156169513469422e-08,0.0
861,51720.0,51720,4.4476976160358985,4.4476976160358985,16.03944847505043,0.0,4.44769764120019,2.516429065786923e-08,0.0
862,51780.0,51780,4.446521754174238,4.446521754174238,16.102457524548043,0.0,4.446521779346673,2.5172434892641914e-08,0.0
863,51840.0,51840,4.445344138750138,4.445344138750138,16.16544991600259,0.0,4.44534416393074,2.5180602246725333e-08,0.0
864,51900.0,51900,4.444164773273517,4.444164773273517,16.228425624571948,0.0,4.444164798462309,2.5188792749074614e-08,0.0
865,51960.0,51960,4.442983661254744,4.442983661254744,16.291384625463692,0.0,4.4429836864517505,2.519700642866605e-08,0.0
866,52020.0,52020,4.441800806211652,4.441800806211652,16.354326893935152,0.0,4.441800831416894,2.5205243314482393e-08,0.0
867,52080.0,52080,4.440616211668344,4.440616211668344,16.417252405293485,0.0,4.440616236881848,2.521350343553015e-08,0.0
868,52140.0,52140,4.439429881146142,4.439429881146142,16.480161134895763,0.0,4.439429906367929,2.5221786820829196e-08,0.0
869,52200.0,52200,4.4382418181798515,4.4382418181798515,16.543053058148956,0.0,4.438241843409945,2.5230093499411074e-08,0.0
870,52260.0,52260,4.437052026301317,4.437052026301317,16.60592815051011,0.0,4.43705205153974,2.5238423500328042e-08,0.0
871,52320.0,52320,4.435860509052312,4.435860509052312,16.668786387486293,0.0,4.435860534299089,2.524677685264746e-08,0.0
872,52380.0,52380,4.434667269973828,4.434667269973828,16.731627744634764,0.0,4.434667295228982,2.5255153585450515e-08,0.0
873,52440.0,52440,4.433472312615537,4.433472312615537,16.794452197562933,0.0,4.433472337879091,2.526355372782745e-08,0.0
874,52500.0,52500,4.4322756405272825,4.4322756405272825,16.857259721928504,0.0,4.432275665799259,2.5271977308890088e-08,0.0
875,52560.0,52560,4.431077257268626,4.431077257268626,16.920050293439477,0.0,4.431077282549051,2.528042435776278e-08,0.0
876,52620.0,52620,4.429877166397067,4.429877166397067,16.98282388785426,0.0,4.429877191685962,2.528889490358498e-08,0.0
877,52680.0,52680,4.428675371477431,4.428675371477431,17.045580480981673,0.0,4.42867539677482,2.5297388975503486e-08,0.0
878,52740.0,52740,300.0000001654473,1.6544731852441258e-07,17.108320048681037,300.0,2.8788851760218027e-07,1.2244119906113806e-07,0.0
879,52800.0,52800,300.00000016543663,1.6543657786824835e-07,17.10832005071878,300.0,2.878928217134884e-07,1.2245624382860525e-07,0.0
880,52860.0,52860,300.0000001654262,1.6542616316772411e-07,17.108320052756337,300.0,2.8789721087494043e-07,1.224710476905901e-07,0.0
881,52920.0,52920,300.0000001654161,1.6541605348543697e-07,17.108320054793708,300.0,2.879016680070722e-07,1.2248561450498138e-07,0.0
882,52980.0,52980,300.00000016540633,1.654062665535983e-07,17.1083200568309,300.0,2.8790620697881395e-07,1.224999404085411e-07,0.0
883,53040.0,53040,300.00000016539684,1.6539683463869309e-07,17.108320058867918,300.0,2.879108532926279e-07,1.2251401863727582e-07,0.0
884,53100.0,53100,300.0000001653877,1.6538771136354327e-07,17.108320060904763,300.0,2.8791556952660575e-07,1.2252785814641212e-07,0.0
885,53160.0,53160,300.00000016537894,1.6537888456424458e-07,17.10832006294145,300.0,2.879203456416423e-07,1.2254146106070247e-07,0.0
886,53220.0,53220,300.00000016537047,1.6537037707801782e-07,17.108320064977974,300.0,2.879251996091598e-07,1.2255482251439667e-07,0.0
887,53280.0,53280,199.2684905054266,4.26849050542659,17.108320067014343,195.0,4.268490533032358,2.760576744096994e-08,0.0
888,53340.0,53340,4.416423783250686,4.416423783250686,17.16879034910555,0.0,4.416423808634449,2.5383763088678577e-08,0.0
889,53400.0,53400,4.415388850275784,4.415388850275784,17.231356352638155,0.0,4.415388875666839,2.539105518594358e-08,0.0
890,53460.0,53460,4.414352128626808,4.414352128626808,17.29390769462026,0.0,4.4143521540251776,2.5398369440219287e-08,0.0
891,53520.0,53520,4.413313621245388,4.413313621245388,17.35644434971232,0.0,4.413313646651093,2.540570587790535e-08,0.0
892,53580.0,53580,4.412273331078015,4.412273331078015,17.418966292616457,0.0,4.412273356491078,2.541306452541781e-08,0.0
893,53640.0,53640,4.411231261076908,4.411231261076908,17.48147349807654,0.0,4.411231286497355,2.5420445409183946e-08,0.0
894,53700.0,53700,4.410187414200618,4.410187414200618,17.54396594087826,0.0,4.410187439628467,2.5427848555638366e-08,0.0
895,53760.0,53760,4.409141793413648,4.409141793413648,17.606443595849207,0.0,4.409141818848921,2.5435273991229064e-08,0.0
896,53820.0,53820,4.408094401687628,4.408094401687628,17.668906437858993,0.0,4.408094427130349,2.5442721742419566e-08,0.0
897,53880.0,53880,4.407045241998751,4.407045241998751,17.731354441819306,0.0,4.407045267448942,2.54501918356678e-08,0.0
898,53940.0,53940,4.405994317331903,4.405994317331903,17.793787582684008,0.0,4.405994342789586,2.5457684297466216e-08,0.0
899,54000.0,54000,4.4049416306726235,4.4049416306726235,17.856205835449245,0.0,4.404941656137822,2.546519915429389e-08,0.0
900,54060.0,54060,4.403887185017864,4.403887185017864,17.918609175153456,0.0,4.4038872104906,2.547273643265709e-08,0.0
901,54120.0,54120,4.402830983368917,4.402830983368917,17.980997576877538,0.0,4.402831008849214,2.5480296159062076e-08,0.0
902,54180.0,54180,4.4017730287330625,4.4017730287330625,18.043371015744906,0.0,4.401773054220941,2.5487878360027646e-08,0.0
903,54240.0,54240,4.400713324121067,4.400713324121067,18.105729466921584,0.0,4.4007133496165505,2.5495483062087253e-08,0.0
904,54300.0,54300,4.399651872553024,4.399651872553024,18.16807290561624,0.0,4.399651898056135,2.5503110291774798e-08,0.0
905,54360.0,54360,4.398588677053169,4.398588677053169,18.230401307080328,0.0,4.398588702563928,2.551076007563712e-08,0.0
906,54420.0,54420,4.397523740652835,4.397523740652835,18.29271464660815,0.0,4.397523766171267,2.5518432440229704e-08,0.0
907,54480.0,54480,4.396457066386035,4.396457066386035,18.35501289953694,0.0,4.396457091912162,2.5526127412121836e-08,0.0
908,54540.0,54540,4.395388657294178,4.395388657294178,18.417296041246942,0.0,4.395388682828024,2.553384501788324e-08,0.0
909,54600.0,54600,4.394318516426231,4.394318516426231,18.479564047161457,0.0,4.394318541967816,2.5541585284096162e-08,0.0
910,54660.0,54660,4.393246646834681,4.393246646834681,18.541816892746983,0.0,4.39324667238403,2.5549348237349747e-08,0.0
911,54720.0,54720,4.3921730515753685,4.3921730515753685,18.604054553513276,0.0,4.392173077132503,2.5557133904246957e-08,0.0
912,54780.0,54780,4.391097733716806,4.391097733716806,18.66627700501338,0.0,4.391097759281748,2.5564942311387733e-08,0.0
913,54840.0,54840,4.390020696325269,4.390020696325269,18.7284842228438,0.0,4.3900207218980425,2.5572773485390143e-08,0.0
914,54900.0,54900,4.388941942477459,4.388941942477459,18.79067618264449,0.0,4.388941968058086,2.558062745287183e-08,0.0
915,54960.0,54960,4.387861475254144,4.387861475254144,18.852852860098977,0.0,4.387861500842648,2.5588504240462515e-08,0.0
916,55020.0,55020,4.386779297738415,4.386779297738415,18.915014230934453,0.0,4.386779323334818,2.5596403874794944e-08,0.0
917,55080.0,55080,4.385695413025176,4.385695413025176,18.977160270921768,0.0,4.385695438629503,2.5604326382516115e-08,0.0
918,55140.0,55140,4.384609824209897,4.384609824209897,19.039290955875625,0.0,4.384609849822168,2.5612271790272586e-08,0.0
919,55200.0,55200,4.383522534393655,4.383522534393655,19.101406261654578,0.0,4.383522560013895,2.5620240124716963e-08,0.0
920,55260.0,55260,4.382433546683108,4.382433546683108,19.163506164161113,0.0,4.3824335723113395,2.56282314125135e-08,0.0
921,55320.0,55320,4.381342864194318,4.381342864194318,19.225590639341732,0.0,4.381342889830564,2.563624568032732e-08,0.0
922,55380.0,55380,4.380250490041857,4.380250490041857,19.28765966318707,0.0,4.38025051568614,2.5644282954834343e-08,0.0
923,55440.0,55440,4.379156427350536,4.379156427350536,19.3497132117319,0.0,4.379156453002881,2.565234326271134e-08,0.0
924,55500.0,55500,4.378060679245814,4.378060679245814,19.411751261055244,0.0,4.3780607049062406,2.566042663064329e-08,0.0
925,55560.0,55560,4.376963248865477,4.376963248865477,19.47377378728042,0.0,4.37696327453401,2.56685330853182e-08,0.0
926,55620.0,55620,4.375864139342277,4.375864139342277,19.535780766575186,0.0,4.375864165018939,2.5676662653433132e-08,0.0
927,55680.0,55680,4.374763353823205,4.374763353823205,19.59777217515169,0.0,4.37476337950802,2.5684815361682994e-08,0.0
928,55740.0,55740,4.373660895454886,4.373660895454886,19.659747989266645,0.0,4.373660921147877,2.56929912367778e-08,0.0
929,55800.0,55800,4.37255676739148,4.37255676739148,19.72170818522137,0.0,4.372556793092669,2.5701190305418075e-08,0.0
930,55860.0,55860,4.371450972792793,4.371450972792793,19.78365273936184,0.0,4.3714509985022065,2.5709412594322892e-08,0.0
931,55920.0,55920,4.370343514818486,4.370343514818486,19.845581628078808,0.0,4.370343540536145,2.5717658130202704e-08,0.0
932,55980.0,55980,4.3692343966389116,4.3692343966389116,19.907494827807785,0.0,4.369234422364839,2.5725926939777458e-08,0.0
933,56040.0,56040,4.368123621425317,4.368123621425317,19.9693923150292,0.0,4.368123647159536,2.573421904977443e-08,0.0
934,56100.0,56100,4.367011192356614,4.367011192356614,20.031274066268402,0.0,4.367011218099148,2.5742534486915726e-08,0.0
935,56160.0,56160,4.365897112615969,4.365897112615969,20.09314005809577,0.0,4.365897138366843,2.5750873277932516e-08,0.0
936,56220.0,56220,4.364781385388221,4.364781385388221,20.1549902671268,0.0,4.364781411147456,2.5759235449552944e-08,0.0
937,56280.0,56280,4.363664013867002,4.363664013867002,20.216824670022078,0.0,4.363664039634623,2.5767621028519402e-08,0.0
938,56340.0,56340,4.362545001247284,4.362545001247284,20.278643243487455,0.0,4.362545027023313,2.57760300415596e-08,0.0
939,56400.0,56400,4.361424350732287,4.361424350732287,20.340445964274025,0.0,4.36142437651675,2.5784462515417665e-08,0.0
940,56460.0,56460,4.360302065525666,4.360302065525666,20.402232809178287,0.0,4.360302091318584,2.57929184768308e-08,0.0
941,56520.0,56520,4.359178148839939,4.359178148839939,20.464003755042096,0.0,4.359178174641336,2.580139795254442e-08,0.0
942,56580.0,56580,4.35805260388699,4.35805260388699,20.525758778752838,0.0,4.35805262969689,2.5809900969299194e-08,0.0
943,56640.0,56640,4.356925433886976,4.356925433886976,20.587497857243388,0.0,4.356925459705404,2.581842755383794e-08,0.0
944,56700.0,56700,4.3557966420674035,4.3557966420674035,20.64922096749225,0.0,4.355796667894381,2.582697773291125e-08,0.0
945,56760.0,56760,4.3546662316513585,4.3546662316513585,20.710928086523655,0.0,4.35466625748691,2.5835551533258932e-08,0.0
946,56820.0,56820,4.353534205874319,4.353534205874319,20.77261919140747,0.0,4.353534231718468,2.5844148981631142e-08,0.0
947,56880.0,56880,4.352400567972995,4.352400567972995,20.834294259259423,0.0,4.352400593825765,2.5852770104772863e-08,0.0
948,56940.0,56940,4.351265321186725,4.351265321186725,20.895953267241087,0.0,4.351265347048139,2.58614149294321e-08,0.0
949,57000.0,57000,4.35012846876424,4.35012846876424,20.957596192559922,0.0,4.350128494634323,2.5870083482350806e-08,0.0
950,57060.0,57060,4.348990013952602,4.348990013952602,21.01922301246942,0.0,4.348990039831378,2.5878775790274832e-08,0.0
951,57120.0,57120,4.347849960008179,4.347849960008179,21.080833704269065,0.0,4.347849985895671,2.5887491879949154e-08,0.0
952,57180.0,57180,4.346708310187568,4.346708310187568,21.142428245304473,0.0,4.3467083360837995,2.589623177811919e-08,0.0
953,57240.0,57240,4.345565067753919,4.345565067753919,21.204006612967397,0.0,4.345565093658914,2.590499551151956e-08,0.0
954,57300.0,57300,4.344420235972587,4.344420235972587,21.26556878469583,0.0,4.34442026188637,2.5913783106897404e-08,0.0
955,57360.0,57360,4.343273818116276,4.343273818116276,21.327114737974,0.0,4.343273844038871,2.5922594590985184e-08,0.0
956,57420.0,57420,4.342125817458597,4.342125817458597,21.38864445033252,0.0,4.342125843390027,2.5931429990518383e-08,0.0
957,57480.0,57480,4.340976237278318,4.340976237278318,21.450157899348362,0.0,4.340976263218608,2.5940289332235507e-08,0.0
958,57540.0,57540,4.339825080857726,4.339825080857726,21.511655062644966,0.0,4.339825106806899,2.5949172642862115e-08,0.0
959,57600.0,57600,4.3386723514842,4.3386723514842,21.573135917892255,0.0,4.33867237744228,2.5958079949127217e-08,0.0
960,57660.0,57660,4.337518052448642,4.337518052448642,21.634600442806732,0.0,4.337518078415653,2.596701127775248e-08,0.0
961,57720.0,57720,4.336362187043335,4.336362187043335,21.696048615151515,0.0,4.336362213019301,2.597596665546001e-08,0.0
962,57780.0,57780,4.335204758571219,4.335204758571219,21.757480412736363,0.0,4.335204784556165,2.59849461089663e-08,0.0
963,57840.0,57840,4.334045770330254,4.334045770330254,21.81889581341784,0.0,4.3340457963242045,2.5993949664982655e-08,0.0
964,57900.0,57900,4.332885225628069,4.332885225628069,21.88029479509921,0.0,4.332885251631046,2.60029773502178e-08,0.0
965,57960.0,57960,4.331723127773105,4.331723127773105,21.94167733573061,0.0,4.331723153785135,2.601202919137614e-08,0.0
966,58020.0,58020,4.330559480081594,4.330559480081594,22.003043413309044,0.0,4.3305595061026985,2.602110521515431e-08,0.0
967,58080.0,58080,4.329394285868813,4.329394285868813,22.064393005878493,0.0,4.329394311899018,2.6030205448245916e-08,0.0
968,58140.0,58140,4.328227548455893,4.328227548455893,22.125726091529902,0.0,4.328227574495224,2.6039329917335942e-08,0.0
969,58200.0,58200,4.3270592711680935,4.3270592711680935,22.187042648401274,0.0,4.327059297216572,2.6048478649111096e-08,0.0
970,58260.0,58260,4.325889457331711,4.325889457331711,22.248342654677714,0.0,4.325889483389362,2.6057651670243836e-08,0.0
971,58320.0,58320,4.324718110281451,4.324718110281451,22.309626088591447,0.0,4.3247181363483,2.6066849007402736e-08,0.0
972,58380.0,58380,4.323545233350417,4.323545233350417,22.370892928421945,0.0,4.323545259426488,2.6076070687250764e-08,0.0
973,58440.0,58440,4.322370829877223,4.322370829877223,22.432143152495897,0.0,4.32237085596254,2.608531673644527e-08,0.0
974,58500.0,58500,4.321194903204602,4.321194903204602,22.49337673918729,0.0,4.32119492929919,2.609458718163195e-08,0.0
975,58560.0,58560,4.320017456678047,4.320017456678047,22.55459366691746,0.0,4.320017482781929,2.6103882049452618e-08,0.0
976,58620.0,58620,4.3188384936469655,4.3188384936469655,22.61579391415515,0.0,4.318838519760168,2.6113201366540883e-08,0.0
977,58680.0,58680,4.3176580174645895,4.3176580174645895,22.67697745941655,0.0,4.317658043587135,2.612254515952043e-08,0.0
978,58740.0,58740,4.316476031485702,4.316476031485702,22.73814428126533,0.0,4.316476057617615,2.6131913455005444e-08,0.0
979,58800.0,58800,4.315292539068849,4.315292539068849,22.799294358312725,0.0,4.315292565210155,2.6141306279605788e-08,0.0
980,58860.0,58860,4.314107543577386,4.314107543577386,22.86042766921753,0.0,4.314107569728108,2.615072365991709e-08,0.0
981,58920.0,58920,4.312921048376592,4.312921048376592,22.921544192686174,0.0,4.3129210745367565,2.616016562253152e-08,0.0
982,58980.0,58980,4.31173305683574,4.31173305683574,22.982643907472788,0.0,4.311733083005373,2.616963219402528e-08,0.0
983,59040.0,59040,4.310543572326216,4.310543572326216,23.04372679237921,0.0,4.310543598505339,2.6179123400969378e-08,0.0
984,59100.0,59100,4.309352598225541,4.309352598225541,23.104792826255064,0.0,4.30935262441418,2.6188639269921026e-08,0.0
985,59160.0,59160,4.308160137908636,4.308160137908636,23.165841987997798,0.0,4.308160164106816,2.6198179827428365e-08,0.0
986,59220.0,59220,4.306966194759101,4.306966194759101,23.226874256552687,0.0,4.306966220966846,2.6207745100027875e-08,0.0
987,59280.0,59280,4.305770772160904,4.305770772160904,23.287889610912934,0.0,4.305770798378239,2.6217335114247414e-08,0.0
988,59340.0,59340,4.304573873502303,4.304573873502303,23.348888030119678,0.0,4.304573899729252,2.622694989659885e-08,0.0
989,59400.0,59400,4.303375502173234,4.303375502173234,23.409869493262075,0.0,4.303375528409823,2.6236589473586305e-08,0.0
990,59460.0,59460,4.302175661566782,4.302175661566782,23.470833979477277,0.0,4.302175687813035,2.62462538717005e-08,0.0
991,59520.0,59520,4.300974355080558,4.300974355080558,23.53178146795054,0.0,4.300974381336501,2.6255943117412738e-08,0.0
992,59580.0,59580,4.29977158611298,4.29977158611298,23.592711937915215,0.0,4.2997716123786365,2.626565723719389e-08,0.0
993,59640.0,59640,4.298567358068074,4.298567358068074,23.65362536865283,0.0,4.29856738434347,2.6275396257490223e-08,0.0
994,59700.0,59700,4.297361674348774,4.297361674348774,23.714521739493115,0.0,4.2973617006339335,2.6285160204746705e-08,0.0
995,59760.0,59760,4.2961545383642665,4.2961545383642665,23.77540102981402,0.0,4.296154564659216,2.629494910538025e-08,0.0
996,59820.0,59820,4.294945953524386,4.294945953524386,23.83626321904179,0.0,4.294945979829149,2.6304762985800433e-08,0.0
997,59880.0,59880,4.293735923244412,4.293735923244412,23.897108286650962,0.0,4.293735949559014,2.6314601872404737e-08,0.0
998,59940.0,59940,4.292524450939769,4.292524450939769,23.957936212164483,0.0,4.292524477264235,2.6324465791572523e-08,0.0
999,60000.0,60000,4.291311540029179,4.291311540029179,24.018746975153665,0.0,4.291311566363534,2.6334354769665447e-08,0.0
1000,60060.0,60060,4.290097193934169,4.290097193934169,24.079540555238257,0.0,4.290097220278438,2.6344268833036535e-08,0.0
1001,60120.0,60120,4.2888814160786355,4.2888814160786355,24.140316932086474,0.0,4.288881442432844,2.6354208008016365e-08,0.0
1002,60180.0,60180,4.287664209891287,4.287664209891287,24.201076085415046,0.0,4.287664236255459,2.636417232092256e-08,0.0
1003,60240.0,60240,4.286445578799936,4.286445578799936,24.261817994989276,0.0,4.286445605174097,2.637416179805592e-08,0.0
1004,60300.0,60300,4.285225526237519,4.285225526237519,24.322542640623016,0.0,4.285225552621696,2.6384176465698244e-08,0.0
1005,60360.0,60360,300.0000001639289,1.6392887046472745e-07,24.383250002178762,300.0,2.88317082715395e-07,1.243882122353726e-07,0.0
1006,60420.0,60420,300.0000001639126,1.6391256048070188e-07,24.38325000419013,300.0,2.8831834240842256e-07,1.244057819124292e-07,0.0
1007,60480.0,60480,300.00000016389663,1.638966413041679e-07,24.38325000620122,300.0,2.8831972481806244e-07,1.244230834987049e-07,0.0
1008,60540.0,60540,300.00000016388105,1.6388101541225026e-07,24.38325000821204,300.0,2.8832115177094395e-07,1.244401363434937e-07,0.0
1009,60600.0,60600,300.00000016386576,1.6386573695968167e-07,24.383250010222596,300.0,2.883226661148435e-07,1.2445692914001886e-07,0.0
1010,60660.0,60660,300.0000001638508,1.638508320257305e-07,24.3832500122329,300.0,2.883242883002437e-07,1.2447345625943586e-07,0.0
1011,60720.0,60720,300.00000016383626,1.6383622557630172e-07,24.383250014242947,300.0,2.8832595811663876e-07,1.2448973252529077e-07,0.0
1012,60780.0,60780,300.000000163822,1.6382198732723244e-07,24.383250016252745,300.0,2.883277308362567e-07,1.2450574349401938e-07,0.0
1013,60840.0,60840,300.0000001638081,1.6380807614409485e-07,24.383250018262306,300.0,2.8832957330428904e-07,1.2452149714519625e-07,0.0
1014,60900.0,60900,300.00000016379454,1.6379449867158598e-07,24.383250020271625,300.0,2.8833149048706527e-07,1.2453699180051416e-07,0.0
1015,60960.0,60960,144.17916852806545,4.1791685280652855,24.383250022280716,140.00000000000014,4.179168555981957,2.7916671768193955e-08,0.0
1016,61020.0,61020,4.271707199677785,4.271707199677785,24.442454909691865,0.0,4.271707226172959,2.6495173362506833e-08,0.0
1017,61080.0,61080,4.27066259787464,4.27066259787464,24.502970761621068,0.0,4.270662624378405,2.650376416691623e-08,0.0
1018,61140.0,61140,4.269616489694527,4.269616489694527,24.563471815024712,0.0,4.269616516206905,2.6512378320403107e-08,0.0
1019,61200.0,61200,4.268568877993758,4.268568877993758,24.62395804856245,0.0,4.268568904514773,2.6521015845744965e-08,0.0
1020,61260.0,61260,4.267519765634959,4.267519765634959,24.684429440934405,0.0,4.267519792164635,2.652967676569945e-08,0.0
1021,61320.0,61320,4.266469155485335,4.266469155485335,24.744885970881253,0.0,4.266469182023696,2.6538361102998308e-08,0.0
1022,61380.0,61380,4.265417050416827,4.265417050416827,24.805327617184293,0.0,4.265417076963897,2.6547068880361624e-08,0.0
1023,61440.0,61440,300.0000001636741,1.6367406087105522e-07,24.86575435866551,300.0,2.8834927093019407e-07,1.246752100444707e-07,0.0
1024,61500.0,61500,300.00000016366073,1.6366072864847002e-07,24.865754360672547,300.0,2.8835118572335885e-07,1.2469045706026558e-07,0.0
1025,61560.0,61560,300.0000001636477,1.6364770447696832e-07,24.865754362679358,300.0,2.8835315297912536e-07,1.2470544848753031e-07,0.0
1026,61620.0,61620,300.0000001636351,1.6363508302921687e-07,24.865754364685944,300.0,2.8835524787668327e-07,1.2472016483289322e-07,0.0
1027,61680.0,61680,300.00000016362276,1.6362278511573866e-07,24.865754366692318,300.0,2.8835740695004394e-07,1.2473462181976493e-07,0.0
1028,61740.0,61740,300.0000001636108,1.6361082658210862e-07,24.865754368698482,300.0,2.8835964252656443e-07,1.247488159299344e-07,0.0
1029,61800.0,61800,300.0000001635992,1.635992139745634e-07,24.86575437070444,300.0,2.883619595220445e-07,1.2476274553297178e-07,0.0
1030,61860.0,61860,300.00000016358797,1.6358792424901724e-07,24.8657543727102,300.0,2.8836433926230656e-07,1.247764149987662e-07,0.0
1031,61920.0,61920,300.00000016357706,1.6357702294540893e-07,24.865754374715767,300.0,2.883668337133349e-07,1.2478981075342876e-07,0.0
1032,61980.0,61980,300.0000001635665,1.635664721246411e-07,24.865754376721142,300.0,2.883694123332821e-07,1.2480294019417662e-07,0.0
1033,62040.0,62040,54.21991582170322,4.219915821703073,24.86575437872634,50.00000000000014,4.219915848719508,2.7016435491900783e-08,0.0
1034,62100.0,62100,4.25389670905113,4.25389670905113,24.925536519466267,0.0,4.253896735693296,2.6642165230012982e-08,0.0
1035,62160.0,62160,4.253014175430053,4.253014175430053,24.985800056111227,0.0,4.253014202079488,2.664943495679953e-08,0.0
1036,62220.0,62220,4.252130073271893,4.252130073271893,25.046051090196542,0.0,4.252130099928619,2.6656726563990817e-08,0.0
1037,62280.0,62280,4.251244404907977,4.251244404907977,25.106289599501263,0.0,4.251244431572017,2.6664040071243375e-08,0.0
1038,62340.0,62340,4.250357172677423,4.250357172677423,25.166515561837475,0.0,4.250357199348798,2.66713754981943e-08,0.0
1039,62400.0,62400,4.249468378927113,4.249468378927113,25.226728955050408,0.0,4.249468405605846,2.667873286445264e-08,0.0
1040,62460.0,62460,300.00000016348304,1.634829729843428e-07,25.286929757018523,300.0,2.883897857753255e-07,1.2490681277664258e-07,0.0
1041,62520.0,62520,300.0000001634727,1.6347262678394513e-07,25.28692975902227,300.0,2.8839228179883113e-07,1.24919655000539e-07,0.0
1042,62580.0,62580,300.0000001634627,1.634626312342109e-07,25.286929761025846,300.0,2.8839486069392137e-07,1.2493222944538076e-07,0.0
1043,62640.0,62640,300.0000001634531,1.6345298611956752e-07,25.286929763029246,300.0,2.8839752201581027e-07,1.2494453588194065e-07,0.0
1044,62700.0,62700,300.0000001634437,1.6344368699519655e-07,25.28692976503248,300.0,2.884002619535834e-07,1.2495657494409338e-07,0.0
1045,62760.0,62760,300.00000016343483,1.634347623808458e-07,25.286929767035552,300.0,2.8840310297916854e-07,1.2496834058405693e-07,0.0
1046,62820.0,62820,300.00000016342625,1.6342615751076223e-07,25.286929769038462,300.0,2.884060011784435e-07,1.2497984365340337e-07,0.0
1047,62880.0,62880,300.00000016341795,1.6341793079068921e-07,25.286929771041226,300.0,2.884090028569101e-07,1.2499107205197575e-07,0.0
1048,62940.0,62940,300.00000016341005,1.6341004747971067e-07,25.286929773043845,300.0,2.884120800740405e-07,1.2500203258006053e-07,0.0
1049,63000.0,63000,278.1866325380373,3.1866325380371605,25.286929775046328,275.00000000000017,3.18663264343475,1.0539758928246624e-07,0.0
1050,63060.0,63060,4.240620819177904,4.240620819177904,25.332073735738373,0.0,4.240620845929636,2.6751731861271277e-08,0.0
1051,63120.0,63120,4.239904902515313,4.239904902515313,25.392149197276527,0.0,4.2399049292730995,2.6757786243277496e-08,0.0
1052,63180.0,63180,4.239187356111957,4.239187356111957,25.452214516661943,0.0,4.239187382875818,2.6763861372634003e-08,0.0
1053,63240.0,63240,300.0000001633725,1.6337243654395803e-07,25.51226967080663,300.0,2.884286234598831e-07,1.2505618690169383e-07,0.0
1054,63300.0,63300,300.00000016336514,1.633651606060874e-07,25.512269672808443,300.0,2.884319938763077e-07,1.2506683325600625e-07,0.0
1055,63360.0,63360,300.00000016335827,1.633582136757796e-07,25.51226967481013,300.0,2.884354273817141e-07,1.2507721369170149e-07,0.0
1056,63420.0,63420,300.0000001633517,1.63351644137026e-07,25.51226967681169,300.0,2.884389623105612e-07,1.2508731815930392e-07,0.0
1057,63480.0,63480,300.0000001633455,1.6334544023693438e-07,25.512269678813134,300.0,2.884425890713857e-07,1.2509714882020792e-07,0.0
1058,63540.0,63540,300.0000001633396,1.6333960881476415e-07,25.51226968081446,300.0,2.8844631289611145e-07,1.2510670406713842e-07,0.0
1059,63600.0,63600,300.0000001633341,1.6333411065742147e-07,25.512269682815685,300.0,2.8845010231896166e-07,1.2511599164732962e-07,0.0
1060,63660.0,63660,300.00000016332893,1.6332894220799346e-07,25.512269684816804,300.0,2.8845395429769165e-07,1.251250120754548e-07,0.0
1061,63720.0,63720,300.0000001633242,1.6332416379234545e-07,25.512269686817827,300.0,2.884579167080841e-07,1.2513375290149355e-07,0.0
1062,63780.0,63780,300.0000003066257,-299.9999996933744,25.512269688818765,600.0,2.821472100364369e-08,299.99999972158906,0.0
1063,63840.0,63840,300.000000282199,-34.99999971780114,20.512269693858666,335.0000000000001,3.6238293790716546e-08,34.99999975403943,0.0
1064,63900.0,63900,300.0000001633108,1.6331082570380457e-07,19.928936365138057,300.0,2.884694455392937e-07,1.2515861982121637e-07,0.0
1065,63960.0,63960,300.0000001633069,1.633068793077269e-07,19.928936367138743,300.0,2.884733048575403e-07,1.251664255355303e-07,0.0
1066,64020.0,64020,300.0000001633033,1.6330325629491733e-07,19.92893636913935,300.0,2.8847722063983876e-07,1.251739643305399e-07,0.0
1067,64080.0,64080,300.00000016330006,1.6330005918503232e-07,19.92893637113989,300.0,2.884812744120716e-07,1.2518121521266464e-07,0.0
1068,64140.0,64140,300.0000001632972,1.6329717958179752e-07,19.928936373140367,300.0,2.884853796202186e-07,1.251882000240085e-07,0.0
1069,64200.0,64200,300.0000001632947,1.6329465233482356e-07,19.92893637514078,300.0,2.884895638725978e-07,1.251949115233081e-07,0.0
1070,64260.0,64260,300.00000016329255,1.6329250504234808e-07,19.928936377141145,300.0,2.884938490032288e-07,1.2520134394638346e-07,0.0
1071,64320.0,64320,59.19085119157792,4.190851191578055,19.92893637914146,54.99999999999986,4.19085121886376,2.7285704573457695e-08,0.0
1072,64380.0,64380,4.227748593019417,4.227748593019417,19.988306770953947,0.0,4.227748619877429,2.68580118586835e-08,0.0
1073,64440.0,64440,4.2273060106784195,4.2273060106784195,20.048199875954587,0.0,4.22730603753991,2.6861491065085763e-08,0.0
1074,64500.0,64500,4.226861713033458,4.226861713033458,20.108086711038723,0.0,4.226861739898448,2.686498942200835e-08,0.0
1075,64560.0,64560,4.226415700968637,4.226415700968637,20.167967251906212,0.0,4.226415727837144,2.6868506942926704e-08,0.0
1076,64620.0,64620,4.2259679753790795,4.2259679753790795,20.227841474269443,0.0,4.225968002251124,2.6872043641289502e-08,0.0
1077,64680.0,64680,4.22551853716547,4.22551853716547,20.287709353853476,0.0,4.22551856404107,2.687559953051823e-08,0.0
1078,64740.0,64740,4.225067387242707,4.225067387242707,20.347570866396147,0.0,4.225067414121882,2.6879174624006318e-08,0.0
1079,64800.0,64800,4.2246145265315596,4.2246145265315596,20.407425987648228,0.0,4.2246145534143285,2.6882768935112223e-08,0.0
1080,64860.0,64860,4.224159955963564,4.224159955963564,20.467274693373565,0.0,4.2241599828499465,2.6886382477167216e-08,0.0
1081,64920.0,64920,4.223703676483523,4.223703676483523,20.52711695934918,0.0,4.2237037033735385,2.6890015263475795e-08,0.0
1082,64980.0,64980,4.223245689041834,4.223245689041834,20.58695276136548,0.0,4.2232457159355015,2.6893667307310087e-08,0.0
1083,65040.0,65040,4.222785994597577,4.222785994597577,20.64678207522635,0.0,4.222786021494915,2.6897338621914166e-08,0.0
1084,65100.0,65100,4.222324594123794,4.222324594123794,20.706604876749257,0.0,4.222324621024823,2.6901029220504037e-08,0.0
1085,65160.0,65160,4.2218614886013075,4.2218614886013075,20.766421141765438,0.0,4.221861515506046,2.6904739116260316e-08,0.0
1086,65220.0,65220,4.2213966790191035,4.2213966790191035,20.826230846120033,0.0,4.221396705927572,2.6908468322337715e-08,0.0
1087,65280.0,65280,4.220930166376669,4.220930166376669,20.886033965672212,0.0,4.220930193288885,2.691221685186548e-08,0.0
1088,65340.0,65340,4.220461951683913,4.220461951683913,20.945830476295278,0.0,4.220461978599897,2.6915984717934005e-08,0.0
1089,65400.0,65400,4.219992035958679,4.219992035958679,21.005620353876854,0.0,4.21999206287845,2.6919771933608647e-08,0.0
1090,65460.0,65460,4.219520420228409,4.219520420228409,21.06540357431898,0.0,4.219520447151988,2.6923578511923683e-08,0.0
1091,65520.0,65520,4.219047105532868,4.219047105532868,21.125180113538253,0.0,4.219047132460274,2.6927404465885763e-08,0.0
1092,65580.0,65580,300.0000001632377,1.6323766750480732e-07,21.184949947465995,300.0,2.885815603636914e-07,1.2534389284370482e-07,0.0
1093,65640.0,65640,300.0000001632348,1.6323479209633312e-07,21.184949949465178,300.0,2.8858521874332137e-07,1.2535042663181766e-07,0.0
1094,65700.0,65700,300.00000016323224,1.6323225714925816e-07,21.184949951464304,300.0,2.8858894520833453e-07,1.253566880438626e-07,0.0
1095,65760.0,65760,300.0000001632301,1.6323007496601311e-07,21.184949953463384,300.0,2.8859274941268963e-07,1.253626744314282e-07,0.0
1096,65820.0,65820,300.0000001632283,1.6322827694411391e-07,21.18494995546241,300.0,2.8859665622979514e-07,1.2536837927042425e-07,0.0
1097,65880.0,65880,300.00000016322684,1.6322683764177042e-07,21.184949957461402,300.0,2.8860064524989387e-07,1.25373807592832e-07,0.0
1098,65940.0,65940,300.00000016322576,1.6322576423729639e-07,21.184949959460358,300.0,2.8860472205965627e-07,1.2537895780705112e-07,0.0
1099,66000.0,66000,300.0000001632251,1.632250151476448e-07,21.18494996145929,300.0,2.886088533996163e-07,1.2538383823658848e-07,0.0
1100,66060.0,66060,300.00000016322474,1.6322467400320024e-07,21.18494996345819,300.0,2.8861310578209964e-07,1.2538843176348875e-07,0.0
1101,66120.0,66120,300.00000016322474,1.6322466146478246e-07,21.184949965457083,300.0,2.886174158751598e-07,1.253927543949218e-07,0.0
1102,66180.0,66180,283.15664618075914,3.156646180759195,21.18494996745596,279.9999999999999,3.156646267361841,8.660264540152827e-08,0.0
1103,66240.0,66240,4.214457197112225,4.214457197112225,21.229669121466888,0.0,4.214457224075495,2.6963270778575395e-08,0.0
1104,66300.0,66300,4.214166957341515,4.214166957341515,21.289373931691916,0.0,4.2141669843069955,2.696548160721834e-08,0.0
1105,66360.0,66360,4.21387497404669,4.21387497404669,21.34907463018685,0.0,4.213875001014402,2.696771120634534e-08,0.0
1106,66420.0,66420,4.213581247744205,4.213581247744205,21.408771192251766,0.0,4.213581274714164,2.696995958718197e-08,0.0
1107,66480.0,66480,4.213285778967566,4.213285778967566,21.468463593194066,0.0,4.213285805939792,2.697222676091194e-08,0.0
1108,66540.0,66540,4.21298856825597,4.21298856825597,21.528151808328687,0.0,4.212988595230482,2.6974512738690037e-08,0.0
1109,66600.0,66600,4.212689616159673,4.212689616159673,21.587835812978216,0.0,4.21268964313649,2.6976817531645145e-08,0.0
1110,66660.0,66660,4.212388923241068,4.212388923241068,21.647515582473048,0.0,4.212388950220209,2.6979141150871614e-08,0.0
1111,66720.0,66720,4.212086490070288,4.212086490070288,21.70719109215153,0.0,4.212086517051771,2.6981483607430994e-08,0.0
1112,66780.0,66780,4.211782317224944,4.211782317224944,21.76686231736008,0.0,4.211782344208787,2.698384491235547e-08,0.0
1113,66840.0,66840,4.211476405299314,4.211476405299314,21.82652923345332,0.0,4.211476432285538,2.698622507664832e-08,0.0
1114,66900.0,66900,4.21116875489072,4.21116875489072,21.886191815794273,0.0,4.211168781879345,2.6988624111276115e-08,0.0
1115,66960.0,66960,4.210859366612287,4.210859366612287,21.945850039754433,0.0,4.21085939360333,2.699104202717867e-08,0.0
1116,67020.0,67020,4.210548241079996,4.210548241079996,22.005503880713974,0.0,4.210548268073474,2.6993478835264287e-08,0.0
1117,67080.0,67080,4.210235378927225,4.210235378927225,22.065153314061803,0.0,4.210235405923159,2.6995934546403717e-08,0.0
1118,67140.0,67140,4.2099207807924195,4.2099207807924195,22.124798315195793,0.0,4.209920807790828,2.6998409171449573e-08,0.0
1119,67200.0,67200,4.209604447323427,4.209604447323427,22.184438859522864,0.0,4.209604474324329,2.700090272120785e-08,0.0
1120,67260.0,67260,4.209286379181857,4.209286379181857,22.244074922459127,0.0,4.209286406185272,2.700341520646685e-08,0.0
1121,67320.0,67320,4.208966577035574,4.208966577035574,22.303706479430037,0.0,4.208966604041521,2.700594663796695e-08,0.0
1122,67380.0,67380,4.208645041563849,4.208645041563849,22.36333350587054,0.0,4.208645068572346,2.7008497026433866e-08,0.0
1123,67440.0,67440,154.11564940497357,4.115649404973555,22.422955977225186,150.0,4.115649433622993,2.8649438930555585e-08,0.0
1124,67500.0,67500,154.11535143556839,4.115351435568379,22.4812610103907,150.0,4.115351464220612,2.865223352190931e-08,0.0
1125,67560.0,67560,154.11505685422946,4.115056854229452,22.539561822322966,150.0,4.115056882884457,2.865500553110524e-08,0.0
1126,67620.0,67620,154.11476565952296,4.11476565952293,22.59785846101959,150.0,4.114765688180685,2.8657754947746176e-08,0.0
1127,67680.0,67680,300.00000028820665,-149.99999971179332,22.656150974457866,450.0,3.489421108708205e-08,149.99999974668754,0.0
1128,67740.0,67740,300.0000002882042,-149.99999971179577,20.156150979174086,450.0,3.48942236452129e-08,149.99999974669,0.0
1129,67800.0,67800,300.0000002882018,-149.99999971179813,17.656150983890264,450.0,3.48942357507498e-08,149.99999974669237,0.0
1130,67860.0,67860,300.00000028819954,-149.99999971180043,15.156150988606404,450.0,3.4894247403561506e-08,149.99999974669467,0.0
1131,67920.0,67920,300.0000002881974,-149.99999971180262,12.656150993322505,450.0,3.489425860352068e-08,149.9999997466969,0.0
1132,67980.0,67980,300.0000002881952,-149.9999997118048,10.156150998038571,450.0,3.4894269350486164e-08,149.99999974669905,0.0
1133,68040.0,68040,300.0000002881931,-149.99999971180685,7.656151002754602,450.0,3.48942796443194e-08,149.99999974670112,0.0
1134,68100.0,68100,300.0000002881912,-149.99999971180878,5.156151007470597,450.0,3.4894289484888726e-08,149.99999974670308,0.0
1135,68160.0,68160,300.00000028504314,-69.99999971495679,2.6561510121865597,369.9999999999999,3.6084184307037975e-08,69.99999975104097,0.0
1136,68220.0,68220,154.1119753554072,4.111975355407187,1.4894843501804134,150.0,4.111975384088511,2.8681323513271848e-08,0.0
1137,68280.0,68280,154.1117117373238,4.111711737323777,1.5477373343103231,150.0,4.111711766007038,2.868326106238522e-08,0.0
1138,68340.0,68340,154.11145149670617,4.111451496706165,1.605986583850713,150.0,4.111451525391341,2.868517573895593e-08,0.0
1139,68400.0,68400,154.11119463169766,4.111194631697653,1.6642321466490155,150.0,4.11119466038472,2.8687067537448664e-08,0.0
1140,68460.0,68460,154.1109411404246,4.110941140424571,1.7224740705263595,150.0,4.110941169113507,2.868893645271447e-08,0.0
1141,68520.0,68520,124.12669815359605,4.126698153596044,1.7807124032773296,120.0,4.126698181819116,2.8223073087838664e-08,0.0
1142,68580.0,68580,4.202872613717299,4.202872613717299,1.839173960382727,0.0,4.202872640767597,2.705029808846366e-08,0.0
1143,68640.0,68640,4.202618140816627,4.202618140816627,1.8987146556761079,0.0,4.202618167868603,2.7051975198931698e-08,0.0
1144,68700.0,68700,4.202361925432221,4.202361925432221,1.9582517459367248,0.0,4.202361952485893,2.7053671098338543e-08,0.0
1145,68760.0,68760,4.202103967654733,4.202103967654733,2.0177852064793917,0.0,4.20210399471012,2.7055385796052737e-08,0.0
1146,68820.0,68820,4.201844267582356,4.201844267582356,2.0773150126202067,0.0,4.201844294639476,2.7057119301417343e-08,0.0
1147,68880.0,68880,4.201582825323475,4.201582825323475,2.1368411396766587,0.0,4.201582852382346,2.7058871623738303e-08,0.0
1148,68940.0,68940,4.201319640999235,4.201319640999235,2.196363562967772,0.0,4.201319668059877,2.7060642772287026e-08,0.0
1149,69000.0,69000,4.201054714738091,4.201054714738091,2.255882257814287,0.0,4.201054741800523,2.7062432756314206e-08,0.0
1150,69060.0,69060,4.200788046676579,4.200788046676579,2.315397199538765,0.0,4.200788073740821,2.706424158502434e-08,0.0
1151,69120.0,69120,4.200519636965824,4.200519636965824,2.374908363465701,0.0,4.2005196640318925,2.706606926760034e-08,0.0
1152,69180.0,69180,4.200249485763629,4.200249485763629,2.4344157249217298,0.0,4.200249512831545,2.706791581318456e-08,0.0
1153,69240.0,69240,4.199977593238827,4.199977593238827,2.4939192592357227,0.0,4.1999776203086086,2.706978123089774e-08,0.0
1154,69300.0,69300,4.199703959571164,4.199703959571164,2.5534189417389426,0.0,4.19970398664283,2.7071665529812297e-08,0.0
1155,69360.0,69360,4.199428584945194,4.199428584945194,2.6129147477652,0.0,4.199428612018762,2.7073568718984673e-08,0.0
1156,69420.0,69420,4.199151469562981,4.199151469562981,2.672406652650918,0.0,4.199151496638471,2.7075490807433743e-08,0.0
1157,69480.0,69480,4.198872613628454,4.198872613628454,2.7318946317353827,0.0,4.198872640705885,2.7077431804140406e-08,0.0
1158,69540.0,69540,4.198592017361729,4.198592017361729,2.7913786603607704,0.0,4.19859204444112,2.7079391718060954e-08,0.0
1159,69600.0,69600,4.19830968098952,4.19830968098952,2.8508587138723747,0.0,4.198309708070891,2.7081370558118865e-08,0.0
1160,69660.0,69660,4.1980256047497715,4.1980256047497715,2.9103347676187004,0.0,4.198025631833141,2.708336833319964e-08,0.0
1161,69720.0,69720,4.19773978888785,4.19773978888785,2.9698067969516253,0.0,4.197739815973234,2.708538505216244e-08,0.0
1162,69780.0,69780,4.197452233660979,4.197452233660979,3.029274777226501,0.0,4.1974522607484,2.7087420723828016e-08,0.0
1163,69840.0,69840,4.197162939335537,4.197162939335537,3.0887386838023247,0.0,4.1971629664250125,2.708947535699423e-08,0.0
1164,69900.0,69900,4.1968719061849376,4.1968719061849376,3.148198492041866,0.0,4.196871933276487,2.7091548960415782e-08,0.0
1165,69960.0,69960,4.196579134498328,4.196579134498328,3.2076541773117686,0.0,4.196579161591969,2.7093641542822337e-08,0.0
1166,70020.0,70020,4.196284624568214,4.196284624568214,3.2671057149827725,0.0,4.196284651663968,2.7095753112910323e-08,0.0
1167,70080.0,70080,4.195988376700344,4.195988376700344,3.3265530804297607,0.0,4.195988403798228,2.7097883679344648e-08,0.0
1168,70140.0,70140,4.195690391206929,4.195690391206929,3.385996249031949,0.0,4.195690418306963,2.7100033250750083e-08,0.0
1169,70200.0,70200,4.19539066841529,4.19539066841529,3.445435196172975,0.0,4.195390695517491,2.7102201835733268e-08,0.0
1170,70260.0,70260,4.195089208656532,4.195089208656532,3.504869897241114,0.0,4.195089235760921,2.7104389442855507e-08,0.0
1171,70320.0,70320,4.194786012271994,4.194786012271994,3.5643003276293324,0.0,4.194786039378591,2.7106596080651787e-08,0.0
1172,70380.0,70380,4.194481079618299,4.194481079618299,3.623726462735431,0.0,4.194481106727121,2.7108821757621255e-08,0.0
1173,70440.0,70440,4.19417441105387,4.19417441105387,3.6831482779622626,0.0,4.194174438164937,2.7111066482234142e-08,0.0
1174,70500.0,70500,4.193866006951917,4.193866006951917,3.7425657487177597,0.0,4.193866034065247,2.711333026292615e-08,0.0
1175,70560.0,70560,4.193555867691488,4.193555867691488,3.8019788504151397,0.0,4.193555894807101,2.7115613108099726e-08,0.0
1176,70620.0,70620,4.193243993663175,4.193243993663175,3.8613875584729915,0.0,4.193244020781089,2.7117915026131867e-08,0.0
1177,70680.0,70680,4.192930385268015,4.192930385268015,3.920791848315437,0.0,4.192930412388251,2.7120236025351213e-08,0.0
1178,70740.0,70740,4.192615042914211,4.192615042914211,3.9801916953722776,0.0,4.192615070036787,2.712257611407216e-08,0.0
1179,70800.0,70800,4.19229796702037,4.19229796702037,4.039587075079101,0.0,4.192297994145305,2.7124935300565077e-08,0.0
1180,70860.0,70860,4.191979158014264,4.191979158014264,4.098977962877422,0.0,4.1919791851415775,2.712731359306968e-08,0.0
1181,70920.0,70920,154.0997878391555,4.0997878391555265,4.158364334214817,150.0,4.099787867935424,2.8779897268662635e-08,0.0
1182,70980.0,70980,154.09949397447275,4.099493974472747,4.216444661864249,150.0,4.099494003255246,2.8782499096693085e-08,0.0
1183,71040.0,71040,154.09920346130554,4.099203461305537,4.274520826430668,150.0,4.099203490090615,2.8785078155972476e-08,0.0
1184,71100.0,71100,154.09891629832103,4.0989162983210194,4.332592875393879,150.0,4.098916327108654,2.8787634434976087e-08,0.0
1185,71160.0,71160,154.09863248416946,4.09863248416945,4.390660856214803,150.0,4.098632512959617,2.879016792255863e-08,0.0
1186,71220.0,71220,154.09835201748663,4.09835201748663,4.448724816335239,150.0,4.098352046279308,2.8792678607962012e-08,0.0
1187,71280.0,71280,154.09807489688362,4.098074896883605,4.506784803177663,150.0,4.098074925678771,2.8795166480807606e-08,0.0
1188,71340.0,71340,154.09780112095885,4.097801120958827,4.56484086414487,150.0,4.097801149756459,2.879763153110526e-08,0.0
1189,71400.0,71400,154.09753068829352,4.097530688293494,4.622893046619804,150.0,4.0975307170935675,2.8800073749250752e-08,0.0
1190,71460.0,71460,154.09726359744772,4.097263597447706,4.680941397965307,150.0,4.097263626250199,2.8802493126022747e-08,0.0
1191,71520.0,71520,154.0969998469664,4.096999846966392,4.738985965523821,150.0,4.096999875771282,2.88048896525828e-08,0.0
1192,71580.0,71580,154.09673943537695,4.096739435376934,4.797026796617178,150.0,4.096739464184197,2.8807263320479672e-08,0.0
1193,71640.0,71640,154.09648236118562,4.096482361185609,4.855063938546345,150.0,4.096482389995224,2.8809614121651498e-08,0.0
1194,71700.0,71700,300.00000028806755,-149.99999971193247,4.913097438591128,450.0,3.489517880488973e-08,149.99999974682765,0.0
1195,71760.0,71760,300.00000028806545,-149.99999971193452,2.413097443305027,450.0,3.489519162533266e-08,149.9999997468297,0.0
1196,71820.0,71820,300.00000028806346,-149.99999971193654,-0.086902551981108,450.0,3.489520399144977e-08,149.99999974683175,0.0
1197,71880.0,71880,300.0000002880615,-149.9999997119385,-2.5869025472672766,450.0,3.489521590308393e-08,149.9999997468337,0.0
1198,71940.0,71940,300.00000028805965,-149.99999971194032,-5.086902542553478,450.0,3.4895227360092697e-08,149.99999974683556,0.0
1199,72000.0,72000,300.0000002880579,-149.99999971194208,-7.58690253783971,450.0,3.489523836230857e-08,149.99999974683735,0.0
1200,72060.0,72060,300.0000002875508,-134.99999971244924,-10.086902533125972,435.0,3.5121950419635176e-08,134.9999997475712,0.0
1201,72120.0,72120,300.0000001631981,1.6319807199905426e-07,-12.336902528421252,300.0,2.8895544361929893e-07,1.2575737159983012e-07,0.0
1202,72180.0,72180,300.00000016319865,1.6319863107641967e-07,-12.33690252642366,300.0,2.8895828967229307e-07,1.2575965857534317e-07,0.0
1203,72240.0,72240,199.07092568199,4.070925681989955,-12.336902524426069,195.0,4.070925711630911,2.964095644894865e-08,0.0
1204,72300.0,72300,4.18541201066731,4.18541201066731,-12.279231077338634,0.0,4.185412037842913,2.7175603000255007e-08,0.0
1205,72360.0,72360,4.185203128781127,4.185203128781127,-12.219937740588776,0.0,4.185203155957973,2.717684556347192e-08,0.0
1206,72420.0,72420,4.1849924938589655,4.1849924938589655,-12.160647362998974,0.0,4.184992521037072,2.7178107046325242e-08,0.0
1207,72480.0,72480,4.18478010576059,4.18478010576059,-12.101359969403903,0.0,4.184780132939976,2.7179387456501732e-08,0.0
1208,72540.0,72540,4.184565964355046,4.184565964355046,-12.042075584640232,0.0,4.184565991535734,2.7180686801662663e-08,0.0
1209,72600.0,72600,4.184350069520979,4.184350069520979,-11.982794233546475,0.0,4.184350096702984,2.7182005089426152e-08,0.0
1210,72660.0,72660,4.184132421145323,4.184132421145323,-11.92351594096287,0.0,4.184132448328665,2.7183342327396067e-08,0.0
1211,72720.0,72720,4.183913019127602,4.183913019127602,-11.864240731731257,0.0,4.183913046312301,2.7184698523127493e-08,0.0
1212,72780.0,72780,4.183691863373065,4.183691863373065,-11.8049686306949,0.0,4.183691890559139,2.7186073684145308e-08,0.0
1213,72840.0,72840,4.183468953798673,4.183468953798673,-11.745699662698403,0.0,4.183468980986142,2.718746781794632e-08,0.0
1214,72900.0,72900,4.183244290330222,4.183244290330222,-11.686433852587545,0.0,4.183244317519104,2.7188880931991087e-08,0.0
1215,72960.0,72960,4.183017872901526,4.183017872901526,-11.62717122520916,0.0,4.183017900091839,2.7190313033710374e-08,0.0
1216,73020.0,73020,4.182789701458106,4.182789701458106,-11.567911805411018,0.0,4.18278972864987,2.719176413050128e-08,0.0
1217,73080.0,73080,4.1825597759552995,4.1825597759552995,-11.508655618041663,0.0,4.182559803148534,2.719323422972335e-08,0.0
1218,73140.0,73140,4.182328096353911,4.182328096353911,-11.449402687950268,0.0,4.182328123548634,2.7194723338709795e-08,0.0
1219,73200.0,73200,4.182094662625748,4.182094662625748,-11.390153039986561,0.0,4.182094689821979,2.7196231464757993e-08,0.0
1220,73260.0,73260,4.181859474755008,4.181859474755008,-11.330906699000678,0.0,4.181859501952767,2.7197758615135114e-08,0.0
1221,73320.0,73320,4.181622532729346,4.181622532729346,-11.271663689842965,0.0,4.181622559928651,2.71993047970699e-08,0.0
1222,73380.0,73380,4.181383836552264,4.181383836552264,-11.212424037363952,0.0,4.181383863753135,2.7200870017764767e-08,0.0
1223,73440.0,73440,4.1811433862304055,4.1811433862304055,-11.153187766414119,0.0,4.18114341343286,2.7202454284384145e-08,0.0
1224,73500.0,73500,4.180901181784724,4.180901181784724,-11.09395490184385,0.0,4.180901208988781,2.7204057604066994e-08,0.0
1225,73560.0,73560,4.180657223241214,4.180657223241214,-11.03472546850323,0.0,4.180657250446894,2.7205679983910397e-08,0.0
1226,73620.0,73620,4.180411510635838,4.180411510635838,-10.975499491241981,0.0,4.18041153784316,2.7207321430988998e-08,0.0
1227,73680.0,73680,4.180164044018053,4.180164044018053,-10.916276994909312,0.0,4.180164071227035,2.7208981952330815e-08,0.0
1228,73740.0,73740,4.1799148234402965,4.179914823440296,-10.857058004353735,0.0,4.179914850650957,2.7210661554944878e-08,0.0
1229,73800.0,73800,154.08827417546703,4.088274175467042,-10.797842544423013,150.0,4.088274204337803,2.8870761447342002e-08,0.0
1230,73860.0,73860,154.0880386816362,4.088038681636182,-10.739925327009393,150.0,4.088038710508785,2.8872603201615718e-08,0.0
1231,73920.0,73920,154.08780649213125,4.087806492131222,-10.682011445758384,150.0,4.087806521005644,2.887442193140927e-08,0.0
1232,73980.0,73980,154.0875776054488,4.087577605448816,-10.624100853858698,150.0,4.087577634325033,2.8876217630334804e-08,0.0
1233,74040.0,74040,154.0873520200758,4.087352020075767,-10.566193504520351,150.0,4.087352048953758,2.8877990292396428e-08,0.0
1234,74100.0,74100,154.0871297344691,4.087129734469072,-10.508289350974795,150.0,4.087129763348812,2.887973991198933e-08,0.0
1235,74160.0,74160,154.0869107470766,4.086910747076561,-10.450388346475336,150.0,4.086910775958028,2.888146648389376e-08,0.0
1236,74220.0,74220,154.08669505632562,4.086695056325634,-10.392490444297279,150.0,4.086695085208803,2.8883170003277176e-08,0.0
1237,74280.0,74280,154.08648266062409,4.086482660624068,-10.334595597738192,150.0,4.086482689508918,2.888485046570373e-08,0.0
1238,74340.0,74340,154.08627355835978,4.086273558359756,-10.27670376011822,150.0,4.086273587246264,2.8886507867120473e-08,0.0
1239,74400.0,74400,154.08606774790474,4.086067747904739,-10.218814884780327,150.0,4.0860677767928815,2.8888142203868574e-08,0.0
1240,74460.0,74460,154.08586522761172,4.0858652276117,-10.160928925090552,150.0,4.085865256501453,2.888975347267899e-08,0.0
1241,74520.0,74520,154.08566599581653,4.085665995816521,-10.103045834438264,150.0,4.085666024707863,2.8891341670665147e-08,0.0
1242,74580.0,74580,154.0854700508333,4.085470050833294,-10.045165566236413,150.0,4.085470079726201,2.889290679534235e-08,0.0
1243,74640.0,74640,154.08527739095743,4.08527739095741,-9.987288073921828,150.0,4.0852774198518595,2.889444884460362e-08,0.0
1244,74700.0,74700,154.0850880144705,4.085088014470476,-9.92941331095549,150.0,4.085088043366444,2.8895967816740838e-08,0.0
1245,74760.0,74760,154.08490191962935,4.084901919629351,-9.87154123082272,150.0,4.084901948526814,2.8897463710441724e-08,0.0
1246,74820.0,74820,154.08471910467847,4.084719104678453,-9.813671787033535,150.0,4.08471913357739,2.8898936524766106e-08,0.0
1247,74880.0,74880,96.61599679044996,4.115996790450092,-9.755804933122825,92.49999999999986,4.1159968185218485,2.807175655014558e-08,0.0
1248,74940.0,74940,4.175648136866858,4.175648136866858,-9.697494978661616,0.0,4.175648164107479,2.724062104321292e-08,0.0
1249,75000.0,75000,4.175468272172387,4.175468272172387,-9.638339963457426,0.0,4.17546829941434,2.7241952951598775e-08,0.0
1250,75060.0,75060,4.175286631988129,4.175286631988129,-9.57918749633641,0.0,4.175286659231434,2.72433039798935e-08,0.0
1251,75120.0,75120,4.175103216373186,4.175103216373186,-9.52003760245134,0.0,4.17510324361786,2.724467413770694e-08,0.0
1252,75180.0,75180,4.174918025394417,4.174918025394417,-9.460890306954155,0.0,4.17491805264048,2.7246063434625613e-08,0.0
1253,75240.0,75240,4.174731059125707,4.174731059125707,-9.401745634995837,0.0,4.17473108637318,2.724747188020109e-08,0.0
1254,75300.0,75300,4.174542317653622,4.174542317653622,-9.342603611726329,0.0,4.174542344902521,2.7248899483954715e-08,0.0
1255,75360.0,75360,4.174351801071575,4.174351801071575,-9.283464262294345,0.0,4.174351828321921,2.725034625536985e-08,0.0
1256,75420.0,75420,4.17415950948173,4.17415950948173,-9.22432761184728,0.0,4.1741595367335425,2.7251812203911285e-08,0.0
1257,75480.0,75480,4.173965442996498,4.173965442996497,-9.165193685531072,0.0,4.173965470249795,2.725329733900368e-08,0.0
1258,75540.0,75540,4.173769601734832,4.173769601734832,-9.106062508490076,0.0,4.173769628989634,2.7254801670043194e-08,0.0
1259,75600.0,75600,4.173571985826256,4.173571985826256,-9.04693410586696,0.0,4.173572013082582,2.7256325206398795e-08,0.0
1260,75660.0,75660,4.173372595409185,4.173372595409185,-8.987808502802547,0.0,4.173372622667053,2.7257867957400595e-08,0.0
1261,75720.0,75720,4.173171430630867,4.173171430630867,-8.928685724435718,0.0,4.173171457890297,2.7259429932358858e-08,0.0
1262,75780.0,75780,4.172968491645222,4.172968491645221,-8.86956579590325,0.0,4.1729685189062335,2.7261011140540678e-08,0.0
1263,75840.0,75840,4.172763778617988,4.172763778617988,-8.810448742339752,0.0,4.1727638058805985,2.7262611591192855e-08,0.0
1264,75900.0,75900,4.172557291722261,4.172557291722261,-8.751334588877473,0.0,4.172557318986493,2.7264231293525503e-08,0.0
1265,75960.0,75960,4.172349031139798,4.172349031139798,-8.692223360646224,0.0,4.172349058405668,2.7265870256721107e-08,0.0
1266,76020.0,76020,4.172138997061019,4.172138997061019,-8.63311508277323,0.0,4.172139024328548,2.7267528489928484e-08,0.0
1267,76080.0,76080,4.171927189686305,4.171927189686305,-8.574009780383022,0.0,4.171927216955511,2.7269206002268388e-08,0.0
1268,76140.0,76140,4.171713609220932,4.171713609220932,-8.514907478597294,0.0,4.171713636491835,2.7270902802830925e-08,0.0
1269,76200.0,76200,4.171498255886039,4.171498255886039,-8.45580820253483,0.0,4.171498283158658,2.7272618900676423e-08,0.0
1270,76260.0,76260,4.1712811299057435,4.1712811299057435,-8.396711977311279,0.0,4.171281157180097,2.727435430483067e-08,0.0
1271,76320.0,76320,4.1710622315147665,4.171062231514767,-8.337618828039123,0.0,4.171062258790876,2.727610902429053e-08,0.0
1272,76380.0,76380,4.170841560954805,4.170841560954805,-8.278528779827507,0.0,4.170841588232688,2.7277883068025246e-08,0.0
1273,76440.0,76440,4.170619118478013,4.170619118478013,-8.219441857782163,0.0,4.17061914575769,2.7279676444969088e-08,0.0
1274,76500.0,76500,4.1703949043479716,4.1703949043479716,-8.160358087005246,0.0,4.170394931629461,2.7281489164029143e-08,0.0
1275,76560.0,76560,4.17016891882967,4.17016891882967,-8.101277492595175,0.0,4.170168946112991,2.7283321234083567e-08,0.0
1276,76620.0,76620,4.1699411622047435,4.1699411622047435,-8.042200099646617,0.0,4.169941189489916,2.7285172663969938e-08,0.0
1277,76680.0,76680,4.169711634756957,4.169711634756957,-7.9831259332502515,0.0,4.169711662044,2.72870434625103e-08,0.0
1278,76740.0,76740,4.1694803367827635,4.1694803367827635,-7.924055018492734,0.0,4.169480364071697,2.7288933638486546e-08,0.0
1279,76800.0,76800,4.169247268586077,4.169247268586077,-7.864987380456522,0.0,4.169247295876921,2.7290843200648194e-08,0.0
1280,76860.0,76860,4.169012430477661,4.169012430477661,-7.8059230442197665,0.0,4.1690124577704335,2.7292772157722324e-08,0.0
1281,76920.0,76920,4.168775822780896,4.168775822780896,-7.74686203485622,0.0,4.168775850075616,2.7294720518399745e-08,0.0
1282,76980.0,76980,4.168537445825076,4.168537445825076,-7.687804377435049,0.0,4.168537473121765,2.7296688291342782e-08,0.0
1283,77040.0,77040,4.168297299947699,4.168297299947699,-7.628750097020756,0.0,4.168297327246373,2.729867548518095e-08,0.0
1284,77100.0,77100,4.168055385495889,4.168055385495889,-7.569699218673066,0.0,4.168055412796571,2.7300682108518293e-08,0.0
1285,77160.0,77160,4.167811702826199,4.167811702826199,-7.510651767446781,0.0,4.167811730128908,2.7302708169920447e-08,0.0
1286,77220.0,77220,4.167566252299947,4.167566252299947,-7.451607768391654,0.0,4.167566279604701,2.7304753677931018e-08,0.0
1287,77280.0,77280,4.167319034291785,4.167319034291785,-7.3925672465523204,0.0,4.167319061598605,2.7306818641056934e-08,0.0
1288,77340.0,77340,4.167070049182104,4.167070049182104,-7.333530226968109,0.0,4.167070076491007,2.7308903067775757e-08,0.0
1289,77400.0,77400,4.166819297361713,4.166819297361713,-7.274496734672956,0.0,4.16681932467272,2.7311006966539592e-08,0.0
1290,77460.0,77460,4.166566779226948,4.166566779226948,-7.215466794695264,0.0,4.166566806540079,2.7313130345762118e-08,0.0
1291,77520.0,77520,4.166312495184804,4.166312495184804,-7.156440432057819,0.0,4.166312522500077,2.7315273213830253e-08,0.0
1292,77580.0,77580,4.166056445651912,4.166056445651912,-7.097417671777644,0.0,4.1660564729693474,2.7317435579097674e-08,0.0
1293,77640.0,77640,4.165798631052022,4.165798631052022,-7.038398538865857,0.0,4.1657986583716395,2.7319617449896907e-08,0.0
1294,77700.0,77700,4.165539051814074,4.165539051814074,-6.979383058327574,0.0,4.165539079135892,2.7321818834514726e-08,0.0
1295,77760.0,77760,4.16527770838089,4.16527770838089,-6.920371255161833,0.0,4.1652777357049295,2.7324039741222792e-08,0.0
1296,77820.0,77820,4.165014601201255,4.165014601201255,-6.861363154361402,0.0,4.165014628527535,2.732628017824528e-08,0.0
1297,77880.0,77880,4.164749730734373,4.164749730734373,-6.802358780912687,0.0,4.164749758062913,2.7328540153789534e-08,0.0
1298,77940.0,77940,4.164483097442148,4.164483097442148,-6.743358159795593,0.0,4.164483124772968,2.733081967603052e-08,0.0
1299,78000.0,78000,4.164214701801702,4.164214701801702,-6.684361315983478,0.0,4.164214729134822,2.7333118753101336e-08,0.0
1300,78060.0,78060,4.163944544296304,4.163944544296304,-6.625368274442941,0.0,4.163944571631742,2.733543739311738e-08,0.0
1301,78120.0,78120,4.163672625415194,4.163672625415194,-6.5663790601337375,0.0,4.16367265275297,2.73377756041539e-08,0.0
1302,78180.0,78180,4.163398945659271,4.163398945659271,-6.507393698008687,0.0,4.163398972999404,2.734013339425895e-08,0.0
1303,78240.0,78240,4.16312350553495,4.16312350553495,-6.448412213013519,0.0,4.163123532877461,2.7342510771456854e-08,0.0
1304,78300.0,78300,4.162846305558694,4.162846305558694,-6.389434630086785,0.0,4.1628463329036025,2.734490774372314e-08,0.0
1305,78360.0,78360,4.162567346256697,4.162567346256697,-6.33046097415972,0.0,4.162567373604022,2.734732431902126e-08,0.0
1306,78420.0,78420,4.1622866281611275,4.1622866281611275,-6.271491270156106,0.0,4.162286655510888,2.734976050526804e-08,0.0
1307,78480.0,78480,4.1620041518128215,4.1620041518128215,-6.212525542992186,0.0,4.162004179165038,2.735221631036218e-08,0.0
1308,78540.0,78540,4.161719917761658,4.161719917761658,-6.15356381757654,0.0,4.161719945116351,2.7354691742160077e-08,0.0
1309,78600.0,78600,4.161433926564841,4.161433926564841,-6.094606118809956,0.0,4.161433953922026,2.7357186808492658e-08,0.0
1310,78660.0,78660,4.161146178790651,4.161146178790651,-6.035652471585335,0.0,4.161146206150353,2.7359701517164945e-08,0.0
1311,78720.0,78720,4.1608566750099945,4.1608566750099945,-5.976702900787522,0.0,4.1608567023722305,2.73622358759388e-08,0.0
1312,78780.0,78780,4.160565415808928,4.160565415808928,-5.917757431293274,0.0,4.160565443173718,2.7364789892549318e-08,0.0
1313,78840.0,78840,4.160272401778276,4.160272401778276,-5.858816087971047,0.0,4.16027242914564,2.7367363574704396e-08,0.0
1314,78900.0,78900,4.1599776335149965,4.1599776335149965,-5.799878895680928,0.0,4.1599776608849535,2.736995693007741e-08,0.0
1315,78960.0,78960,4.159681111627146,4.159681111627146,-5.740945879274546,0.0,4.159681138999715,2.7372569966305888e-08,0.0
1316,79020.0,79020,4.159382836731479,4.159382836731479,-5.682017063594914,0.0,4.159382864106681,2.737520269100622e-08,0.0
1317,79080.0,79080,4.1590828094530625,4.1590828094530625,-5.623092473476311,0.0,4.159082836830917,2.737785511175163e-08,0.0
1318,79140.0,79140,4.158781030421651,4.158781030421651,-5.564172133744159,0.0,4.158781057802178,2.738052723608986e-08,0.0
1319,79200.0,79200,4.158477500279154,4.158477500279154,-5.5052560692149575,0.0,4.158477527662372,2.7383219071536295e-08,0.0
1320,79260.0,79260,4.158172219671947,4.158172219671947,-5.446344304696116,0.0,4.158172247057878,2.738593062557393e-08,0.0
1321,79320.0,79320,4.1578651892582545,4.1578651892582545,-5.387436864985882,0.0,4.1578652166469166,2.7388661905650366e-08,0.0
1322,79380.0,79380,4.157556409703887,4.157556409703887,-5.328533774873184,0.0,4.157556437095301,2.739141291918904e-08,0.0
1323,79440.0,79440,4.157245881679687,4.157245881679687,-5.269635059137511,0.0,4.15724590907387,2.7394183673574525e-08,0.0
1324,79500.0,79500,4.156933605869108,4.156933605869108,-5.2107407425488566,0.0,4.156933633266083,2.7396974176160323e-08,0.0
1325,79560.0,79560,4.15661958295993,4.15661958295993,-5.151850849867524,0.0,4.156619610359715,2.7399784434272308e-08,0.0
1326,79620.0,79620,300.0000001631092,1.6310918781677026e-07,-5.092965405844079,300.0,2.8928655261022186e-07,1.2617736476696433e-07,0.0
1327,79680.0,79680,300.00000016310537,1.6310536966542865e-07,-5.092965403848796,300.0,2.8928756355784125e-07,1.2618219386588906e-07,0.0
1328,79740.0,79740,300.00000016310196,1.6310194043015935e-07,-5.09296540185358,300.0,2.8928867386381603e-07,1.2618673340713483e-07,0.0
1329,79800.0,79800,300.0000001630989,1.6309888528111044e-07,-5.092965399858423,300.0,2.892898716226654e-07,1.261909863150107e-07,0.0
1330,79860.0,79860,300.0000001630962,1.6309617280343876e-07,-5.092965397863321,300.0,2.8929113172700546e-07,1.2619495889698963e-07,0.0
1331,79920.0,79920,300.0000001630939,1.630938571749317e-07,-5.0929653958682675,300.0,2.892924972386035e-07,1.2619864003707574e-07,0.0
1332,79980.0,79980,300.00000016309195,1.630919393832607e-07,-5.092965393873255,300.0,2.892939688651912e-07,1.2620202945534652e-07,0.0
1333,80040.0,80040,300.00000016309036,1.6309035530915104e-07,-5.09296539187828,300.0,2.892954954717698e-07,1.2620514013599507e-07,0.0
1334,80100.0,80100,292.1740610813325,2.1740610813322965,-5.092965389883333,290.00000000000017,2.1740611770161924,9.568389604465203e-08,0.0
1335,80160.0,80160,4.154202114834935,4.154202114834935,-5.0621661914703235,0.0,4.154202142255788,2.7420852242277814e-08,0.0
1336,80220.0,80220,4.154034643929811,4.154034643929811,-5.003314994912036,0.0,4.154034671352114,2.7422302246765648e-08,0.0
1337,80280.0,80280,4.153865404316218,4.153865404316218,-4.94446617085824,0.0,4.15386543173999,2.7423771665871265e-08,0.0
1338,80340.0,80340,4.153694396265771,4.153694396265771,-4.885619744365641,0.0,4.153694423691031,2.742526050540365e-08,0.0
1339,80400.0,80400,4.153521620061338,4.153521620061338,-4.826775740487094,0.0,4.153521647488107,2.7426768771146753e-08,0.0
1340,80460.0,80460,4.153347075993797,4.153347075993797,-4.7679341842714456,0.0,4.153347103422094,2.7428296468843507e-08,0.0
1341,80520.0,80520,4.153170764360204,4.153170764360204,-4.709095100763426,0.0,4.153170791790046,2.74298436042088e-08,0.0
1342,80580.0,80580,4.152992685468897,4.152992685468897,-4.650258515003552,0.0,4.152992712900307,2.743141018292383e-08,0.0
1343,80640.0,80640,4.152812839633882,4.152812839633882,-4.591424452027976,0.0,4.152812867066879,2.7432996210639168e-08,0.0
1344,80700.0,80700,4.152631227180314,4.152631227180314,-4.532592936868399,0.0,4.152631254614915,2.7434601692965224e-08,0.0
1345,80760.0,80760,4.1524478484398415,4.1524478484398415,-4.473763994551919,0.0,4.152447875876067,2.7436226635488243e-08,0.0
1346,80820.0,80820,4.152262703751236,4.152262703751236,-4.414937650100932,0.0,4.152262731189107,2.743787104375648e-08,0.0
1347,80880.0,80880,4.152075793463837,4.152075793463837,-4.3561139285330395,0.0,4.152075820903372,2.743953492328754e-08,0.0
1348,80940.0,80940,4.1518871179357335,4.1518871179357335,-4.297292854860888,0.0,4.151887145376952,2.7441218279562338e-08,0.0
1349,81000.0,81000,4.151696677528935,4.151696677528935,-4.2384744540920565,0.0,4.151696704971856,2.7442921118035892e-08,0.0
1350,81060.0,81060,4.151504472619843,4.151504472619843,-4.179658751228992,0.0,4.151504500064487,2.7444643444123495e-08,0.0
1351,81120.0,81120,4.151310503588761,4.151310503588761,-4.12084577126881,0.0,4.151310531035147,2.7446385263212828e-08,0.0
1352,81180.0,81180,4.1511147708261875,4.1511147708261875,-4.062035539203239,0.0,4.151114798274334,2.74481465806471e-08,0.0
1353,81240.0,81240,4.150917274729047,4.150917274729047,-4.003228080018476,0.0,4.150917302178975,2.7449927401754848e-08,0.0
1354,81300.0,81300,4.150718015704113,4.150718015704113,-3.9444234186950946,0.0,4.15071804315584,2.745172773181237e-08,0.0
1355,81360.0,81360,4.150516994167068,4.150516994167068,-3.8856215802079035,0.0,4.150517021620615,2.7453547576082162e-08,0.0
1356,81420.0,81420,4.15031421053932,4.15031421053932,-3.8268225895258254,0.0,4.1503142379947064,2.7455386939773616e-08,0.0
1357,81480.0,81480,4.150109665253065,4.150109665253065,-3.768026471611811,0.0,4.15010969271031,2.7457245828075835e-08,0.0
1358,81540.0,81540,4.1499033587467595,4.1499033587467595,-3.70923325142269,0.0,4.149903386205884,2.74591242461408e-08,0.0
1359,81600.0,81600,4.149695291467353,4.149695291467353,-3.6504429539090797,0.0,4.149695318928375,2.7461022199089854e-08,0.0
1360,81660.0,81660,4.1494854638727485,4.1494854638727485,-3.591655604015266,0.0,4.149485491335688,2.7462939692005903e-08,0.0
1361,81720.0,81720,4.149273876424708,4.149273876424708,-3.5328712266790476,0.0,4.1492739038895845,2.7464876729941212e-08,0.0
1362,81780.0,81780,4.149060529595696,4.149060529595696,-3.474089846831681,0.0,4.149060557062529,2.7466833317915248e-08,0.0
1363,81840.0,81840,4.1488454238660255,4.1488454238660255,-3.41531148939773,0.0,4.148845451334835,2.7468809460913794e-08,0.0
1364,81900.0,81900,4.1486285597242585,4.1486285597242585,-3.3565361792949546,0.0,4.148628587195064,2.7470805163882498e-08,0.0
1365,81960.0,81960,4.148409937667734,4.148409937667734,-3.297763941434192,0.0,4.148409965140554,2.7472820431744985e-08,0.0
1366,82020.0,82020,4.1481895581977355,4.1481895581977355,-3.2389948007192357,0.0,4.148189585672591,2.747485526938517e-08,0.0
1367,82080.0,82080,4.1479674218303195,4.1479674218303195,-3.1802287820467763,0.0,4.14796744930723,2.747690968165028e-08,0.0
1368,82140.0,82140,4.147743529086476,4.147743529086476,-3.1214659103061932,0.0,4.14774355656546,2.7478983673355156e-08,0.0
1369,82200.0,82200,4.147517880494282,4.147517880494282,-3.062706210379487,0.0,4.147517907975359,2.7481077249283574e-08,0.0
1370,82260.0,82260,4.147290476590344,4.147290476590344,-3.0039497071411754,0.0,4.147290504073534,2.7483190414188215e-08,0.0
1371,82320.0,82320,4.147061317921064,4.147061317921064,-2.945196425458174,0.0,4.147061345406387,2.7485323172779896e-08,0.0
1372,82380.0,82380,4.146830405039489,4.146830405039489,-2.8864463901896604,0.0,4.146830432526964,2.7487475529736624e-08,0.0
1373,82440.0,82440,4.146597738504897,4.146597738504897,-2.827699626186974,0.0,4.146597765994544,2.7489647489708353e-08,0.0
1374,82500.0,82500,4.14636331889196,4.14636331889196,-2.768956158293533,0.0,4.146363346383799,2.7491839057300565e-08,0.0
1375,82560.0,82560,4.146127146772798,4.146127146772798,-2.7102160113446145,0.0,4.146127174266848,2.7494050237098462e-08,0.0
1376,82620.0,82620,4.1458892227372734,4.1458892227372734,-2.6514792101673894,0.0,4.145889250233555,2.7496281033638038e-08,0.0
1377,82680.0,82680,4.145649547376175,4.145649547376175,-2.592745779580673,0.0,4.145649574874706,2.7498531451430666e-08,0.0
1378,82740.0,82740,4.145408121292425,4.145408121292425,-2.5340157443949116,0.0,4.145408148793226,2.7500801494951046e-08,0.0
1379,82800.0,82800,4.145164945097017,4.145164945097017,-2.4752891294120087,0.0,4.145164972600108,2.7503091168637607e-08,0.0
1380,82860.0,82860,300.0000001629716,1.6297158024657788e-07,-2.4165659594252134,300.0,2.893361595508838e-07,1.2636457927723504e-07,0.0
1381,82920.0,82920,300.00000016296775,1.6296773666800205e-07,-2.4165659574323484,300.0,2.893361466049816e-07,1.2636840990990864e-07,0.0
1382,82980.0,82980,300.0000001629643,1.6296427162473514e-07,-2.416565955439548,300.0,2.89336223142706e-07,1.2637195149089656e-07,0.0
1383,83040.0,83040,300.0000001629612,1.6296117941024067e-07,-2.416565953446805,300.0,2.893363845488586e-07,1.2637520511154182e-07,0.0
1384,83100.0,83100,300.0000001629585,1.629584623317985e-07,-2.416565951454114,300.0,2.893366325942153e-07,1.26378170235339e-07,0.0
1385,83160.0,83160,300.0000001629561,1.6295613020359476e-07,-2.416565949461469,300.0,2.893369750317707e-07,1.263808448011154e-07,0.0
1386,83220.0,83220,300.00000016295417,1.6295414315599648e-07,-2.4165659474688637,300.0,2.8933738006423225e-07,1.2638323688114417e-07,0.0
1387,83280.0,83280,300.0000001629526,1.6295254829314346e-07,-2.4165659454762927,300.0,2.893378851442328e-07,1.2638533682398394e-07,0.0
1388,83340.0,83340,297.24101282446327,2.2410128244637835,-2.416565943483749,294.99999999999943,2.241012890573801,6.611001771652286e-08,0.0
1389,83400.0,83400,4.143452706131313,4.143452706131313,-2.3848182619691087,0.0,4.143452733650175,2.7518862221302305e-08,0.0
1390,83460.0,83460,4.1433553480502825,4.1433553480502825,-2.326119348701033,0.0,4.143355375570028,2.751974536550652e-08,0.0
1391,83520.0,83520,4.143256226812597,4.143256226812597,-2.2674218146724416,0.0,4.143256254333245,2.7520647870255807e-08,0.0
1392,83580.0,83580,4.143155342609956,4.143155342609956,-2.2087256848613857,0.0,4.143155370131525,2.752156973843156e-08,0.0
1393,83640.0,83640,4.143052695640147,4.143052695640147,-2.150030984243203,0.0,4.143052723162659,2.7522510972874594e-08,0.0
1394,83700.0,83700,4.142948286111939,4.142948286111939,-2.091337737790429,0.0,4.142948313635411,2.7523471576386458e-08,0.0
1395,83760.0,83760,4.142842114241315,4.142842114241315,-2.0326459704726396,0.0,4.142842141765766,2.752445155175314e-08,0.0
1396,83820.0,83820,4.14273418025312,4.14273418025312,-1.9739557072563534,0.0,4.14273420777857,2.7525450901701507e-08,0.0
1397,83880.0,83880,4.1426244843794136,4.1426244843794136,-1.9152669731049021,0.0,4.1426245119058835,2.7526469628939855e-08,0.0
1398,83940.0,83940,4.14251302686304,4.14251302686304,-1.8565797929783312,0.0,4.142513054390548,2.7527507736131154e-08,0.0
1399,84000.0,84000,4.142399807949917,4.142399807949917,-1.7978941918332445,0.0,4.142399835478482,2.7528565225911616e-08,0.0
1400,84060.0,84060,4.142284827899337,4.142284827899337,-1.7392101946227632,0.0,4.142284855428979,2.752964210087342e-08,0.0
1401,84120.0,84120,4.142168086976075,4.142168086976075,-1.6805278262963348,0.0,4.142168114506813,2.753073836358543e-08,0.0
1402,84180.0,84180,4.142049585454013,4.142049585454013,-1.6218471117996551,0.0,4.1420496129858675,2.7531854016570335e-08,0.0
1403,84240.0,84240,4.141929323615793,4.141929323615793,-1.5631680760745408,0.0,4.141929351148782,2.7532989062316703e-08,0.0
1404,84300.0,84300,300.00000016292876,1.6292877058162354e-07,-1.504490744058804,300.0,2.893449618591888e-07,1.2641619125040286e-07,0.0
1405,84360.0,84360,300.0000001629272,1.6292718168712698e-07,-1.5044907420666747,300.0,2.893451345682452e-07,1.264179528539627e-07,0.0
1406,84420.0,84420,300.00000016292597,1.6292596984479872e-07,-1.5044907400745722,300.0,2.893453949594828e-07,1.2641942508751994e-07,0.0
1407,84480.0,84480,300.0000001629251,1.6292511973272966e-07,-1.5044907380824908,300.0,2.893457308043936e-07,1.264206110444929e-07,0.0
1408,84540.0,84540,300.00000016292466,1.6292464083432918e-07,-1.5044907360904243,300.0,2.893461496278223e-07,1.264215087662737e-07,0.0
1409,84600.0,84600,300.0000001629246,1.6292457732543592e-07,-1.5044907340983666,300.0,2.893466865787306e-07,1.2642210922611499e-07,0.0
1410,84660.0,84660,300.0000001629249,1.6292485471313095e-07,-1.5044907321063117,300.0,2.8934728233923036e-07,1.2642242759889386e-07,0.0
1411,84720.0,84720,300.0000001629255,1.6292550540060052e-07,-1.5044907301142536,300.0,2.893479626971869e-07,1.2642245726933764e-07,0.0
1412,84780.0,84780,300.0000001629266,1.629265721579152e-07,-1.5044907281221862,300.0,2.8934876169959795e-07,1.2642218951446512e-07,0.0
1413,84840.0,84840,287.65433323728263,2.654333237282629,-1.504490726130103,285.0,2.6543333061390673,6.885643859611976e-08,0.0
1414,84900.0,84900,4.14148423571818,4.14148423571818,-1.4668876721073947,0.0,4.141484263254882,2.7536701810746378e-08,0.0
1415,84960.0,84960,4.141524133173767,4.141524133173767,-1.4082166455035499,0.0,4.141524160710023,2.753625574735201e-08,0.0
1416,85020.0,85020,4.141562265012853,4.141562265012853,-1.34954505368575,0.0,4.141562292548683,2.7535829020623152e-08,0.0
1417,85080.0,85080,4.141598631048263,4.141598631048263,-1.2908729216668953,0.0,4.141598658583685,2.7535421631347174e-08,0.0
1418,85140.0,85140,4.1416332311011255,4.1416332311011255,-1.232200274462538,0.0,4.141633258636159,2.7535033580271295e-08,0.0
1419,85200.0,85200,4.141666065000672,4.141666065000672,-1.173527137090764,0.0,4.141666092535337,2.7534664868106905e-08,0.0
1420,85260.0,85260,4.141697132584658,4.141697132584658,-1.114853534572079,0.0,4.141697160118973,2.7534315495535617e-08,0.0
1421,85320.0,85320,4.141726433700277,4.141726433700277,-1.0561794919292866,0.0,4.141726461234262,2.753398546320018e-08,0.0
1422,85380.0,85380,4.141753968199275,4.141753968199275,-0.9975050341873554,0.0,4.14175399573295,2.7533674771705803e-08,0.0
1423,85440.0,85440,4.141779735945752,4.141779735945752,-0.9388301863733544,0.0,4.141779763479136,2.7533383421625306e-08,0.0
1424,85500.0,85500,4.141803736811103,4.141803736811103,-0.8801549735162775,0.0,4.141803764344215,2.7533111413493534e-08,0.0
1425,85560.0,85560,4.141825970670615,4.141825970670615,-0.8214794206469408,0.0,4.141825998203473,2.753285874781899e-08,0.0
1426,85620.0,85620,4.141846437414773,4.141846437414773,-0.762803552797927,0.0,4.141846464947398,2.753262542506399e-08,0.0
1427,85680.0,85680,4.141865136937453,4.141865136937453,-0.7041273950033703,0.0,4.141865164469864,2.753241144565676e-08,0.0
1428,85740.0,85740,4.141882069142992,4.141882069142992,-0.6454509722989086,0.0,4.141882096675209,2.7532216810000472e-08,0.0
1429,85800.0,85800,4.141897233941486,4.141897233941486,-0.5867743097215345,0.0,4.141897261473527,2.753204151845514e-08,0.0
1430,85860.0,85860,4.141910631255054,4.141910631255054,-0.5280974323095147,0.0,4.14191065878694,2.7531885571343226e-08,0.0
1431,85920.0,85920,4.141922261008773,4.141922261008773,-0.469420365102219,0.0,4.141922288540522,2.7531748968958258e-08,0.0
1432,85980.0,85980,4.141932123143459,4.141932123143459,-0.41074313314007854,0.0,4.14193215067509,2.7531631711557088e-08,0.0
1433,86040.0,86040,4.141940217601067,4.141940217601067,-0.3520657614643631,0.0,4.1419402451326,2.753153379936202e-08,0.0
1434,86100.0,86100,4.141946544333997,4.141946544333997,-0.29338827511716464,0.0,4.141946571865453,2.753145523255738e-08,0.0
1435,86160.0,86160,4.141951103304536,4.141951103304536,-0.23471069914124942,0.0,4.141951130835933,2.7531396011295112e-08,0.0
1436,86220.0,86220,4.141953894480978,4.141953894480978,-0.1760330585799181,0.0,4.141953922012334,2.753135613569134e-08,0.0
1437,86280.0,86280,4.141954917841404,4.141954917841404,-0.11735537847692042,0.0,4.141954945372739,2.7531335605826787e-08,0.0
1438,86340.0,86340,4.141954173372857,4.141954173372857,-0.05867768387631666,0.0,4.141954200904191,2.753133442174591e-08,0.0
1439,86400.0,86400,6.218715090016275e-11,6.21871525555921e-11,1.7764934139709095e-10,0.0,7.148553411739702e-08,7.142334689056269e-08,0.0
1440,,86460,,,,,,,
