,time,time_x,P_Grid,P_BTMS,E_BTMS,P_Charge,P_BTMS_Ch,P_BTMS_DCh,"param: btms size, a,b,c"
0,60.0,60,11.020096751437327,11.020096751437327,-5.2858342501559615e-17,0.0,11.020096751578372,-1.410438887998498e-10,175.94649739737272
1,120.0,120,11.020096751437336,11.020096751437336,0.1693421534135702,0.0,11.02009675157838,-1.4104380639823065e-10,0.26301369863013696
2,180.0,180,11.020096751437352,11.020096751437352,0.3386843068271406,0.0,11.020096751578397,-1.4104364159504464e-10,0.040740740740740744
3,240.0,240,11.020096751437377,11.020096751437377,0.5080264602407113,0.0,11.02009675157842,-1.410433943904666e-10,0.12
4,300.0,300,11.020096751437409,11.020096751437409,0.6773686136542825,0.0,11.020096751578452,-1.410430647846468e-10,0.0
5,360.0,360,11.02009675143745,11.02009675143745,0.846710767067854,0.0,11.020096751578494,-1.410426527779513e-10,0.0
6,420.0,420,11.020096751437501,11.020096751437501,1.0160529204814261,0.0,11.020096751578542,-1.410421583706546e-10,0.0
7,480.0,480,11.020096751437556,11.020096751437556,1.1853950738949992,0.0,11.020096751578599,-1.4104158156322393e-10,0.0
8,540.0,540,11.020096751437624,11.020096751437624,1.354737227308573,0.0,11.020096751578665,-1.4104092235615604e-10,0.0
9,600.0,600,11.020096751437697,11.020096751437697,1.5240793807221478,0.0,11.020096751578738,-1.4104018074996724e-10,0.0
10,660.0,660,11.02009675143778,11.02009675143778,1.6934215341357237,0.0,11.02009675157882,-1.4103935674534378e-10,0.0
11,720.0,720,11.020096751437869,11.020096751437869,1.862763687549301,0.0,11.020096751578908,-1.4103845034296207e-10,0.0
12,780.0,780,11.020096751437967,11.020096751437967,2.03210584096288,0.0,11.020096751579006,-1.4103746154359005e-10,0.0
13,840.0,840,11.020096751438075,11.020096751438075,2.2014479943764598,0.0,11.020096751579112,-1.410363903481035e-10,0.0
14,900.0,900,11.02009675143819,11.02009675143819,2.3707901477900415,0.0,11.020096751579226,-1.4103523675737655e-10,0.0
15,960.0,960,11.020096751438313,11.020096751438313,2.5401323012036254,0.0,11.020096751579347,-1.410340007724157e-10,0.0
16,1020.0,1020,11.020096751438444,11.020096751438444,2.7094744546172107,0.0,11.020096751579477,-1.4103268239430584e-10,0.0
17,1080.0,1080,11.020096751438583,11.020096751438583,2.878816608030798,0.0,11.020096751579615,-1.4103128162413353e-10,0.0
18,1140.0,1140,11.020096751438732,11.020096751438732,3.048158761444388,0.0,11.02009675157976,-1.4102979846308663e-10,0.0
19,1200.0,1200,11.020096751438889,11.020096751438889,3.2175009148579794,0.0,11.020096751579915,-1.4102823291247058e-10,0.0
20,1260.0,1260,11.020096751439052,11.020096751439052,3.3868430682715736,0.0,11.020096751580079,-1.4102658497360724e-10,0.0
21,1320.0,1320,11.020096751439224,11.020096751439224,3.556185221685171,0.0,11.02009675158025,-1.4102485464788543e-10,0.0
22,1380.0,1380,11.020096751439404,11.020096751439404,3.72552737509877,0.0,11.020096751580427,-1.4102304193680672e-10,0.0
23,1440.0,1440,11.020096751439594,11.020096751439594,3.894869528512372,0.0,11.020096751580615,-1.4102114684192327e-10,0.0
24,1500.0,1500,11.020096751439791,11.020096751439791,4.064211681925977,0.0,11.02009675158081,-1.410191693648576e-10,0.0
25,1560.0,1560,11.020096751439995,11.020096751439995,4.233553835339586,0.0,11.020096751581011,-1.4101710950725827e-10,0.0
26,1620.0,1620,11.020096751440208,11.020096751440208,4.402895988753197,0.0,11.020096751581224,-1.4101496727096016e-10,0.0
27,1680.0,1680,11.020096751440429,11.020096751440429,4.572238142166812,0.0,11.020096751581441,-1.4101274265773282e-10,0.0
28,1740.0,1740,11.020096751440658,11.020096751440658,4.741580295580429,0.0,11.020096751581669,-1.4101043566948627e-10,0.0
29,1800.0,1800,11.020096751440898,11.020096751440898,4.91092244899405,0.0,11.020096751581905,-1.410080463082155e-10,0.0
30,1860.0,1860,11.020096751441143,11.020096751441143,5.080264602407675,0.0,11.020096751582148,-1.4100557457594325e-10,0.0
31,1920.0,1920,11.020096751441395,11.020096751441395,5.249606755821304,0.0,11.020096751582399,-1.4100302047478545e-10,0.0
32,1980.0,1980,11.020096751441658,11.020096751441658,5.4189489092349366,0.0,11.02009675158266,-1.4100038400695115e-10,0.0
33,2040.0,2040,11.02009675144193,11.02009675144193,5.588291062648573,0.0,11.020096751582926,-1.4099766517467715e-10,0.0
34,2100.0,2100,11.020096751442207,11.020096751442207,5.757633216062214,0.0,11.020096751583202,-1.4099486398028194e-10,0.0
35,2160.0,2160,11.020096751442493,11.020096751442493,5.926975369475859,0.0,11.020096751583486,-1.40991980426169e-10,0.0
36,2220.0,2220,11.020096751442786,11.020096751442786,6.096317522889509,0.0,11.020096751583777,-1.4098901451480884e-10,0.0
37,2280.0,2280,11.02009675144309,11.02009675144309,6.265659676303163,0.0,11.020096751584077,-1.4098596624873394e-10,0.0
38,2340.0,2340,11.0200967514434,11.0200967514434,6.435001829716823,0.0,11.020096751584383,-1.4098283563056348e-10,0.0
39,2400.0,2400,11.02009675144372,11.02009675144372,6.604343983130486,0.0,11.020096751584699,-1.4097962266295744e-10,0.0
40,2460.0,2460,11.020096751444047,11.020096751444047,6.773686136544154,0.0,11.020096751585022,-1.4097632734869997e-10,0.0
41,2520.0,2520,11.020096751444381,11.020096751444381,6.943028289957828,0.0,11.020096751585355,-1.4097294969054588e-10,0.0
42,2580.0,2580,11.020096751444724,11.020096751444724,7.112370443371507,0.0,11.020096751585694,-1.4096948969147048e-10,0.0
43,2640.0,2640,11.020096751445074,11.020096751445074,7.281712596785192,0.0,11.020096751586042,-1.4096594735438865e-10,0.0
44,2700.0,2700,11.020096751445434,11.020096751445434,7.451054750198881,0.0,11.020096751586395,-1.4096232268232964e-10,0.0
45,2760.0,2760,11.0200967514458,11.0200967514458,7.620396903612577,0.0,11.020096751586761,-1.4095861567842402e-10,0.0
46,2820.0,2820,11.020096751446177,11.020096751446177,7.789739057026277,0.0,11.02009675158713,-1.409548263458383e-10,0.0
47,2880.0,2880,11.02009675144656,11.02009675144656,7.959081210439983,0.0,11.020096751587511,-1.4095095468779286e-10,0.0
48,2940.0,2940,11.020096751446951,11.020096751446951,8.128423363853697,0.0,11.020096751587898,-1.4094700070764377e-10,0.0
49,3000.0,3000,11.02009675144735,11.02009675144735,8.297765517267415,0.0,11.020096751588294,-1.409429644087634e-10,0.0
50,3060.0,3060,11.020096751447756,11.020096751447756,8.46710767068114,0.0,11.020096751588696,-1.4093884579458787e-10,0.0
51,3120.0,3120,11.020096751448172,11.020096751448172,8.63644982409487,0.0,11.020096751589108,-1.4093464486868067e-10,0.0
52,3180.0,3180,11.020096751448596,11.020096751448596,8.805791977508607,0.0,11.020096751589527,-1.4093036163463315e-10,0.0
53,3240.0,3240,11.020096751449026,11.020096751449026,8.97513413092235,0.0,11.020096751589953,-1.409259960961134e-10,0.0
54,3300.0,3300,11.020096751449467,11.020096751449467,9.144476284336099,0.0,11.020096751590389,-1.409215482568729e-10,0.0
55,3360.0,3360,11.020096751449913,11.020096751449913,9.313818437749855,0.0,11.020096751590831,-1.4091701812072025e-10,0.0
56,3420.0,3420,11.02009675145037,11.02009675145037,9.48316059116362,0.0,11.020096751591282,-1.4091240569152125e-10,0.0
57,3480.0,3480,11.020096751450833,11.020096751450833,9.65250274457739,0.0,11.02009675159174,-1.4090771097326918e-10,0.0
58,3540.0,3540,11.020096751451302,11.020096751451302,9.82184489799117,0.0,11.020096751592206,-1.4090293396998834e-10,0.0
59,3600.0,3600,11.020096751451781,11.020096751451781,9.991187051404953,0.0,11.02009675159268,-1.4089807468575037e-10,0.0
60,3660.0,3660,11.02009675145227,11.02009675145227,10.160529204818745,0.0,11.020096751593162,-1.408931331247512e-10,0.0
61,3720.0,3720,11.020096751452764,11.020096751452764,10.329871358232547,0.0,11.020096751593652,-1.4088810929118829e-10,0.0
62,3780.0,3780,11.020096751453266,11.020096751453266,10.499213511646355,0.0,11.02009675159415,-1.4088300318946992e-10,0.0
63,3840.0,3840,11.020096751453776,11.020096751453776,10.66855566506017,0.0,11.020096751594654,-1.4087781482389324e-10,0.0
64,3900.0,3900,11.020096751454295,11.020096751454295,10.83789781847399,0.0,11.020096751595167,-1.4087254419894006e-10,0.0
65,3960.0,3960,11.020096751454822,11.020096751454822,11.007239971887822,0.0,11.02009675159569,-1.4086719131916078e-10,0.0
66,4020.0,4020,11.020096751455355,11.020096751455355,11.176582125301662,0.0,11.020096751596217,-1.4086175618912378e-10,0.0
67,4080.0,4080,11.020096751455897,11.020096751455897,11.34592427871551,0.0,11.020096751596753,-1.4085623881351024e-10,0.0
68,4140.0,4140,11.020096751456446,11.020096751456446,11.515266432129366,0.0,11.020096751597297,-1.4085063919708622e-10,0.0
69,4200.0,4200,11.020096751457004,11.020096751457004,11.68460858554323,0.0,11.02009675159785,-1.4084495734461943e-10,0.0
70,4260.0,4260,11.020096751457569,11.020096751457569,11.853950738957103,0.0,11.020096751598409,-1.4083919326104103e-10,0.0
71,4320.0,4320,11.020096751458142,11.020096751458142,12.023292892370986,0.0,11.020096751598976,-1.408333469512854e-10,0.0
72,4380.0,4380,11.020096751458723,11.020096751458723,12.192635045784876,0.0,11.020096751599551,-1.4082741842038489e-10,0.0
73,4440.0,4440,11.020096751459313,11.020096751459313,12.361977199198774,0.0,11.020096751600134,-1.4082140767345044e-10,0.0
74,4500.0,4500,11.02009675145991,11.02009675145991,12.531319352612684,0.0,11.020096751600724,-1.4081531471563043e-10,0.0
75,4560.0,4560,11.020096751460514,11.020096751460514,12.7006615060266,0.0,11.020096751601322,-1.408091395521844e-10,0.0
76,4620.0,4620,11.020096751461125,11.020096751461125,12.870003659440526,0.0,11.02009675160193,-1.408028821884323e-10,0.0
77,4680.0,4680,11.020096751461745,11.020096751461745,13.039345812854462,0.0,11.02009675160254,-1.4079654262976933e-10,0.0
78,4740.0,4740,11.020096751462372,11.020096751462372,13.208687966268409,0.0,11.020096751603162,-1.4079012088165108e-10,0.0
79,4800.0,4800,11.020096751463008,11.020096751463008,13.378030119682364,0.0,11.020096751603791,-1.4078361694958217e-10,0.0
80,4860.0,4860,11.02009675146365,11.02009675146365,13.54737227309633,0.0,11.020096751604427,-1.407770308392224e-10,0.0
81,4920.0,4920,11.020096751464301,11.020096751464301,13.716714426510304,0.0,11.020096751605072,-1.407703625561761e-10,0.0
82,4980.0,4980,11.020096751464958,11.020096751464958,13.88605657992429,0.0,11.020096751605722,-1.4076361210625828e-10,0.0
83,5040.0,5040,11.020096751465623,11.020096751465623,14.055398733338285,0.0,11.020096751606381,-1.4075677949527098e-10,0.0
84,5100.0,5100,11.020096751466298,11.020096751466298,14.22474088675229,0.0,11.020096751607047,-1.407498647290717e-10,0.0
85,5160.0,5160,11.020096751466978,11.020096751466978,14.394083040166306,0.0,11.020096751607722,-1.4074286781368793e-10,0.0
86,5220.0,5220,11.020096751467667,11.020096751467667,14.563425193580331,0.0,11.020096751608403,-1.4073578875511446e-10,0.0
87,5280.0,5280,11.020096751468362,11.020096751468362,14.732767346994367,0.0,11.020096751609092,-1.4072862755947023e-10,0.0
88,5340.0,5340,11.020096751469065,11.020096751469065,14.902109500408415,0.0,11.020096751609788,-1.4072138423293631e-10,0.0
89,5400.0,5400,11.020096751469778,11.020096751469778,15.071451653822475,0.0,11.020096751610492,-1.40714058781764e-10,0.0
90,5460.0,5460,11.020096751470495,11.020096751470495,15.240793807236543,0.0,11.020096751611202,-1.407066512122798e-10,0.0
91,5520.0,5520,11.020096751471222,11.020096751471222,15.410135960650624,0.0,11.020096751611922,-1.4069916153091307e-10,0.0
92,5580.0,5580,11.020096751471957,11.020096751471957,15.579478114064717,0.0,11.020096751612648,-1.406915897440998e-10,0.0
93,5640.0,5640,11.020096751472698,11.020096751472698,15.748820267478818,0.0,11.020096751613382,-1.4068393585839027e-10,0.0
94,5700.0,5700,11.020096751473446,11.020096751473446,15.918162420892932,0.0,11.020096751614123,-1.4067619988042303e-10,0.0
95,5760.0,5760,11.020096751474203,11.020096751474203,16.087504574307058,0.0,11.02009675161487,-1.4066838181688238e-10,0.0
96,5820.0,5820,11.020096751474966,11.020096751474966,16.256846727721193,0.0,11.020096751615625,-1.4066048167452287e-10,0.0
97,5880.0,5880,11.020096751475737,11.020096751475737,16.426188881135342,0.0,11.02009675161639,-1.406524994601922e-10,0.0
98,5940.0,5940,11.020096751476515,11.020096751476515,16.595531034549502,0.0,11.020096751617158,-1.4064443518077562e-10,0.0
99,6000.0,6000,11.0200967514773,11.0200967514773,16.764873187963676,0.0,11.020096751617938,-1.4063628884326133e-10,0.0
100,6060.0,6060,11.020096751478095,11.020096751478095,16.93421534137786,0.0,11.020096751618722,-1.4062806045473556e-10,0.0
101,6120.0,6120,11.020096751478894,11.020096751478894,17.10355749479206,0.0,11.020096751619516,-1.406197500223009e-10,0.0
102,6180.0,6180,11.020096751479702,11.020096751479702,17.272899648206273,0.0,11.020096751620313,-1.4061135755314162e-10,0.0
103,6240.0,6240,11.020096751480517,11.020096751480517,17.442241801620494,0.0,11.02009675162112,-1.4060288305456122e-10,0.0
104,6300.0,6300,11.02009675148134,11.02009675148134,17.611583955034728,0.0,11.020096751621935,-1.4059432653392048e-10,0.0
105,6360.0,6360,11.02009675148217,11.02009675148217,17.780926108448973,0.0,11.020096751622756,-1.4058568799858502e-10,0.0
106,6420.0,6420,11.020096751483006,11.020096751483006,17.950268261863233,0.0,11.020096751623583,-1.4057696745610512e-10,0.0
107,6480.0,6480,11.020096751483852,11.020096751483852,18.119610415277506,0.0,11.020096751624418,-1.405681649140212e-10,0.0
108,6540.0,6540,11.020096751484703,11.020096751484703,18.28895256869179,0.0,11.020096751625262,-1.405592803799734e-10,0.0
109,6600.0,6600,11.02009675148556,11.02009675148556,18.458294722106093,0.0,11.020096751626111,-1.4055031386167212e-10,0.0
110,6660.0,6660,11.020096751486427,11.020096751486427,18.627636875520402,0.0,11.020096751626967,-1.4054126536691596e-10,0.0
111,6720.0,6720,11.020096751487301,11.020096751487301,18.796979028934725,0.0,11.020096751627833,-1.4053213490357706e-10,0.0
112,6780.0,6780,11.020096751488179,11.020096751488179,18.966321182349066,0.0,11.020096751628703,-1.405229224795864e-10,0.0
113,6840.0,6840,11.020096751489067,11.020096751489067,19.135663335763418,0.0,11.020096751629582,-1.4051362810290927e-10,0.0
114,6900.0,6900,11.020096751489962,11.020096751489962,19.305005489177784,0.0,11.020096751630467,-1.4050425178169388e-10,0.0
115,6960.0,6960,11.020096751490865,11.020096751490865,19.47434764259216,0.0,11.020096751631359,-1.40494793524051e-10,0.0
116,7020.0,7020,11.020096751491772,11.020096751491772,19.643689796006555,0.0,11.020096751632257,-1.4048525333823177e-10,0.0
117,7080.0,7080,11.020096751492689,11.020096751492689,19.81303194942096,0.0,11.020096751633165,-1.4047563123252337e-10,0.0
118,7140.0,7140,11.020096751493611,11.020096751493611,19.982374102835383,0.0,11.020096751634076,-1.404659272153208e-10,0.0
119,7200.0,7200,11.020096751494542,11.020096751494542,20.15171625624982,0.0,11.020096751634998,-1.4045614129505658e-10,0.0
120,7260.0,7260,11.020096751495478,11.020096751495478,20.321058409664268,0.0,11.020096751635924,-1.4044627348028428e-10,0.0
121,7320.0,7320,11.020096751496421,11.020096751496421,20.490400563078733,0.0,11.020096751636856,-1.404363237795818e-10,0.0
122,7380.0,7380,11.020096751497373,11.020096751497373,20.659742716493213,0.0,11.0200967516378,-1.404262922016432e-10,0.0
123,7440.0,7440,11.02009675149833,11.02009675149833,20.829084869907707,0.0,11.020096751638746,-1.404161787552049e-10,0.0
124,7500.0,7500,11.020096751499294,11.020096751499294,20.99842702332222,0.0,11.0200967516397,-1.404059834490949e-10,0.0
125,7560.0,7560,11.020096751500265,11.020096751500265,21.167769176736737,0.0,11.020096751640663,-1.4039570629220002e-10,0.0
126,7620.0,7620,11.020096751501244,11.020096751501244,21.337111330151277,0.0,11.02009675164163,-1.4038534729350832e-10,0.0
127,7680.0,7680,11.020096751502228,11.020096751502228,21.506453483565828,0.0,11.020096751642605,-1.403749064620259e-10,0.0
128,7740.0,7740,11.020096751503221,11.020096751503221,21.675795636980396,0.0,11.020096751643585,-1.4036438380696793e-10,0.0
129,7800.0,7800,11.02009675150422,11.02009675150422,21.845137790394983,0.0,11.020096751644575,-1.4035377933744836e-10,0.0
130,7860.0,7860,11.020096751505227,11.020096751505227,22.014479943809583,0.0,11.02009675164557,-1.4034309306274935e-10,0.0
131,7920.0,7920,11.02009675150624,11.02009675150624,22.183822097224194,0.0,11.020096751646571,-1.4033232499222338e-10,0.0
132,7980.0,7980,11.020096751507259,11.020096751507259,22.353164250638823,0.0,11.02009675164758,-1.4032147513530624e-10,0.0
133,8040.0,8040,11.020096751508284,11.020096751508284,22.52250640405347,0.0,11.020096751648595,-1.4031054350151215e-10,0.0
134,8100.0,8100,11.020096751509316,11.020096751509316,22.691848557468134,0.0,11.020096751649618,-1.402995301003455e-10,0.0
135,8160.0,8160,11.020096751510355,11.020096751510355,22.861190710882813,0.0,11.020096751650645,-1.402884349415084e-10,0.0
136,8220.0,8220,11.020096751511403,11.020096751511403,23.030532864297502,0.0,11.02009675165168,-1.4027725803470952e-10,0.0
137,8280.0,8280,11.020096751512455,11.020096751512455,23.199875017712216,0.0,11.020096751652721,-1.4026599938971632e-10,0.0
138,8340.0,8340,11.020096751513513,11.020096751513513,23.369217171126937,0.0,11.020096751653767,-1.402546590164433e-10,0.0
139,8400.0,8400,11.02009675151458,11.02009675151458,23.538559324541684,0.0,11.020096751654822,-1.4024323692482787e-10,0.0
140,8460.0,8460,11.020096751515652,11.020096751515652,23.707901477956437,0.0,11.020096751655883,-1.40231733124863e-10,0.0
141,8520.0,8520,11.02009675151673,11.02009675151673,23.877243631371215,0.0,11.020096751656952,-1.4022014762669028e-10,0.0
142,8580.0,8580,11.020096751517817,11.020096751517817,24.046585784786007,0.0,11.020096751658025,-1.402084804404432e-10,0.0
143,8640.0,8640,11.020096751518908,11.020096751518908,24.215927938200817,0.0,11.020096751659105,-1.4019673157641207e-10,0.0
144,8700.0,8700,11.020096751520006,11.020096751520006,24.38527009161564,0.0,11.020096751660192,-1.4018490104488068e-10,0.0
145,8760.0,8760,11.02009675152111,11.02009675152111,24.554612245030484,0.0,11.020096751661285,-1.401729888562684e-10,0.0
146,8820.0,8820,11.020096751522225,11.020096751522225,24.72395439844534,0.0,11.020096751662384,-1.4016099502105839e-10,0.0
147,8880.0,8880,11.020096751523342,11.020096751523342,24.89329655186022,0.0,11.020096751663491,-1.4014891954977293e-10,0.0
148,8940.0,8940,11.020096751524466,11.020096751524466,25.062638705275113,0.0,11.020096751664601,-1.401367624530945e-10,0.0
149,9000.0,9000,11.020096751525596,11.020096751525596,25.231980858690022,0.0,11.02009675166572,-1.401245237417023e-10,0.0
150,9060.0,9060,11.020096751526733,11.020096751526733,25.40132301210495,0.0,11.020096751666845,-1.4011220342634412e-10,0.0
151,9120.0,9120,11.020096751527875,11.020096751527875,25.570665165519898,0.0,11.020096751667975,-1.400998015179132e-10,0.0
152,9180.0,9180,11.020096751529026,11.020096751529026,25.74000731893486,0.0,11.020096751669112,-1.4008731802734033e-10,0.0
153,9240.0,9240,11.020096751530179,11.020096751530179,25.90934947234984,0.0,11.020096751670255,-1.4007475296564785e-10,0.0
154,9300.0,9300,11.020096751531343,11.020096751531343,26.078691625764844,0.0,11.020096751671405,-1.4006210634387927e-10,0.0
155,9360.0,9360,11.02009675153251,11.02009675153251,26.24803377917986,0.0,11.02009675167256,-1.4004937817323989e-10,0.0
156,9420.0,9420,11.020096751533686,11.020096751533686,26.417375932594894,0.0,11.020096751673721,-1.4003656846498567e-10,0.0
157,9480.0,9480,11.020096751534865,11.020096751534865,26.58671808600994,0.0,11.020096751674888,-1.4002367723036607e-10,0.0
158,9540.0,9540,11.020096751536052,11.020096751536052,26.756060239425015,0.0,11.020096751676062,-1.4001070448083144e-10,0.0
159,9600.0,9600,11.020096751537245,11.020096751537245,26.925402392840102,0.0,11.020096751677242,-1.3999765022779456e-10,0.0
160,9660.0,9660,11.020096751538443,11.020096751538443,27.094744546255207,0.0,11.020096751678427,-1.3998451448287255e-10,0.0
161,9720.0,9720,11.020096751539649,11.020096751539649,27.264086699670333,0.0,11.020096751679619,-1.3997129725765787e-10,0.0
162,9780.0,9780,11.020096751540859,11.020096751540859,27.433428853085477,0.0,11.020096751680818,-1.399579985638248e-10,0.0
163,9840.0,9840,11.020096751542075,11.020096751542075,27.602771006500642,0.0,11.02009675168202,-1.399446184131979e-10,0.0
164,9900.0,9900,11.020096751543297,11.020096751543297,27.772113159915826,0.0,11.02009675168323,-1.399311568176066e-10,0.0
165,9960.0,9960,11.020096751544527,11.020096751544527,27.941455313331023,0.0,11.020096751684445,-1.3991761378900778e-10,0.0
166,10020.0,10020,11.020096751545761,11.020096751545761,28.110797466746245,0.0,11.020096751685665,-1.399039893393927e-10,0.0
167,10080.0,10080,11.020096751547003,11.020096751547003,28.280139620161485,0.0,11.020096751686893,-1.3989028348082115e-10,0.0
168,10140.0,10140,11.020096751548248,11.020096751548248,28.44948177357674,0.0,11.020096751688124,-1.3987649622553106e-10,0.0
169,10200.0,10200,11.0200967515495,11.0200967515495,28.618823926992015,0.0,11.020096751689362,-1.3986262758568848e-10,0.0
170,10260.0,10260,11.020096751550758,11.020096751550758,28.78816608040731,0.0,11.020096751690607,-1.3984867757367353e-10,0.0
171,10320.0,10320,11.020096751552021,11.020096751552021,28.957508233822626,0.0,11.020096751691858,-1.3983464620186948e-10,0.0
172,10380.0,10380,11.020096751553293,11.020096751553293,29.12685038723796,0.0,11.020096751693112,-1.3982053348271526e-10,0.0
173,10440.0,10440,11.020096751554568,11.020096751554568,29.296192540653315,0.0,11.020096751694373,-1.3980633942884098e-10,0.0
174,10500.0,10500,11.020096751555847,11.020096751555847,29.46553469406869,0.0,11.02009675169564,-1.3979206405281943e-10,0.0
175,10560.0,10560,11.020096751557134,11.020096751557134,29.63487684748408,0.0,11.020096751696911,-1.3977770736736408e-10,0.0
176,10620.0,10620,11.020096751558427,11.020096751558427,29.804219000899497,0.0,11.02009675169819,-1.3976326938530268e-10,0.0
177,10680.0,10680,11.020096751559723,11.020096751559723,29.97356115431493,0.0,11.020096751699473,-1.397487501194548e-10,0.0
178,10740.0,10740,11.020096751561027,11.020096751561027,30.142903307730382,0.0,11.020096751700763,-1.3973414958280347e-10,0.0
179,10800.0,10800,11.020096751562338,11.020096751562338,30.312245461145856,0.0,11.020096751702056,-1.3971946778838064e-10,0.0
180,10860.0,10860,11.020096751563651,11.020096751563651,30.48158761456135,0.0,11.020096751703356,-1.397047047492625e-10,0.0
181,10920.0,10920,11.02009675156497,11.02009675156497,30.650929767976862,0.0,11.020096751704662,-1.3968986047864603e-10,0.0
182,10980.0,10980,11.020096751566298,11.020096751566298,30.820271921392393,0.0,11.020096751705971,-1.3967493498978872e-10,0.0
183,11040.0,11040,11.020096751567626,11.020096751567626,30.989614074807946,0.0,11.020096751707287,-1.3965992829601831e-10,0.0
184,11100.0,11100,11.020096751568964,11.020096751568964,31.15895622822352,0.0,11.020096751708609,-1.3964484041078676e-10,0.0
185,11160.0,11160,11.020096751570307,11.020096751570307,31.328298381639115,0.0,11.020096751709936,-1.3962967134757208e-10,0.0
186,11220.0,11220,11.020096751571653,11.020096751571653,31.49764053505473,0.0,11.020096751711268,-1.3961442111995691e-10,0.0
187,11280.0,11280,11.020096751573005,11.020096751573005,31.666982688470362,0.0,11.020096751712606,-1.3959908974155822e-10,0.0
188,11340.0,11340,11.020096751574362,11.020096751574362,31.83632484188602,0.0,11.020096751713947,-1.3958367722616777e-10,0.0
189,11400.0,11400,11.020096751575725,11.020096751575725,32.0056669953017,0.0,11.020096751715295,-1.3956818358758874e-10,0.0
190,11460.0,11460,11.020096751577094,11.020096751577094,32.17500914871739,0.0,11.020096751716647,-1.3955260883970116e-10,0.0
191,11520.0,11520,11.020096751578468,11.020096751578468,32.34435130213312,0.0,11.020096751718004,-1.3953695299649287e-10,0.0
192,11580.0,11580,11.020096751579844,11.020096751579844,32.51369345554886,0.0,11.020096751719366,-1.3952121607200887e-10,0.0
193,11640.0,11640,11.02009675158123,11.02009675158123,32.68303560896462,0.0,11.020096751720734,-1.3950539808039385e-10,0.0
194,11700.0,11700,11.020096751582619,11.020096751582619,32.85237776238041,0.0,11.020096751722107,-1.3948949903584319e-10,0.0
195,11760.0,11760,11.020096751584012,11.020096751584012,33.02171991579622,0.0,11.020096751723486,-1.394735189526568e-10,0.0
196,11820.0,11820,11.02009675158541,11.02009675158541,33.191062069212045,0.0,11.020096751724868,-1.3945745784523913e-10,0.0
197,11880.0,11880,11.020096751586813,11.020096751586813,33.3604042226279,0.0,11.020096751726255,-1.3944131572801593e-10,0.0
198,11940.0,11940,11.020096751588222,11.020096751588222,33.52974637604377,0.0,11.020096751727648,-1.3942509261550767e-10,0.0
199,12000.0,12000,11.020096751589636,11.020096751589636,33.69908852945966,0.0,11.020096751729046,-1.3940878852237866e-10,0.0
200,12060.0,12060,11.020096751591055,11.020096751591055,33.86843068287558,0.0,11.020096751730447,-1.3939240346325229e-10,0.0
201,12120.0,12120,11.020096751592478,11.020096751592478,34.03777283629151,0.0,11.020096751731854,-1.393759374529791e-10,0.0
202,12180.0,12180,11.020096751593906,11.020096751593906,34.20711498970746,0.0,11.020096751733266,-1.3935939050637045e-10,0.0
203,12240.0,12240,11.02009675159534,11.02009675159534,34.37645714312344,0.0,11.020096751734682,-1.3934276263837652e-10,0.0
204,12300.0,12300,11.020096751596778,11.020096751596778,34.54579929653944,0.0,11.020096751736105,-1.3932605386401286e-10,0.0
205,12360.0,12360,11.02009675159822,11.02009675159822,34.71514144995546,0.0,11.02009675173753,-1.393092641983882e-10,0.0
206,12420.0,12420,11.020096751599668,11.020096751599668,34.88448360337151,0.0,11.020096751738961,-1.3929239365668147e-10,0.0
207,12480.0,12480,11.02009675160112,11.02009675160112,35.053825756787575,0.0,11.020096751740397,-1.3927544225414352e-10,0.0
208,12540.0,12540,11.020096751602576,11.020096751602576,35.223167910203664,0.0,11.020096751741834,-1.3925841000613796e-10,0.0
209,12600.0,12600,11.020096751604038,11.020096751604038,35.392510063619774,0.0,11.02009675174328,-1.3924129692803975e-10,0.0
210,12660.0,12660,11.020096751605504,11.020096751605504,35.561852217035906,0.0,11.020096751744727,-1.392241030354086e-10,0.0
211,12720.0,12720,11.020096751606975,11.020096751606975,35.73119437045206,0.0,11.020096751746182,-1.3920682834380088e-10,0.0
212,12780.0,12780,11.02009675160845,11.02009675160845,35.90053652386825,0.0,11.02009675174764,-1.3918947286890856e-10,0.0
213,12840.0,12840,11.020096751609929,11.020096751609929,36.06987867728445,0.0,11.0200967517491,-1.3917203662645472e-10,0.0
214,12900.0,12900,11.020096751611414,11.020096751611414,36.239220830700674,0.0,11.020096751750568,-1.3915451963229475e-10,0.0
215,12960.0,12960,11.0200967516129,11.0200967516129,36.40856298411693,0.0,11.020096751752039,-1.3913692190233956e-10,0.0
216,13020.0,13020,11.020096751614394,11.020096751614394,36.5779051375332,0.0,11.020096751753513,-1.3911924345256873e-10,0.0
217,13080.0,13080,11.02009675161589,11.02009675161589,36.74724729094949,0.0,11.020096751754993,-1.3910148429905985e-10,0.0
218,13140.0,13140,11.020096751617393,11.020096751617393,36.916589444365805,0.0,11.020096751756476,-1.3908364445802617e-10,0.0
219,13200.0,13200,11.0200967516189,11.0200967516189,37.08593159778215,0.0,11.020096751757965,-1.390657239456057e-10,0.0
220,13260.0,13260,11.020096751620407,11.020096751620407,37.25527375119851,0.0,11.020096751759455,-1.3904772277822407e-10,0.0
221,13320.0,13320,11.020096751621923,11.020096751621923,37.424615904614896,0.0,11.020096751760953,-1.3902964097225138e-10,0.0
222,13380.0,13380,11.020096751623441,11.020096751623441,37.593958058031305,0.0,11.020096751762452,-1.3901147854416879e-10,0.0
223,13440.0,13440,11.020096751624962,11.020096751624962,37.76330021144774,0.0,11.020096751763957,-1.38993235510562e-10,0.0
224,13500.0,13500,11.020096751626491,11.020096751626491,37.93264236486419,0.0,11.020096751765465,-1.3897491188809524e-10,0.0
225,13560.0,13560,11.02009675162802,11.02009675162802,38.10198451828067,0.0,11.020096751766976,-1.3895650769348983e-10,0.0
226,13620.0,13620,11.020096751629556,11.020096751629556,38.27132667169718,0.0,11.020096751768493,-1.3893802294357498e-10,0.0
227,13680.0,13680,11.020096751631094,11.020096751631094,38.440668825113704,0.0,11.020096751770014,-1.3891945765524524e-10,0.0
228,13740.0,13740,11.020096751632636,11.020096751632636,38.61001097853025,0.0,11.020096751771536,-1.3890081184550136e-10,0.0
229,13800.0,13800,11.020096751634183,11.020096751634183,38.779353131946834,0.0,11.020096751773064,-1.3888208553140455e-10,0.0
230,13860.0,13860,11.020096751635732,11.020096751635732,38.94869528536343,0.0,11.020096751774597,-1.388632787301402e-10,0.0
231,13920.0,13920,11.020096751637286,11.020096751637286,39.11803743878005,0.0,11.020096751776133,-1.3884439145891328e-10,0.0
232,13980.0,13980,11.020096751638846,11.020096751638846,39.2873795921967,0.0,11.020096751777672,-1.3882542373506444e-10,0.0
233,14040.0,14040,11.020096751640407,11.020096751640407,39.456721745613365,0.0,11.020096751779214,-1.3880637557597834e-10,0.0
234,14100.0,14100,11.020096751641972,11.020096751641972,39.62606389903006,0.0,11.02009675178076,-1.3878724699913944e-10,0.0
235,14160.0,14160,11.020096751643543,11.020096751643543,39.79540605244678,0.0,11.020096751782312,-1.3876803802218402e-10,0.0
236,14220.0,14220,11.020096751645116,11.020096751645116,39.96474820586352,0.0,11.020096751783864,-1.3874874866271254e-10,0.0
237,14280.0,14280,11.020096751646692,11.020096751646692,40.134090359280286,0.0,11.020096751785422,-1.387293789384887e-10,0.0
238,14340.0,14340,11.020096751648273,11.020096751648273,40.30343251269708,0.0,11.020096751786983,-1.3870992886732378e-10,0.0
239,14400.0,14400,11.020096751649858,11.020096751649858,40.472774666113885,0.0,11.020096751788547,-1.3869039846714813e-10,0.0
240,14460.0,14460,11.020096751651446,11.020096751651446,40.642116819530735,0.0,11.020096751790115,-1.3867078775592329e-10,0.0
241,14520.0,14520,11.020096751653034,11.020096751653034,40.8114589729476,0.0,11.020096751791685,-1.3865109675176267e-10,0.0
242,14580.0,14580,11.020096751654629,11.020096751654629,40.980801126364476,0.0,11.020096751793261,-1.3863132547282711e-10,0.0
243,14640.0,14640,11.020096751656228,11.020096751656228,41.15014327978139,0.0,11.020096751794838,-1.3861147393737057e-10,0.0
244,14700.0,14700,11.02009675165783,11.02009675165783,41.31948543319833,0.0,11.020096751796421,-1.3859154216369442e-10,0.0
245,14760.0,14760,11.020096751659432,11.020096751659432,41.48882758661529,0.0,11.020096751798006,-1.385715301702519e-10,0.0
246,14820.0,14820,11.020096751661042,11.020096751661042,41.658169740032285,0.0,11.020096751799592,-1.3855143797555515e-10,0.0
247,14880.0,14880,11.020096751662653,11.020096751662653,41.82751189344929,0.0,11.020096751801184,-1.385312655981653e-10,0.0
248,14940.0,14940,11.020096751664266,11.020096751664266,41.996854046866325,0.0,11.020096751802777,-1.385110130567497e-10,0.0
249,15000.0,15000,11.020096751665884,11.020096751665884,42.166196200283395,0.0,11.020096751804376,-1.384906803701047e-10,0.0
250,15060.0,15060,11.020096751667504,11.020096751667504,42.33553835370048,0.0,11.020096751805974,-1.384702675570889e-10,0.0
251,15120.0,15120,11.020096751669127,11.020096751669127,42.50488050711758,0.0,11.020096751807577,-1.3844977463657052e-10,0.0
252,15180.0,15180,11.020096751670756,11.020096751670756,42.674222660534724,0.0,11.020096751809184,-1.38429201627614e-10,0.0
253,15240.0,15240,11.020096751672385,11.020096751672385,42.84356481395188,0.0,11.020096751810792,-1.384085485493098e-10,0.0
254,15300.0,15300,11.020096751674018,11.020096751674018,43.01290696736907,0.0,11.020096751812405,-1.383878154208563e-10,0.0
255,15360.0,15360,11.020096751675654,11.020096751675654,43.18224912078628,0.0,11.020096751814021,-1.3836700226153354e-10,0.0
256,15420.0,15420,11.020096751677292,11.020096751677292,43.35159127420352,0.0,11.020096751815638,-1.383461090907e-10,0.0
257,15480.0,15480,11.020096751678933,11.020096751678933,43.52093342762078,0.0,11.02009675181726,-1.3832513592776155e-10,0.0
258,15540.0,15540,11.020096751680578,11.020096751680578,43.690275581038065,0.0,11.020096751818881,-1.383040827923348e-10,0.0
259,15600.0,15600,11.020096751682226,11.020096751682226,43.85961773445538,0.0,11.020096751820509,-1.3828294970400861e-10,0.0
260,15660.0,15660,11.020096751683875,11.020096751683875,44.028959887872716,0.0,11.020096751822136,-1.38261736682447e-10,0.0
261,15720.0,15720,11.020096751685527,11.020096751685527,44.198302041290084,0.0,11.020096751823768,-1.3824044374749374e-10,0.0
262,15780.0,15780,11.020096751687184,11.020096751687184,44.36764419470747,0.0,11.020096751825402,-1.3821907091899578e-10,0.0
263,15840.0,15840,11.020096751688842,11.020096751688842,44.536986348124884,0.0,11.020096751827039,-1.3819761821699954e-10,0.0
264,15900.0,15900,11.020096751690502,11.020096751690502,44.70632850154232,0.0,11.020096751828678,-1.3817608566147616e-10,0.0
265,15960.0,15960,11.020096751692167,11.020096751692167,44.875670654959784,0.0,11.02009675183032,-1.3815447327260926e-10,0.0
266,16020.0,16020,11.020096751693831,11.020096751693831,45.04501280837727,0.0,11.020096751831964,-1.381327810706004e-10,0.0
267,16080.0,16080,11.0200967516955,11.0200967516955,45.2143549617948,0.0,11.020096751833611,-1.3811100907580147e-10,0.0
268,16140.0,16140,11.020096751697169,11.020096751697169,45.383697115212335,0.0,11.02009675183526,-1.380891573086052e-10,0.0
269,16200.0,16200,11.020096751698844,11.020096751698844,45.55303926862991,0.0,11.02009675183691,-1.3806722578953179e-10,0.0
270,16260.0,16260,11.02009675170052,11.02009675170052,45.7223814220475,0.0,11.020096751838565,-1.3804521453912752e-10,0.0
271,16320.0,16320,11.020096751702196,11.020096751702196,45.891723575465114,0.0,11.020096751840219,-1.3802312357807929e-10,0.0
272,16380.0,16380,11.020096751703877,11.020096751703877,46.06106572888276,0.0,11.020096751841876,-1.3800095292712127e-10,0.0
273,16440.0,16440,11.020096751705559,11.020096751705559,46.230407882300426,0.0,11.020096751843539,-1.3797870260713636e-10,0.0
274,16500.0,16500,11.020096751707243,11.020096751707243,46.39975003571812,0.0,11.0200967518452,-1.3795637263900099e-10,0.0
275,16560.0,16560,11.020096751708929,11.020096751708929,46.56909218913584,0.0,11.020096751846864,-1.3793396304383494e-10,0.0
276,16620.0,16620,11.02009675171062,11.02009675171062,46.738434342553596,0.0,11.020096751848529,-1.3791147384266327e-10,0.0
277,16680.0,16680,11.02009675171231,11.02009675171231,46.90777649597137,0.0,11.020096751850199,-1.3788890505673325e-10,0.0
278,16740.0,16740,11.020096751714004,11.020096751714004,47.07711864938917,0.0,11.020096751851868,-1.3786625670730032e-10,0.0
279,16800.0,16800,11.020096751715698,11.020096751715698,47.24646080280699,0.0,11.02009675185354,-1.378435288157359e-10,0.0
280,16860.0,16860,11.020096751717395,11.020096751717395,47.415802956224844,0.0,11.020096751855215,-1.3782072140356833e-10,0.0
281,16920.0,16920,11.020096751719093,11.020096751719093,47.585145109642724,0.0,11.02009675185689,-1.377978344923128e-10,0.0
282,16980.0,16980,11.020096751720795,11.020096751720795,47.754487263060625,0.0,11.020096751858569,-1.3777486810360548e-10,0.0
283,17040.0,17040,11.020096751722496,11.020096751722496,47.923829416478554,0.0,11.020096751860248,-1.3775182225917724e-10,0.0
284,17100.0,17100,11.0200967517242,11.0200967517242,48.09317156989651,0.0,11.02009675186193,-1.3772869698086847e-10,0.0
285,17160.0,17160,11.020096751725907,11.020096751725907,48.262513723314505,0.0,11.020096751863612,-1.3770549229060286e-10,0.0
286,17220.0,17220,11.020096751727614,11.020096751727614,48.43185587673251,0.0,11.020096751865296,-1.376822082103662e-10,0.0
287,17280.0,17280,11.020096751729323,11.020096751729323,48.60119803015054,0.0,11.020096751866982,-1.3765884476223745e-10,0.0
288,17340.0,17340,11.020096751731035,11.020096751731035,48.770540183568606,0.0,11.02009675186867,-1.376354019684311e-10,0.0
289,17400.0,17400,11.020096751732748,11.020096751732748,48.93988233698669,0.0,11.020096751870359,-1.376118798512189e-10,0.0
290,17460.0,17460,11.02009675173446,11.02009675173446,49.109224490404806,0.0,11.02009675187205,-1.3758827843291993e-10,0.0
291,17520.0,17520,11.020096751736176,11.020096751736176,49.27856664382294,0.0,11.02009675187374,-1.3756459773605594e-10,0.0
292,17580.0,17580,11.020096751737892,11.020096751737892,49.44790879724111,0.0,11.020096751875434,-1.3754083778311593e-10,0.0
293,17640.0,17640,11.020096751739612,11.020096751739612,49.6172509506593,0.0,11.020096751877128,-1.3751699859673925e-10,0.0
294,17700.0,17700,11.020096751741331,11.020096751741331,49.78659310407752,0.0,11.020096751878825,-1.3749308019967967e-10,0.0
295,17760.0,17760,11.020096751743052,11.020096751743052,49.955935257495774,0.0,11.020096751880521,-1.3746908261471373e-10,0.0
296,17820.0,17820,11.020096751744775,11.020096751744775,50.125277410914045,0.0,11.02009675188222,-1.3744500586479454e-10,0.0
297,17880.0,17880,11.020096751746498,11.020096751746498,50.29461956433234,0.0,11.02009675188392,-1.3742084997287022e-10,0.0
298,17940.0,17940,11.020096751748222,11.020096751748222,50.46396171775067,0.0,11.02009675188562,-1.3739661496209318e-10,0.0
299,18000.0,18000,11.020096751749948,11.020096751749948,50.633303871169026,0.0,11.020096751887321,-1.3737230085556684e-10,0.0
300,18060.0,18060,11.020096751751675,11.020096751751675,50.8026460245874,0.0,11.020096751889024,-1.3734790767660038e-10,0.0
301,18120.0,18120,11.020096751753403,11.020096751753403,50.97198817800581,0.0,11.020096751890728,-1.373234354485603e-10,0.0
302,18180.0,18180,11.020096751755133,11.020096751755133,51.141330331424236,0.0,11.020096751892432,-1.3729888419490447e-10,0.0
303,18240.0,18240,11.020096751756864,11.020096751756864,51.3106724848427,0.0,11.020096751894137,-1.3727425393916606e-10,0.0
304,18300.0,18300,11.020096751758594,11.020096751758594,51.48001463826118,0.0,11.020096751895844,-1.372495447049533e-10,0.0
305,18360.0,18360,11.020096751760326,11.020096751760326,51.64935679167969,0.0,11.020096751897551,-1.3722475651606066e-10,0.0
306,18420.0,18420,11.020096751762058,11.020096751762058,51.81869894509823,0.0,11.020096751899258,-1.371998893962762e-10,0.0
307,18480.0,18480,11.020096751763791,11.020096751763791,51.988041098516796,0.0,11.020096751900967,-1.3717494336951041e-10,0.0
308,18540.0,18540,11.020096751765525,11.020096751765525,52.157383251935386,0.0,11.020096751902676,-1.371499184597441e-10,0.0
309,18600.0,18600,11.02009675176726,11.02009675176726,52.326725405354,0.0,11.020096751904386,-1.3712481469115734e-10,0.0
310,18660.0,18660,11.020096751768996,11.020096751768996,52.496067558772644,0.0,11.020096751906097,-1.3709963208787312e-10,0.0
311,18720.0,18720,11.020096751770733,11.020096751770733,52.66540971219132,0.0,11.020096751907808,-1.37074370674181e-10,0.0
312,18780.0,18780,11.02009675177247,11.02009675177247,52.834751865610016,0.0,11.020096751909518,-1.3704903047443759e-10,0.0
313,18840.0,18840,11.020096751774206,11.020096751774206,53.004094019028734,0.0,11.020096751911229,-1.370236115131857e-10,0.0
314,18900.0,18900,11.020096751775943,11.020096751775943,53.173436172447495,0.0,11.020096751912941,-1.369981138149339e-10,0.0
315,18960.0,18960,11.020096751777682,11.020096751777682,53.34277832586627,0.0,11.020096751914654,-1.3697253740433612e-10,0.0
316,19020.0,19020,11.020096751779421,11.020096751779421,53.51212047928507,0.0,11.020096751916368,-1.36946882306146e-10,0.0
317,19080.0,19080,11.020096751781159,11.020096751781159,53.681462632703905,0.0,11.02009675191808,-1.3692114854523643e-10,0.0
318,19140.0,19140,11.020096751782898,11.020096751782898,53.850804786122765,0.0,11.020096751919795,-1.368953361464754e-10,0.0
319,19200.0,19200,11.020096751784639,11.020096751784639,54.02014693954165,0.0,11.020096751921507,-1.368694451349825e-10,0.0
320,19260.0,19260,11.020096751786378,11.020096751786378,54.18948909296056,0.0,11.020096751923221,-1.3684347553579573e-10,0.0
321,19320.0,19320,11.020096751788117,11.020096751788117,54.358831246379495,0.0,11.020096751924935,-1.3681742737419474e-10,0.0
322,19380.0,19380,11.020096751789858,11.020096751789858,54.52817339979846,0.0,11.02009675192665,-1.367913006754299e-10,0.0
323,19440.0,19440,11.020096751791598,11.020096751791598,54.69751555321745,0.0,11.020096751928364,-1.367650954649656e-10,0.0
324,19500.0,19500,11.020096751793336,11.020096751793336,54.86685770663647,0.0,11.020096751930076,-1.3673881176826287e-10,0.0
325,19560.0,19560,11.020096751795077,11.020096751795077,55.036199860055525,0.0,11.02009675193179,-1.3671244961092504e-10,0.0
326,19620.0,19620,11.020096751796817,11.020096751796817,55.2055420134746,0.0,11.020096751933503,-1.366860090186566e-10,0.0
327,19680.0,19680,11.020096751798558,11.020096751798558,55.37488416689369,0.0,11.020096751935215,-1.366594900172275e-10,0.0
328,19740.0,19740,11.020096751800295,11.020096751800295,55.54422632031282,0.0,11.02009675193693,-1.3663289263249586e-10,0.0
329,19800.0,19800,11.020096751802036,11.020096751802036,55.713568473731975,0.0,11.020096751938642,-1.36606216890462e-10,0.0
330,19860.0,19860,11.020096751803775,11.020096751803775,55.88291062715115,0.0,11.020096751940354,-1.3657946281717516e-10,0.0
331,19920.0,19920,11.020096751805514,11.020096751805514,56.052252780570356,0.0,11.020096751942067,-1.3655263043878273e-10,0.0
332,19980.0,19980,11.020096751807252,11.020096751807252,56.221594933989586,0.0,11.020096751943779,-1.3652571978159542e-10,0.0
333,20040.0,20040,11.02009675180899,11.02009675180899,56.39093708740885,0.0,11.02009675194549,-1.3649873087192563e-10,0.0
334,20100.0,20100,11.020096751810728,11.020096751810728,56.56027924082814,0.0,11.0200967519472,-1.364716637361968e-10,0.0
335,20160.0,20160,11.020096751812467,11.020096751812467,56.72962139424746,0.0,11.02009675194891,-1.364445184010399e-10,0.0
336,20220.0,20220,11.0200967518142,11.0200967518142,56.898963547666796,0.0,11.02009675195062,-1.3641729489299114e-10,0.0
337,20280.0,20280,11.020096751815938,11.020096751815938,57.06830570108616,0.0,11.020096751952329,-1.3638999323882692e-10,0.0
338,20340.0,20340,11.020096751817674,11.020096751817674,57.23764785450556,0.0,11.020096751954037,-1.363626134654184e-10,0.0
339,20400.0,20400,11.020096751819409,11.020096751819409,57.406990007924975,0.0,11.020096751955744,-1.3633515559962857e-10,0.0
340,20460.0,20460,11.020096751821141,11.020096751821141,57.576332161344425,0.0,11.020096751957452,-1.3630761966852956e-10,0.0
341,20520.0,20520,11.020096751822875,11.020096751822875,57.745674314763896,0.0,11.020096751959157,-1.3628000569919185e-10,0.0
342,20580.0,20580,11.020096751824608,11.020096751824608,57.915016468183396,0.0,11.020096751960862,-1.3625231371887385e-10,0.0
343,20640.0,20640,11.02009675182634,11.02009675182634,58.084358621602924,0.0,11.020096751962566,-1.3622454375487972e-10,0.0
344,20700.0,20700,11.02009675182807,11.02009675182807,58.25370077502248,0.0,11.020096751964267,-1.3619669583459199e-10,0.0
345,20760.0,20760,11.020096751829799,11.020096751829799,58.42304292844206,0.0,11.02009675196597,-1.3616876998554846e-10,0.0
346,20820.0,20820,11.02009675183153,11.02009675183153,58.59238508186167,0.0,11.020096751967671,-1.3614076623532453e-10,0.0
347,20880.0,20880,11.020096751833258,11.020096751833258,58.7617272352813,0.0,11.02009675196937,-1.3611268461164095e-10,0.0
348,20940.0,20940,11.020096751834984,11.020096751834984,58.93106938870096,0.0,11.020096751971069,-1.3608452514227083e-10,0.0
349,21000.0,21000,11.020096751836709,11.020096751836709,59.100411542120646,0.0,11.020096751972766,-1.360562878551702e-10,0.0
350,21060.0,21060,11.020096751838434,11.020096751838434,59.26975369554036,0.0,11.020096751974462,-1.3602797277823798e-10,0.0
351,21120.0,21120,11.020096751840155,11.020096751840155,59.43909584896011,0.0,11.020096751976157,-1.3599957993961156e-10,0.0
352,21180.0,21180,11.020096751841876,11.020096751841876,59.60843800237987,0.0,11.02009675197785,-1.3597110936749216e-10,0.0
353,21240.0,21240,11.020096751843598,11.020096751843598,59.77778015579966,0.0,11.02009675197954,-1.3594256109013642e-10,0.0
354,21300.0,21300,11.020096751845317,11.020096751845317,59.94712230921948,0.0,11.020096751981232,-1.3591393513592855e-10,0.0
355,21360.0,21360,11.020096751847035,11.020096751847035,60.116464462639335,0.0,11.02009675198292,-1.3588523153335885e-10,0.0
356,21420.0,21420,11.020096751848751,11.020096751848751,60.285806616059205,0.0,11.020096751984607,-1.3585645031101576e-10,0.0
357,21480.0,21480,11.020096751850465,11.020096751850465,60.4551487694791,0.0,11.020096751986292,-1.3582759149753668e-10,0.0
358,21540.0,21540,11.02009675185218,11.02009675185218,60.624490922899035,0.0,11.020096751987976,-1.3579865512175178e-10,0.0
359,21600.0,21600,11.02009675185389,11.02009675185389,60.79383307631899,0.0,11.02009675198966,-1.3576964121247006e-10,0.0
360,21660.0,21660,11.020096751855599,11.020096751855599,60.963175229738965,0.0,11.020096751991339,-1.357405497986998e-10,0.0
361,21720.0,21720,11.020096751857308,11.020096751857308,61.13251738315897,0.0,11.020096751993018,-1.3571138090951795e-10,0.0
362,21780.0,21780,11.020096751859013,11.020096751859013,61.301859536579,0.0,11.020096751994695,-1.356821345740913e-10,0.0
363,21840.0,21840,11.020096751860716,11.020096751860716,61.47120168999906,0.0,11.02009675199637,-1.35652810821652e-10,0.0
364,21900.0,21900,11.020096751862418,11.020096751862418,61.640543843419145,0.0,11.020096751998041,-1.356234096816168e-10,0.0
365,21960.0,21960,11.02009675186412,11.02009675186412,61.80988599683925,0.0,11.020096751999715,-1.35593931183427e-10,0.0
366,22020.0,22020,11.02009675186582,11.02009675186582,61.97922815025938,0.0,11.020096752001383,-1.3556437535665135e-10,0.0
367,22080.0,22080,11.020096751867516,11.020096751867516,62.14857030367954,0.0,11.020096752003049,-1.3553474223095007e-10,0.0
368,22140.0,22140,11.02009675186921,11.02009675186921,62.31791245709973,0.0,11.020096752004713,-1.3550503183610758e-10,0.0
369,22200.0,22200,11.020096751870902,11.020096751870902,62.48725461051995,0.0,11.020096752006378,-1.3547524420196545e-10,0.0
370,22260.0,22260,11.020096751872591,11.020096751872591,62.65659676394019,0.0,11.020096752008037,-1.354453793585009e-10,0.0
371,22320.0,22320,11.020096751874279,11.020096751874279,62.82593891736045,0.0,11.020096752009694,-1.3541543733576792e-10,0.0
372,22380.0,22380,11.020096751875965,11.020096751875965,62.99528107078075,0.0,11.020096752011352,-1.3538541816394468e-10,0.0
373,22440.0,22440,11.020096751877649,11.020096751877649,63.16462322420107,0.0,11.020096752013004,-1.3535532187325676e-10,0.0
374,22500.0,22500,11.02009675187933,11.02009675187933,63.333965377621396,0.0,11.020096752014654,-1.3532514849411598e-10,0.0
375,22560.0,22560,11.020096751881006,11.020096751881006,63.503307531041784,0.0,11.020096752016302,-1.3529489805698484e-10,0.0
376,22620.0,22620,11.020096751882685,11.020096751882685,63.672649684462165,0.0,11.020096752017947,-1.3526457059238622e-10,0.0
377,22680.0,22680,11.020096751884358,11.020096751884358,63.841991837882595,0.0,11.020096752019592,-1.3523416613103916e-10,0.0
378,22740.0,22740,11.020096751886028,11.020096751886028,64.01133399130303,0.0,11.020096752021232,-1.3520368470367734e-10,0.0
379,22800.0,22800,11.020096751887696,11.020096751887696,64.1806761447235,0.0,11.020096752022868,-1.351731263411652e-10,0.0
380,22860.0,22860,11.020096751889362,11.020096751889362,64.35001829814401,0.0,11.020096752024504,-1.351424910744864e-10,0.0
381,22920.0,22920,11.020096751891025,11.020096751891025,64.51936045156454,0.0,11.020096752026136,-1.3511177893471127e-10,0.0
382,22980.0,22980,11.020096751892684,11.020096751892684,64.6887026049851,0.0,11.020096752027765,-1.3508098995301788e-10,0.0
383,23040.0,23040,11.020096751894341,11.020096751894341,64.85804475840567,0.0,11.020096752029394,-1.350501241606563e-10,0.0
384,23100.0,23100,11.020096751895997,11.020096751895997,65.02738691182627,0.0,11.020096752031016,-1.3501918158900722e-10,0.0
385,23160.0,23160,11.020096751897647,11.020096751897647,65.1967290652469,0.0,11.020096752032638,-1.3498816226955922e-10,0.0
386,23220.0,23220,11.020096751899297,11.020096751899297,65.36607121866756,0.0,11.020096752034254,-1.349570662338793e-10,0.0
387,23280.0,23280,11.020096751900942,11.020096751900942,65.53541337208823,0.0,11.020096752035869,-1.3492589351366845e-10,0.0
388,23340.0,23340,11.020096751902583,11.020096751902583,65.70475552550894,0.0,11.02009675203748,-1.3489464414065214e-10,0.0
389,23400.0,23400,11.020096751904225,11.020096751904225,65.87409767892966,0.0,11.020096752039088,-1.3486331814675516e-10,0.0
390,23460.0,23460,11.020096751905859,11.020096751905859,66.04343983235043,0.0,11.020096752040692,-1.348319155639661e-10,0.0
391,23520.0,23520,11.020096751907493,11.020096751907493,66.2127819857712,0.0,11.020096752042294,-1.3480043642439435e-10,0.0
392,23580.0,23580,11.020096751909122,11.020096751909122,66.382124139192,0.0,11.02009675204389,-1.3476888076016414e-10,0.0
393,23640.0,23640,11.02009675191075,11.02009675191075,66.55146629261284,0.0,11.020096752045486,-1.3473724860361851e-10,0.0
394,23700.0,23700,11.020096751912371,11.020096751912371,66.72080844603369,0.0,11.020096752047078,-1.3470553998712672e-10,0.0
395,23760.0,23760,11.020096751913991,11.020096751913991,66.89015059945457,0.0,11.020096752048666,-1.3467375494318382e-10,0.0
396,23820.0,23820,11.020096751915608,11.020096751915608,67.05949275287547,0.0,11.020096752050248,-1.3464189350444988e-10,0.0
397,23880.0,23880,11.020096751917219,11.020096751917219,67.22883490629641,0.0,11.02009675205183,-1.3460995570355394e-10,0.0
398,23940.0,23940,11.020096751918828,11.020096751918828,67.39817705971737,0.0,11.020096752053407,-1.3457794157333905e-10,0.0
399,24000.0,24000,11.020096751920434,11.020096751920434,67.56751921313834,0.0,11.020096752054979,-1.345458511467202e-10,0.0
400,24060.0,24060,11.020096751922035,11.020096751922035,67.73686136655935,0.0,11.02009675205655,-1.3451368445669243e-10,0.0
401,24120.0,24120,11.020096751923633,11.020096751923633,67.90620351998037,0.0,11.020096752058114,-1.344814415363994e-10,0.0
402,24180.0,24180,11.020096751925228,11.020096751925228,68.07554567340142,0.0,11.020096752059677,-1.3444912241904368e-10,0.0
403,24240.0,24240,11.020096751926818,11.020096751926818,68.2448878268225,0.0,11.020096752061235,-1.3441672713794704e-10,0.0
404,24300.0,24300,11.020096751928403,11.020096751928403,68.41422998024359,0.0,11.020096752062788,-1.3438425572653916e-10,0.0
405,24360.0,24360,11.020096751929986,11.020096751929986,68.58357213366473,0.0,11.020096752064338,-1.3435170821836732e-10,0.0
406,24420.0,24420,11.020096751931565,11.020096751931565,68.75291428708587,0.0,11.020096752065884,-1.343190846470474e-10,0.0
407,24480.0,24480,11.02009675193314,11.02009675193314,68.92225644050706,0.0,11.020096752067426,-1.3428638504631623e-10,0.0
408,24540.0,24540,11.02009675193471,11.02009675193471,69.09159859392825,0.0,11.020096752068964,-1.3425360945004135e-10,0.0
409,24600.0,24600,11.020096751936276,11.020096751936276,69.26094074734948,0.0,11.020096752070497,-1.3422075789219814e-10,0.0
410,24660.0,24660,11.020096751937839,11.020096751937839,69.43028290077072,0.0,11.020096752072025,-1.3418783040678153e-10,0.0
411,24720.0,24720,11.020096751939395,11.020096751939395,69.59962505419197,0.0,11.02009675207355,-1.3415482702797276e-10,0.0
412,24780.0,24780,11.02009675194095,11.02009675194095,69.76896720761327,0.0,11.020096752075071,-1.341217477900528e-10,0.0
413,24840.0,24840,11.020096751942498,11.020096751942498,69.9383093610346,0.0,11.020096752076586,-1.3408859272737273e-10,0.0
414,24900.0,24900,11.020096751944042,11.020096751944042,70.10765151445594,0.0,11.020096752078098,-1.3405536187443083e-10,0.0
415,24960.0,24960,11.020096751945582,11.020096751945582,70.2769936678773,0.0,11.020096752079606,-1.3402205526576287e-10,0.0
416,25020.0,25020,11.020096751947117,11.020096751947117,70.44633582129869,0.0,11.020096752081107,-1.3398867293607455e-10,0.0
417,25080.0,25080,11.02009675194865,11.02009675194865,70.6156779747201,0.0,11.020096752082605,-1.339552149201664e-10,0.0
418,25140.0,25140,11.020096751950176,11.020096751950176,70.78502012814154,0.0,11.020096752084099,-1.3392168125292549e-10,0.0
419,25200.0,25200,11.020096751951698,11.020096751951698,70.954362281563,0.0,11.020096752085585,-1.3388807196934835e-10,0.0
420,25260.0,25260,11.020096751953213,11.020096751953213,71.12370443498448,0.0,11.020096752087069,-1.3385438710452793e-10,0.0
421,25320.0,25320,11.020096751954727,11.020096751954727,71.29304658840599,0.0,11.020096752088548,-1.3382062669370757e-10,0.0
422,25380.0,25380,11.020096751956235,11.020096751956235,71.46238874182752,0.0,11.020096752090021,-1.3378679077217786e-10,0.0
423,25440.0,25440,11.020096751957738,11.020096751957738,71.63173089524906,0.0,11.02009675209149,-1.3375287937537492e-10,0.0
424,25500.0,25500,11.020096751959235,11.020096751959235,71.80107304867064,0.0,11.020096752092954,-1.3371889253883771e-10,0.0
425,25560.0,25560,11.020096751960729,11.020096751960729,71.97041520209225,0.0,11.020096752094412,-1.336848302982066e-10,0.0
426,25620.0,25620,11.020096751962216,11.020096751962216,72.13975735551388,0.0,11.020096752095867,-1.3365069268920685e-10,0.0
427,25680.0,25680,11.020096751963699,11.020096751963699,72.30909950893552,0.0,11.020096752097315,-1.336164797476797e-10,0.0
428,25740.0,25740,11.020096751965175,11.020096751965175,72.47844166235718,0.0,11.020096752098759,-1.3358219150960374e-10,0.0
429,25800.0,25800,11.020096751966648,11.020096751966648,72.64778381577887,0.0,11.020096752100194,-1.33547828011031e-10,0.0
430,25860.0,25860,11.020096751968113,11.020096751968113,72.81712596920059,0.0,11.020096752101628,-1.3351338928812626e-10,0.0
431,25920.0,25920,11.020096751969577,11.020096751969577,72.98646812262233,0.0,11.020096752103054,-1.3347887537715403e-10,0.0
432,25980.0,25980,11.020096751971034,11.020096751971034,73.15581027604408,0.0,11.020096752104477,-1.334442863145552e-10,0.0
433,26040.0,26040,11.020096751972485,11.020096751972485,73.32515242946586,0.0,11.020096752105893,-1.3340962213674452e-10,0.0
434,26100.0,26100,11.020096751973929,11.020096751973929,73.49449458288765,0.0,11.020096752107303,-1.3337488288038845e-10,0.0
435,26160.0,26160,11.02009675197537,11.02009675197537,73.66383673630949,0.0,11.020096752108708,-1.3334006858212723e-10,0.0
436,26220.0,26220,11.020096751976803,11.020096751976803,73.83317888973133,0.0,11.02009675211011,-1.3330517927882172e-10,0.0
437,26280.0,26280,11.020096751978233,11.020096751978233,74.00252104315321,0.0,11.020096752111504,-1.3327021500739972e-10,0.0
438,26340.0,26340,11.020096751979656,11.020096751979656,74.1718631965751,0.0,11.020096752112892,-1.3323517580484134e-10,0.0
439,26400.0,26400,11.020096751981074,11.020096751981074,74.34120534999701,0.0,11.020096752114274,-1.3320006170831788e-10,0.0
440,26460.0,26460,11.020096751982484,11.020096751982484,74.51054750341895,0.0,11.020096752115649,-1.3316487275505452e-10,0.0
441,26520.0,26520,11.02009675198389,11.02009675198389,74.67988965684091,0.0,11.020096752117022,-1.331296089824268e-10,0.0
442,26580.0,26580,11.02009675198529,11.02009675198529,74.84923181026288,0.0,11.020096752118384,-1.3309427042788375e-10,0.0
443,26640.0,26640,11.020096751986685,11.020096751986685,75.0185739636849,0.0,11.020096752119745,-1.330588571289757e-10,0.0
444,26700.0,26700,11.020096751988074,11.020096751988074,75.18791611710691,0.0,11.020096752121097,-1.330233691233968e-10,0.0
445,26760.0,26760,11.020096751989454,11.020096751989454,75.35725827052896,0.0,11.020096752122443,-1.3298780644894738e-10,0.0
446,26820.0,26820,11.020096751990831,11.020096751990831,75.52660042395104,0.0,11.020096752123782,-1.3295216914350128e-10,0.0
447,26880.0,26880,11.020096751992202,11.020096751992202,75.69594257737312,0.0,11.020096752125118,-1.3291645724506798e-10,0.0
448,26940.0,26940,11.020096751993565,11.020096751993565,75.86528473079522,0.0,11.020096752126445,-1.3288067079174846e-10,0.0
449,27000.0,27000,11.02009675199492,11.02009675199492,76.03462688421736,0.0,11.020096752127767,-1.3284480982177603e-10,0.0
450,27060.0,27060,11.020096751996274,11.020096751996274,76.2039690376395,0.0,11.020096752129081,-1.3280887437347878e-10,0.0
451,27120.0,27120,11.020096751997617,11.020096751997617,76.37331119106167,0.0,11.02009675213039,-1.327728644852812e-10,0.0
452,27180.0,27180,11.020096751998956,11.020096751998956,76.54265334448387,0.0,11.020096752131693,-1.327367801957466e-10,0.0
453,27240.0,27240,11.020096752000288,11.020096752000288,76.71199549790607,0.0,11.020096752132988,-1.327006215435495e-10,0.0
454,27300.0,27300,11.020096752001612,11.020096752001612,76.8813376513283,0.0,11.020096752134277,-1.3266438856740685e-10,0.0
455,27360.0,27360,11.020096752002932,11.020096752002932,77.05067980475056,0.0,11.02009675213556,-1.3262808130624962e-10,0.0
456,27420.0,27420,11.020096752004244,11.020096752004244,77.22002195817282,0.0,11.020096752136835,-1.3259169979902027e-10,0.0
457,27480.0,27480,11.02009675200555,11.02009675200555,77.38936411159511,0.0,11.020096752138105,-1.32555244084836e-10,0.0
458,27540.0,27540,11.020096752006847,11.020096752006847,77.55870626501743,0.0,11.020096752139366,-1.3251871420289096e-10,0.0
459,27600.0,27600,11.02009675200814,11.02009675200814,77.72804841843976,0.0,11.020096752140622,-1.324821101925245e-10,0.0
460,27660.0,27660,11.020096752009424,11.020096752009424,77.8973905718621,0.0,11.020096752141871,-1.3244543209315133e-10,0.0
461,27720.0,27720,11.020096752010703,11.020096752010703,78.06673272528448,0.0,11.020096752143113,-1.3240867994427592e-10,0.0
462,27780.0,27780,11.020096752011975,11.020096752011975,78.23607487870687,0.0,11.020096752144346,-1.3237185378559228e-10,0.0
463,27840.0,27840,11.020096752013238,11.020096752013238,78.40541703212928,0.0,11.020096752145575,-1.3233495365683857e-10,0.0
464,27900.0,27900,11.020096752014497,11.020096752014497,78.57475918555171,0.0,11.020096752146793,-1.3229797959785585e-10,0.0
465,27960.0,27960,11.020096752015746,11.020096752015746,78.74410133897416,0.0,11.020096752148007,-1.3226093164864372e-10,0.0
466,28020.0,28020,11.02009675201699,11.02009675201699,78.91344349239664,0.0,11.020096752149213,-1.3222380984933895e-10,0.0
467,28080.0,28080,11.020096752018224,11.020096752018224,79.08278564581913,0.0,11.02009675215041,-1.321866142400424e-10,0.0
468,28140.0,28140,11.020096752019453,11.020096752019453,79.25212779924165,0.0,11.020096752151602,-1.3214934486115234e-10,0.0
469,28200.0,28200,11.020096752020674,11.020096752020674,79.42146995266417,0.0,11.020096752152787,-1.3211200175301636e-10,0.0
470,28260.0,28260,11.020096752021887,11.020096752021887,79.59081210608672,0.0,11.020096752153963,-1.3207458495621893e-10,0.0
471,28320.0,28320,11.020096752023095,11.020096752023095,79.76015425950926,0.0,11.020096752155132,-1.3203709451141155e-10,0.0
472,28380.0,28380,11.020096752024292,11.020096752024292,79.92949641293184,0.0,11.020096752156293,-1.319995304593013e-10,0.0
473,28440.0,28440,11.020096752025484,11.020096752025484,80.09883856635446,0.0,11.020096752157446,-1.3196189284078144e-10,0.0
474,28500.0,28500,11.020096752026669,11.020096752026669,80.26818071977708,0.0,11.020096752158594,-1.3192418169683352e-10,0.0
475,28560.0,28560,11.020096752027843,11.020096752027843,80.43752287319973,0.0,11.020096752159732,-1.318863970685453e-10,0.0
476,28620.0,28620,11.020096752029012,11.020096752029012,80.60686502662236,0.0,11.020096752160862,-1.3184853899710746e-10,0.0
477,28680.0,28680,11.020096752030174,11.020096752030174,80.77620718004503,0.0,11.020096752161985,-1.3181060752382996e-10,0.0
478,28740.0,28740,11.020096752031327,11.020096752031327,80.94554933346774,0.0,11.020096752163099,-1.3177260269015343e-10,0.0
479,28800.0,28800,11.020096752032472,11.020096752032472,81.11489148689043,0.0,11.020096752164205,-1.3173452453761334e-10,0.0
480,28860.0,28860,11.02009675203361,11.02009675203361,81.28423364031318,0.0,11.020096752165305,-1.3169637310782352e-10,0.0
481,28920.0,28920,11.020096752034737,11.020096752034737,81.45357579373591,0.0,11.020096752166396,-1.3165814844260863e-10,0.0
482,28980.0,28980,11.020096752035858,11.020096752035858,81.62291794715867,0.0,11.020096752167479,-1.3161985058379167e-10,0.0
483,29040.0,29040,11.020096752036972,11.020096752036972,81.79226010058146,0.0,11.020096752168554,-1.3158147957338354e-10,0.0
484,29100.0,29100,11.020096752038077,11.020096752038077,81.96160225400425,0.0,11.02009675216962,-1.3154303545346863e-10,0.0
485,29160.0,29160,11.020096752039175,11.020096752039175,82.13094440742707,0.0,11.020096752170678,-1.3150451826625555e-10,0.0
486,29220.0,29220,11.020096752040262,11.020096752040262,82.3002865608499,0.0,11.020096752171726,-1.314659280540771e-10,0.0
487,29280.0,29280,11.020096752041342,11.020096752041342,82.46962871427274,0.0,11.020096752172769,-1.3142726485937717e-10,0.0
488,29340.0,29340,11.020096752042415,11.020096752042415,82.6389708676956,0.0,11.020096752173803,-1.3138852872468459e-10,0.0
489,29400.0,29400,11.020096752043477,11.020096752043477,82.8083130211185,0.0,11.020096752174826,-1.3134971969266705e-10,0.0
490,29460.0,29460,11.020096752044532,11.020096752044532,82.97765517454138,0.0,11.020096752175842,-1.3131083780611488e-10,0.0
491,29520.0,29520,11.020096752045577,11.020096752045577,83.1469973279643,0.0,11.02009675217685,-1.312718831079033e-10,0.0
492,29580.0,29580,11.020096752046616,11.020096752046616,83.31633948138722,0.0,11.02009675217785,-1.3123285564101697e-10,0.0
493,29640.0,29640,11.020096752047646,11.020096752047646,83.48568163481018,0.0,11.020096752178839,-1.311937554486204e-10,0.0
494,29700.0,29700,11.020096752048666,11.020096752048666,83.65502378823312,0.0,11.02009675217982,-1.311545825738959e-10,0.0
495,29760.0,29760,11.020096752049678,11.020096752049678,83.82436594165611,0.0,11.020096752180793,-1.3111533706020567e-10,0.0
496,29820.0,29820,11.02009675205068,11.02009675205068,83.9937080950791,0.0,11.020096752181757,-1.3107601895097232e-10,0.0
497,29880.0,29880,11.020096752051675,11.020096752051675,84.16305024850212,0.0,11.020096752182711,-1.3103662828980137e-10,0.0
498,29940.0,29940,11.020096752052659,11.020096752052659,84.33239240192513,0.0,11.020096752183656,-1.309971651203916e-10,0.0
499,30000.0,30000,11.020096752053638,11.020096752053638,84.50173455534816,0.0,11.020096752184594,-1.3095762948651682e-10,0.0
500,30060.0,30060,11.020096752054604,11.020096752054604,84.67107670877124,0.0,11.020096752185522,-1.30918021432067e-10,0.0
501,30120.0,30120,11.020096752055561,11.020096752055561,84.8404188621943,0.0,11.02009675218644,-1.308783410010921e-10,0.0
502,30180.0,30180,11.02009675205651,11.02009675205651,85.00976101561739,0.0,11.02009675218735,-1.3083858823773853e-10,0.0
503,30240.0,30240,11.020096752057452,11.020096752057452,85.17910316904047,0.0,11.02009675218825,-1.3079876318621807e-10,0.0
504,30300.0,30300,11.020096752058382,11.020096752058382,85.34844532246358,0.0,11.02009675218914,-1.3075886589093363e-10,0.0
505,30360.0,30360,11.020096752059304,11.020096752059304,85.5177874758867,0.0,11.020096752190023,-1.3071889639636005e-10,0.0
506,30420.0,30420,11.020096752060216,11.020096752060216,85.68712962930984,0.0,11.020096752190895,-1.3067885474712574e-10,0.0
507,30480.0,30480,11.02009675206112,11.02009675206112,85.856471782733,0.0,11.020096752191757,-1.3063874098786238e-10,0.0
508,30540.0,30540,11.020096752062013,11.020096752062013,86.02581393615617,0.0,11.020096752192611,-1.305985551634598e-10,0.0
509,30600.0,30600,11.020096752062896,11.020096752062896,86.19515608957936,0.0,11.020096752193455,-1.305582973188356e-10,0.0
510,30660.0,30660,11.02009675206377,11.02009675206377,86.36449824300256,0.0,11.020096752194288,-1.305179674990659e-10,0.0
511,30720.0,30720,11.020096752064635,11.020096752064635,86.53384039642576,0.0,11.020096752195112,-1.304775657492905e-10,0.0
512,30780.0,30780,11.02009675206549,11.02009675206549,86.703182549849,0.0,11.020096752195927,-1.3043709211480607e-10,0.0
513,30840.0,30840,11.020096752066335,11.020096752066335,86.87252470327223,0.0,11.020096752196732,-1.3039654664102534e-10,0.0
514,30900.0,30900,11.02009675206717,11.02009675206717,87.04186685669549,0.0,11.020096752197526,-1.303559293734557e-10,0.0
515,30960.0,30960,11.020096752067996,11.020096752067996,87.21120901011875,0.0,11.020096752198313,-1.303152403577321e-10,0.0
516,31020.0,31020,11.020096752068813,11.020096752068813,87.38055116354202,0.0,11.020096752199088,-1.3027447963958253e-10,0.0
517,31080.0,31080,11.02009675206962,11.02009675206962,87.54989331696531,0.0,11.020096752199853,-1.3023364726488535e-10,0.0
518,31140.0,31140,11.020096752070414,11.020096752070414,87.71923547038861,0.0,11.020096752200608,-1.3019274327960874e-10,0.0
519,31200.0,31200,11.0200967520712,11.0200967520712,87.88857762381193,0.0,11.020096752201352,-1.3015176772983206e-10,0.0
520,31260.0,31260,11.020096752071977,11.020096752071977,88.05791977723524,0.0,11.020096752202088,-1.3011072066181106e-10,0.0
521,31320.0,31320,11.020096752072742,11.020096752072742,88.22726193065857,0.0,11.020096752202813,-1.3006960212181296e-10,0.0
522,31380.0,31380,11.0200967520735,11.0200967520735,88.39660408408193,0.0,11.020096752203527,-1.3002841215632882e-10,0.0
523,31440.0,31440,11.020096752074243,11.020096752074243,88.56594623750529,0.0,11.02009675220423,-1.299871508118595e-10,0.0
524,31500.0,31500,11.020096752074979,11.020096752074979,88.73528839092866,0.0,11.020096752204925,-1.2994581813514278e-10,0.0
525,31560.0,31560,11.020096752075704,11.020096752075704,88.90463054435205,0.0,11.020096752205607,-1.2990441417287887e-10,0.0
526,31620.0,31620,11.020096752076418,11.020096752076418,89.07397269777543,0.0,11.020096752206282,-1.2986293897207022e-10,0.0
527,31680.0,31680,11.020096752077121,11.020096752077121,89.24331485119885,0.0,11.020096752206943,-1.2982139257966703e-10,0.0
528,31740.0,31740,11.020096752077814,11.020096752077814,89.41265700462226,0.0,11.020096752207595,-1.2977977504282696e-10,0.0
529,31800.0,31800,11.020096752078496,11.020096752078496,89.58199915804568,0.0,11.020096752208236,-1.2973808640881068e-10,0.0
530,31860.0,31860,11.02009675207917,11.02009675207917,89.75134131146912,0.0,11.020096752208865,-1.2969632672496866e-10,0.0
531,31920.0,31920,11.02009675207983,11.02009675207983,89.92068346489256,0.0,11.020096752209485,-1.296544960388246e-10,0.0
532,31980.0,31980,11.02009675208048,11.02009675208048,90.09002561831602,0.0,11.020096752210094,-1.2961259439790214e-10,0.0
533,32040.0,32040,11.020096752081121,11.020096752081121,90.25936777173948,0.0,11.020096752210693,-1.2957062185003059e-10,0.0
534,32100.0,32100,11.020096752081749,11.020096752081749,90.42870992516296,0.0,11.020096752211277,-1.2952857844292307e-10,0.0
535,32160.0,32160,11.020096752082368,11.020096752082368,90.59805207858646,0.0,11.020096752211854,-1.2948646422465557e-10,0.0
536,32220.0,32220,11.020096752082976,11.020096752082976,90.76739423200996,0.0,11.02009675221242,-1.2944427924319295e-10,0.0
537,32280.0,32280,11.020096752083571,11.020096752083571,90.93673638543346,0.0,11.020096752212972,-1.2940202354677615e-10,0.0
538,32340.0,32340,11.020096752084156,11.020096752084156,91.10607853885698,0.0,11.020096752213517,-1.2935969718371312e-10,0.0
539,32400.0,32400,11.02009675208473,11.02009675208473,91.2754206922805,0.0,11.020096752214048,-1.2931730020238374e-10,0.0
540,32460.0,32460,11.020096752085292,11.020096752085292,91.44476284570403,0.0,11.020096752214567,-1.2927483265137044e-10,0.0
541,32520.0,32520,11.020096752085845,11.020096752085845,91.61410499912759,0.0,11.020096752215077,-1.2923229457928836e-10,0.0
542,32580.0,32580,11.020096752086385,11.020096752086385,91.78344715255113,0.0,11.020096752215574,-1.291896860349487e-10,0.0
543,32640.0,32640,11.020096752086912,11.020096752086912,91.95278930597469,0.0,11.02009675221606,-1.2914700706720188e-10,0.0
544,32700.0,32700,11.02009675208743,11.02009675208743,92.12213145939826,0.0,11.020096752216533,-1.291042577251009e-10,0.0
545,32760.0,32760,11.020096752087937,11.020096752087937,92.29147361282183,0.0,11.020096752216997,-1.2906143805771188e-10,0.0
546,32820.0,32820,11.02009675208843,11.02009675208843,92.46081576624542,0.0,11.02009675221745,-1.2901854811432145e-10,0.0
547,32880.0,32880,11.020096752088914,11.020096752088914,92.63015791966902,0.0,11.02009675221789,-1.2897558794427348e-10,0.0
548,32940.0,32940,11.020096752089385,11.020096752089385,92.79950007309262,0.0,11.020096752218318,-1.2893255759705233e-10,0.0
549,33000.0,33000,11.020096752089843,11.020096752089843,92.96884222651622,0.0,11.020096752218734,-1.2888945712225677e-10,0.0
550,33060.0,33060,11.020096752090293,11.020096752090293,93.13818437993983,0.0,11.020096752219139,-1.2884628656957048e-10,0.0
551,33120.0,33120,11.020096752090728,11.020096752090728,93.30752653336344,0.0,11.020096752219532,-1.2880304598884216e-10,0.0
552,33180.0,33180,11.020096752091153,11.020096752091153,93.47686868678706,0.0,11.020096752219914,-1.2875973543003986e-10,0.0
553,33240.0,33240,11.020096752091565,11.020096752091565,93.64621084021068,0.0,11.020096752220281,-1.2871635494322635e-10,0.0
554,33300.0,33300,11.020096752091964,11.020096752091964,93.81555299363433,0.0,11.020096752220638,-1.286729045785575e-10,0.0
555,33360.0,33360,11.020096752092355,11.020096752092355,93.98489514705798,0.0,11.020096752220983,-1.286293843863526e-10,0.0
556,33420.0,33420,11.02009675209273,11.02009675209273,94.15423730048164,0.0,11.020096752221317,-1.28585794417029e-10,0.0
557,33480.0,33480,11.020096752093094,11.020096752093094,94.3235794539053,0.0,11.020096752221637,-1.2854213472114783e-10,0.0
558,33540.0,33540,11.020096752093448,11.020096752093448,94.49292160732895,0.0,11.020096752221946,-1.2849840534933714e-10,0.0
559,33600.0,33600,11.020096752093787,11.020096752093787,94.66226376075264,0.0,11.02009675222224,-1.2845460635237045e-10,0.0
560,33660.0,33660,11.020096752094114,11.020096752094114,94.8316059141763,0.0,11.020096752222525,-1.2841073778117327e-10,0.0
561,33720.0,33720,11.02009675209443,11.02009675209443,95.00094806759998,0.0,11.020096752222797,-1.2836679968674293e-10,0.0
562,33780.0,33780,11.020096752094734,11.020096752094734,95.17029022102368,0.0,11.020096752223056,-1.2832279212021407e-10,0.0
563,33840.0,33840,11.020096752095023,11.020096752095023,95.33963237444736,0.0,11.020096752223303,-1.282787151328291e-10,0.0
564,33900.0,33900,11.020096752095302,11.020096752095302,95.50897452787105,0.0,11.020096752223536,-1.2823456877595467e-10,0.0
565,33960.0,33960,11.020096752095567,11.020096752095567,95.67831668129476,0.0,11.020096752223756,-1.281903531011028e-10,0.0
566,34020.0,34020,11.020096752095819,11.020096752095819,95.84765883471844,0.0,11.020096752223965,-1.2814606815986397e-10,0.0
567,34080.0,34080,11.02009675209606,11.02009675209606,96.01700098814214,0.0,11.020096752224163,-1.2810171400395937e-10,0.0
568,34140.0,34140,11.020096752096288,11.020096752096288,96.18634314156586,0.0,11.020096752224344,-1.2805729068524414e-10,0.0
569,34200.0,34200,11.020096752096501,11.020096752096501,96.35568529498957,0.0,11.020096752224516,-1.280127982556764e-10,0.0
570,34260.0,34260,11.020096752096705,11.020096752096705,96.52502744841328,0.0,11.020096752224672,-1.279682367673302e-10,0.0
571,34320.0,34320,11.020096752096894,11.020096752096894,96.694369601837,0.0,11.020096752224818,-1.279236062724137e-10,0.0
572,34380.0,34380,11.02009675209707,11.02009675209707,96.86371175526072,0.0,11.02009675222495,-1.27878906823264e-10,0.0
573,34440.0,34440,11.020096752097233,11.020096752097233,97.03305390868447,0.0,11.020096752225067,-1.2783413847228855e-10,0.0
574,34500.0,34500,11.020096752097384,11.020096752097384,97.20239606210818,0.0,11.020096752225172,-1.2778930127205488e-10,0.0
575,34560.0,34560,11.02009675209752,11.02009675209752,97.37173821553192,0.0,11.020096752225266,-1.277443952752825e-10,0.0
576,34620.0,34620,11.020096752097643,11.020096752097643,97.54108036895565,0.0,11.020096752225344,-1.276994205347301e-10,0.0
577,34680.0,34680,11.020096752097757,11.020096752097757,97.71042252237939,0.0,11.02009675222541,-1.2765437710329201e-10,0.0
578,34740.0,34740,11.020096752097853,11.020096752097853,97.87976467580313,0.0,11.020096752225461,-1.2760926503405864e-10,0.0
579,34800.0,34800,11.020096752097936,11.020096752097936,98.04910682922687,0.0,11.020096752225502,-1.2756408438014647e-10,0.0
580,34860.0,34860,11.02009675209801,11.02009675209801,98.21844898265061,0.0,11.020096752225527,-1.2751883519486162e-10,0.0
581,34920.0,34920,11.020096752098064,11.020096752098064,98.38779113607434,0.0,11.02009675222554,-1.2747351753158202e-10,0.0
582,34980.0,34980,11.02009675209811,11.02009675209811,98.55713328949808,0.0,11.020096752225538,-1.274281314438131e-10,0.0
583,35040.0,35040,11.02009675209814,11.02009675209814,98.72647544292182,0.0,11.020096752225523,-1.2738267698521378e-10,0.0
584,35100.0,35100,11.020096752098159,11.020096752098159,98.89581759634557,0.0,11.020096752225495,-1.2733715420950357e-10,0.0
585,35160.0,35160,11.020096752098162,11.020096752098162,99.06515974976932,0.0,11.020096752225452,-1.2729156317062085e-10,0.0
586,35220.0,35220,11.020096752098151,11.020096752098151,99.23450190319305,0.0,11.020096752225397,-1.2724590392247295e-10,0.0
587,35280.0,35280,11.020096752098127,11.020096752098127,99.4038440566168,0.0,11.020096752225326,-1.2720017651922697e-10,0.0
588,35340.0,35340,11.02009675209809,11.02009675209809,99.57318621004055,0.0,11.020096752225243,-1.2715438101509585e-10,0.0
589,35400.0,35400,11.020096752098038,11.020096752098038,99.74252836346429,0.0,11.020096752225147,-1.2710851746448358e-10,0.0
590,35460.0,35460,11.020096752097972,11.020096752097972,99.91187051688804,0.0,11.020096752225033,-1.2706258592176648e-10,0.0
591,35520.0,35520,11.020096752097894,11.020096752097894,100.08121267031176,0.0,11.020096752224909,-1.2701658644163615e-10,0.0
592,35580.0,35580,11.020096752097798,11.020096752097798,100.2505548237355,0.0,11.020096752224768,-1.269705190787417e-10,0.0
593,35640.0,35640,11.020096752097691,11.020096752097691,100.41989697715924,0.0,11.020096752224616,-1.2692438388795778e-10,0.0
594,35700.0,35700,11.02009675209757,11.02009675209757,100.58923913058298,0.0,11.020096752224449,-1.2687818092418185e-10,0.0
595,35760.0,35760,11.020096752097434,11.020096752097434,100.75858128400672,0.0,11.020096752224266,-1.268319102425532e-10,0.0
596,35820.0,35820,11.020096752097285,11.020096752097285,100.92792343743045,0.0,11.020096752224068,-1.2678557189821937e-10,0.0
597,35880.0,35880,11.02009675209712,11.02009675209712,101.09726559085418,0.0,11.020096752223859,-1.2673916594653525e-10,0.0
598,35940.0,35940,11.02009675209694,11.02009675209694,101.2666077442779,0.0,11.020096752223633,-1.2669269244288859e-10,0.0
599,36000.0,36000,11.020096752096748,11.020096752096748,101.43594989770163,0.0,11.020096752223395,-1.266461514428581e-10,0.0
600,36060.0,36060,11.02009675209654,11.02009675209654,101.60529205112536,0.0,11.020096752223141,-1.2659954300211095e-10,0.0
601,36120.0,36120,11.02009675209632,11.02009675209632,101.77463420454906,0.0,11.020096752222873,-1.26552867176471e-10,0.0
602,36180.0,36180,11.020096752096082,11.020096752096082,101.94397635797277,0.0,11.02009675222259,-1.2650612402180626e-10,0.0
603,36240.0,36240,11.020096752095832,11.020096752095832,102.1133185113965,0.0,11.020096752222292,-1.264593135941939e-10,0.0
604,36300.0,36300,11.020096752095567,11.020096752095567,102.2826606648202,0.0,11.02009675222198,-1.2641243594976012e-10,0.0
605,36360.0,36360,11.020096752095286,11.020096752095286,102.4520028182439,0.0,11.02009675222165,-1.263654911448108e-10,0.0
606,36420.0,36420,11.020096752094991,11.020096752094991,102.6213449716676,0.0,11.02009675222131,-1.263184792357238e-10,0.0
607,36480.0,36480,11.02009675209468,11.02009675209468,102.7906871250913,0.0,11.020096752220953,-1.2627140027900756e-10,0.0
608,36540.0,36540,11.020096752094357,11.020096752094357,102.96002927851498,0.0,11.020096752220581,-1.2622425433135528e-10,0.0
609,36600.0,36600,11.020096752094018,11.020096752094018,103.12937143193867,0.0,11.020096752220194,-1.261770414494372e-10,0.0
610,36660.0,36660,11.020096752093663,11.020096752093663,103.29871358536235,0.0,11.020096752219791,-1.2612976169021935e-10,0.0
611,36720.0,36720,11.020096752093293,11.020096752093293,103.46805573878602,0.0,11.020096752219375,-1.2608241511063504e-10,0.0
612,36780.0,36780,11.02009675209291,11.02009675209291,103.6373978922097,0.0,11.020096752218944,-1.2603500176785616e-10,0.0
613,36840.0,36840,11.02009675209251,11.02009675209251,103.80674004563336,0.0,11.020096752218498,-1.2598752171909055e-10,0.0
614,36900.0,36900,11.020096752092096,11.020096752092096,103.97608219905702,0.0,11.020096752218034,-1.259399750217453e-10,0.0
615,36960.0,36960,11.020096752091664,11.020096752091664,104.14542435248066,0.0,11.020096752217556,-1.2589236173323422e-10,0.0
616,37020.0,37020,11.02009675209122,11.02009675209122,104.3147665059043,0.0,11.020096752217064,-1.2584468191122253e-10,0.0
617,37080.0,37080,11.020096752090758,11.020096752090758,104.48410865932794,0.0,11.020096752216554,-1.2579693561342297e-10,0.0
618,37140.0,37140,11.020096752090282,11.020096752090282,104.65345081275157,0.0,11.02009675221603,-1.257491228976561e-10,0.0
619,37200.0,37200,11.02009675208979,11.02009675208979,104.8227929661752,0.0,11.020096752215492,-1.257012438219221e-10,0.0
620,37260.0,37260,11.020096752089282,11.020096752089282,104.99213511959881,0.0,11.020096752214938,-1.2565329844426385e-10,0.0
621,37320.0,37320,11.020096752088762,11.020096752088762,105.16147727302241,0.0,11.020096752214366,-1.2560528682293966e-10,0.0
622,37380.0,37380,11.020096752088223,11.020096752088223,105.33081942644601,0.0,11.02009675221378,-1.255572090162505e-10,0.0
623,37440.0,37440,11.02009675208767,11.02009675208767,105.50016157986961,0.0,11.020096752213178,-1.2550906508265247e-10,0.0
624,37500.0,37500,11.0200967520871,11.0200967520871,105.6695037332932,0.0,11.02009675221256,-1.2546085508072423e-10,0.0
625,37560.0,37560,11.020096752086515,11.020096752086515,105.83884588671677,0.0,11.020096752211927,-1.254125790691278e-10,0.0
626,37620.0,37620,11.020096752085914,11.020096752085914,106.00818804014034,0.0,11.020096752211277,-1.253642371067343e-10,0.0
627,37680.0,37680,11.020096752085296,11.020096752085296,106.17753019356388,0.0,11.020096752210613,-1.2531582925243777e-10,0.0
628,37740.0,37740,11.020096752084664,11.020096752084664,106.34687234698742,0.0,11.02009675220993,-1.252673555652825e-10,0.0
629,37800.0,37800,11.020096752084013,11.020096752084013,106.51621450041097,0.0,11.020096752209234,-1.252188161044893e-10,0.0
630,37860.0,37860,11.02009675208335,11.02009675208335,106.68555665383451,0.0,11.02009675220852,-1.2517021092930676e-10,0.0
631,37920.0,37920,11.020096752082669,11.020096752082669,106.85489880725802,0.0,11.020096752207792,-1.251215400991991e-10,0.0
632,37980.0,37980,11.020096752081972,11.020096752081972,107.02424096068154,0.0,11.020096752207046,-1.2507280367365507e-10,0.0
633,38040.0,38040,11.02009675208126,11.02009675208126,107.19358311410502,0.0,11.020096752206284,-1.2502400171237094e-10,0.0
634,38100.0,38100,11.02009675208053,11.02009675208053,107.36292526752851,0.0,11.020096752205506,-1.2497513427514264e-10,0.0
635,38160.0,38160,11.020096752079784,11.020096752079784,107.53226742095198,0.0,11.020096752204712,-1.2492620142182491e-10,0.0
636,38220.0,38220,11.020096752079024,11.020096752079024,107.70160957437545,0.0,11.0200967522039,-1.2487720321246202e-10,0.0
637,38280.0,38280,11.020096752078244,11.020096752078244,107.8709517277989,0.0,11.020096752203072,-1.2482813970722897e-10,0.0
638,38340.0,38340,11.02009675207745,11.02009675207745,108.04029388122234,0.0,11.020096752202228,-1.247790109663514e-10,0.0
639,38400.0,38400,11.020096752076638,11.020096752076638,108.20963603464577,0.0,11.020096752201368,-1.247298170502314e-10,0.0
640,38460.0,38460,11.02009675207581,11.02009675207581,108.37897818806918,0.0,11.020096752200491,-1.2468055801938712e-10,0.0
641,38520.0,38520,11.020096752074966,11.020096752074966,108.54832034149258,0.0,11.020096752199597,-1.2463123393442977e-10,0.0
642,38580.0,38580,11.020096752074105,11.020096752074105,108.71766249491598,0.0,11.020096752198686,-1.2458184485614052e-10,0.0
643,38640.0,38640,11.02009675207323,11.02009675207323,108.88700464833937,0.0,11.02009675219776,-1.245323908453496e-10,0.0
644,38700.0,38700,11.020096752072334,11.020096752072334,109.05634680176274,0.0,11.020096752196816,-1.2448287196307502e-10,0.0
645,38760.0,38760,11.02009675207142,11.02009675207142,109.22568895518609,0.0,11.020096752195855,-1.2443328827043785e-10,0.0
646,38820.0,38820,11.020096752070494,11.020096752070494,109.39503110860942,0.0,11.020096752194878,-1.243836398286228e-10,0.0
647,38880.0,38880,11.020096752069549,11.020096752069549,109.56437326203275,0.0,11.020096752193883,-1.24333926699081e-10,0.0
648,38940.0,38940,11.020096752068588,11.020096752068588,109.73371541545606,0.0,11.02009675219287,-1.2428414894320464e-10,0.0
649,39000.0,39000,11.020096752067609,11.020096752067609,109.90305756887935,0.0,11.020096752191842,-1.2423430662262454e-10,0.0
650,39060.0,39060,11.020096752066612,11.020096752066612,110.07239972230262,0.0,11.020096752190797,-1.2418439979906463e-10,0.0
651,39120.0,39120,11.020096752065598,11.020096752065598,110.2417418757259,0.0,11.020096752189733,-1.2413442853436812e-10,0.0
652,39180.0,39180,11.02009675206457,11.02009675206457,110.41108402914912,0.0,11.020096752188653,-1.2408439289044685e-10,0.0
653,39240.0,39240,11.020096752063521,11.020096752063521,110.58042618257235,0.0,11.020096752187557,-1.240342929294626e-10,0.0
654,39300.0,39300,11.020096752062456,11.020096752062456,110.74976833599558,0.0,11.02009675218644,-1.2398412871358537e-10,0.0
655,39360.0,39360,11.020096752061376,11.020096752061376,110.91911048941877,0.0,11.020096752185308,-1.239339003051208e-10,0.0
656,39420.0,39420,11.020096752060276,11.020096752060276,111.08845264284196,0.0,11.02009675218416,-1.2388360776654598e-10,0.0
657,39480.0,39480,11.020096752059159,11.020096752059159,111.25779479626513,0.0,11.020096752182992,-1.2383325116040676e-10,0.0
658,39540.0,39540,11.020096752058025,11.020096752058025,111.42713694968828,0.0,11.020096752181807,-1.237828305493992e-10,0.0
659,39600.0,39600,11.020096752056872,11.020096752056872,111.5964791031114,0.0,11.020096752180606,-1.2373234599633706e-10,0.0
660,39660.0,39660,11.020096752055704,11.020096752055704,111.76582125653452,0.0,11.020096752179384,-1.236817975641517e-10,0.0
661,39720.0,39720,11.020096752054515,11.020096752054515,111.93516340995761,0.0,11.020096752178148,-1.2363118531588078e-10,0.0
662,39780.0,39780,11.020096752053313,11.020096752053313,112.10450556338068,0.0,11.020096752176892,-1.23580509314735e-10,0.0
663,39840.0,39840,11.02009675205209,11.02009675205209,112.27384771680376,0.0,11.02009675217562,-1.2352976962396113e-10,0.0
664,39900.0,39900,11.020096752050849,11.020096752050849,112.44318987022679,0.0,11.020096752174329,-1.2347896630700522e-10,0.0
665,39960.0,39960,11.020096752049591,11.020096752049591,112.6125320236498,0.0,11.02009675217302,-1.2342809942740645e-10,0.0
666,40020.0,40020,11.020096752048316,11.020096752048316,112.78187417707281,0.0,11.020096752171693,-1.2337716904880046e-10,0.0
667,40080.0,40080,11.020096752047023,11.020096752047023,112.95121633049578,0.0,11.020096752170348,-1.2332617523495026e-10,0.0
668,40140.0,40140,11.02009675204571,11.02009675204571,113.12055848391876,0.0,11.020096752168987,-1.2327511804982153e-10,0.0
669,40200.0,40200,11.020096752044381,11.020096752044381,113.28990063734169,0.0,11.020096752167603,-1.2322399755737985e-10,0.0
670,40260.0,40260,11.020096752043033,11.020096752043033,113.45924279076462,0.0,11.020096752166205,-1.2317281382175758e-10,0.0
671,40320.0,40320,11.020096752041667,11.020096752041667,113.62858494418751,0.0,11.020096752164788,-1.2312156690726183e-10,0.0
672,40380.0,40380,11.020096752040283,11.020096752040283,113.7979270976104,0.0,11.020096752163353,-1.230702568782324e-10,0.0
673,40440.0,40440,11.020096752038882,11.020096752038882,113.96726925103326,0.0,11.020096752161898,-1.23018883799197e-10,0.0
674,40500.0,40500,11.02009675203746,11.02009675203746,114.13661140445609,0.0,11.020096752160427,-1.2296744773479611e-10,0.0
675,40560.0,40560,11.020096752036022,11.020096752036022,114.30595355787892,0.0,11.020096752158937,-1.2291594874974528e-10,0.0
676,40620.0,40620,11.020096752034563,11.020096752034563,114.47529571130171,0.0,11.020096752157428,-1.2286438690891703e-10,0.0
677,40680.0,40680,11.020096752033087,11.020096752033087,114.64463786472449,0.0,11.0200967521559,-1.228127622772965e-10,0.0
678,40740.0,40740,11.020096752031593,11.020096752031593,114.81398001814725,0.0,11.020096752154355,-1.227610749200111e-10,0.0
679,40800.0,40800,11.020096752030081,11.020096752030081,114.98332217156997,0.0,11.02009675215279,-1.2270932490225186e-10,0.0
680,40860.0,40860,11.020096752028548,11.020096752028548,115.15266432499267,0.0,11.020096752151208,-1.2265751228942225e-10,0.0
681,40920.0,40920,11.020096752027,11.020096752027,115.32200647841535,0.0,11.020096752149605,-1.2260563714695684e-10,0.0
682,40980.0,40980,11.020096752025431,11.020096752025431,115.49134863183801,0.0,11.020096752147985,-1.2255369954043062e-10,0.0
683,41040.0,41040,11.020096752023845,11.020096752023845,115.66069078526063,0.0,11.020096752146346,-1.2250169953559187e-10,0.0
684,41100.0,41100,11.020096752022237,11.020096752022237,115.83003293868325,0.0,11.020096752144687,-1.224496371982574e-10,0.0
685,41160.0,41160,11.020096752020612,11.020096752020612,115.99937509210582,0.0,11.02009675214301,-1.2239751259436665e-10,0.0
686,41220.0,41220,11.020096752018969,11.020096752018969,116.16871724552838,0.0,11.020096752141315,-1.2234532579002889e-10,0.0
687,41280.0,41280,11.020096752017306,11.020096752017306,116.33805939895092,0.0,11.0200967521396,-1.222930768514009e-10,0.0
688,41340.0,41340,11.020096752015625,11.020096752015625,116.50740155237341,0.0,11.020096752137865,-1.222407658448011e-10,0.0
689,41400.0,41400,11.020096752013924,11.020096752013924,116.6767437057959,0.0,11.02009675213611,-1.2218839283668683e-10,0.0
690,41460.0,41460,11.020096752012204,11.020096752012204,116.84608585921835,0.0,11.02009675213434,-1.221359578935857e-10,0.0
691,41520.0,41520,11.020096752010463,11.020096752010463,117.01542801264077,0.0,11.020096752132547,-1.2208346108219198e-10,0.0
692,41580.0,41580,11.020096752008705,11.020096752008705,117.18477016606317,0.0,11.020096752130737,-1.2203090246931758e-10,0.0
693,41640.0,41640,11.020096752006928,11.020096752006928,117.35411231948557,0.0,11.020096752128907,-1.2197828212181525e-10,0.0
694,41700.0,41700,11.020096752005133,11.020096752005133,117.5234544729079,0.0,11.020096752127058,-1.2192560010678933e-10,0.0
695,41760.0,41760,11.020096752003315,11.020096752003315,117.69279662633024,0.0,11.020096752125188,-1.2187285649135568e-10,0.0
696,41820.0,41820,11.02009675200148,11.02009675200148,117.86213877975251,0.0,11.020096752123301,-1.218200513428098e-10,0.0
697,41880.0,41880,11.020096751999624,11.020096751999624,118.03148093317479,0.0,11.020096752121393,-1.21767184728542e-10,0.0
698,41940.0,41940,11.020096751997752,11.020096751997752,118.20082308659703,0.0,11.020096752119466,-1.2171425671606675e-10,0.0
699,42000.0,42000,11.020096751995858,11.020096751995858,118.37016524001923,0.0,11.020096752117517,-1.2166126737302437e-10,0.0
700,42060.0,42060,11.020096751993943,11.020096751993943,118.53950739344141,0.0,11.020096752115553,-1.2160821676717115e-10,0.0
701,42120.0,42120,11.02009675199201,11.02009675199201,118.70884954686356,0.0,11.020096752113565,-1.215551049663892e-10,0.0
702,42180.0,42180,11.020096751990058,11.020096751990058,118.87819170028568,0.0,11.02009675211156,-1.2150193203865048e-10,0.0
703,42240.0,42240,11.020096751988087,11.020096751988087,119.04753385370778,0.0,11.020096752109534,-1.214486980521263e-10,0.0
704,42300.0,42300,11.020096751986094,11.020096751986094,119.21687600712983,0.0,11.02009675210749,-1.2139540307500267e-10,0.0
705,42360.0,42360,11.020096751984081,11.020096751984081,119.38621816055185,0.0,11.020096752105424,-1.2134204717563393e-10,0.0
706,42420.0,42420,11.020096751982049,11.020096751982049,119.55556031397383,0.0,11.020096752103338,-1.2128863042254756e-10,0.0
707,42480.0,42480,11.020096751979999,11.020096751979999,119.7249024673958,0.0,11.020096752101233,-1.2123515288427922e-10,0.0
708,42540.0,42540,11.020096751977926,11.020096751977926,119.89424462081772,0.0,11.020096752099107,-1.2118161462958025e-10,0.0
709,42600.0,42600,11.020096751975835,11.020096751975835,120.06358677423964,0.0,11.020096752096961,-1.2112801572727883e-10,0.0
710,42660.0,42660,11.020096751973723,11.020096751973723,120.2329289276615,0.0,11.020096752094796,-1.2107435624631416e-10,0.0
711,42720.0,42720,11.020096751971591,11.020096751971591,120.40227108108336,0.0,11.020096752092611,-1.2102063625577582e-10,0.0
712,42780.0,42780,11.020096751969438,11.020096751969438,120.57161323450516,0.0,11.020096752090405,-1.2096685582485466e-10,0.0
713,42840.0,42840,11.020096751967266,11.020096751967266,120.74095538792695,0.0,11.020096752088179,-1.2091301502286411e-10,0.0
714,42900.0,42900,11.020096751965074,11.020096751965074,120.91029754134868,0.0,11.020096752085934,-1.208591139192401e-10,0.0
715,42960.0,42960,11.02009675196286,11.02009675196286,121.07963969477039,0.0,11.020096752083665,-1.2080515258351664e-10,0.0
716,43020.0,43020,11.020096751960628,11.020096751960628,121.24898184819206,0.0,11.020096752081379,-1.2075113108540253e-10,0.0
717,43080.0,43080,11.020096751958373,11.020096751958373,121.41832400161371,0.0,11.02009675207907,-1.2069704949463434e-10,0.0
718,43140.0,43140,11.0200967519561,11.0200967519561,121.58766615503532,0.0,11.020096752076743,-1.2064290788114803e-10,0.0
719,43200.0,43200,11.020096751953805,11.020096751953805,121.75700830845688,0.0,11.020096752074394,-1.2058870631498897e-10,0.0
720,43260.0,43260,11.020096751951492,11.020096751951492,121.92635046187843,0.0,11.020096752072025,-1.205344448662728e-10,0.0
721,43320.0,43320,11.020096751949154,11.020096751949154,122.09569261529992,0.0,11.020096752069636,-1.2048012360528676e-10,0.0
722,43380.0,43380,11.020096751946799,11.020096751946799,122.26503476872138,0.0,11.020096752067225,-1.2042574260241936e-10,0.0
723,43440.0,43440,11.02009675194442,11.02009675194442,122.4343769221428,0.0,11.020096752064793,-1.2037130192815387e-10,0.0
724,43500.0,43500,11.020096751942024,11.020096751942024,122.60371907556419,0.0,11.02009675206234,-1.2031680165311246e-10,0.0
725,43560.0,43560,11.020096751939604,11.020096751939604,122.77306122898554,0.0,11.020096752059867,-1.2026224184804475e-10,0.0
726,43620.0,43620,11.020096751937167,11.020096751937167,122.94240338240687,0.0,11.020096752057373,-1.2020762258381798e-10,0.0
727,43680.0,43680,11.020096751934705,11.020096751934705,123.11174553582813,0.0,11.020096752054858,-1.2015294393139252e-10,0.0
728,43740.0,43740,11.020096751932224,11.020096751932224,123.28108768924938,0.0,11.020096752052323,-1.2009820596187909e-10,0.0
729,43800.0,43800,11.020096751929723,11.020096751929723,123.45042984267057,0.0,11.020096752049767,-1.200434087464978e-10,0.0
730,43860.0,43860,11.0200967519272,11.0200967519272,123.61977199609174,0.0,11.020096752047188,-1.199885523565539e-10,0.0
731,43920.0,43920,11.020096751924656,11.020096751924656,123.78911414951287,0.0,11.020096752044589,-1.199336368635191e-10,0.0
732,43980.0,43980,11.02009675192209,11.02009675192209,123.95845630293395,0.0,11.020096752041969,-1.1987866233895995e-10,0.0
733,44040.0,44040,11.020096751919503,11.020096751919503,124.12779845635501,0.0,11.020096752039327,-1.1982362885457868e-10,0.0
734,44100.0,44100,11.020096751916896,11.020096751916896,124.29714060977602,0.0,11.020096752036665,-1.1976853648216073e-10,0.0
735,44160.0,44160,11.020096751914267,11.020096751914267,124.46648276319698,0.0,11.02009675203398,-1.1971338529361908e-10,0.0
736,44220.0,44220,11.020096751911618,11.020096751911618,124.6358249166179,0.0,11.020096752031275,-1.1965817536103662e-10,0.0
737,44280.0,44280,11.020096751908946,11.020096751908946,124.80516707003879,0.0,11.020096752028548,-1.1960290675655173e-10,0.0
738,44340.0,44340,11.020096751906253,11.020096751906253,124.97450922345963,0.0,11.0200967520258,-1.195475795523846e-10,0.0
739,44400.0,44400,11.020096751903539,11.020096751903539,125.14385137688043,0.0,11.02009675202303,-1.1949219382104444e-10,0.0
740,44460.0,44460,11.020096751900804,11.020096751900804,125.3131935303012,0.0,11.020096752020239,-1.194367496349508e-10,0.0
741,44520.0,44520,11.020096751898045,11.020096751898045,125.48253568372192,0.0,11.020096752017427,-1.193812470667584e-10,0.0
742,44580.0,44580,11.020096751895267,11.020096751895267,125.65187783714262,0.0,11.020096752014592,-1.1932568618923141e-10,0.0
743,44640.0,44640,11.020096751892467,11.020096751892467,125.82121999056324,0.0,11.020096752011735,-1.192700670752272e-10,0.0
744,44700.0,44700,11.020096751889644,11.020096751889644,125.99056214398384,0.0,11.020096752008858,-1.192143897977175e-10,0.0
745,44760.0,44760,11.0200967518868,11.0200967518868,126.15990429740438,0.0,11.020096752005959,-1.191586544297998e-10,0.0
746,44820.0,44820,11.020096751883935,11.020096751883935,126.3292464508249,0.0,11.020096752003036,-1.19102861044704e-10,0.0
747,44880.0,44880,11.020096751881047,11.020096751881047,126.49858860424536,0.0,11.020096752000093,-1.1904700971573673e-10,0.0
748,44940.0,44940,11.020096751878137,11.020096751878137,126.66793075766576,0.0,11.020096751997128,-1.1899110051640894e-10,0.0
749,45000.0,45000,11.020096751875206,11.020096751875206,126.83727291108615,0.0,11.02009675199414,-1.1893513352023152e-10,0.0
750,45060.0,45060,11.020096751872252,11.020096751872252,127.00661506450648,0.0,11.020096751991131,-1.1887910880089835e-10,0.0
751,45120.0,45120,11.020096751869277,11.020096751869277,127.17595721792675,0.0,11.0200967519881,-1.1882302643220625e-10,0.0
752,45180.0,45180,11.02009675186628,11.02009675186628,127.345299371347,0.0,11.020096751985047,-1.1876688648808445e-10,0.0
753,45240.0,45240,11.020096751863262,11.020096751863262,127.51464152476719,0.0,11.020096751981972,-1.1871068904255852e-10,0.0
754,45300.0,45300,11.020096751860219,11.020096751860219,127.68398367818732,0.0,11.020096751978874,-1.1865443416977493e-10,0.0
755,45360.0,45360,11.020096751857157,11.020096751857157,127.85332583160742,0.0,11.020096751975755,-1.1859812194401088e-10,0.0
756,45420.0,45420,11.02009675185407,11.02009675185407,128.02266798502745,0.0,11.020096751972613,-1.1854175243965142e-10,0.0
757,45480.0,45480,11.020096751850962,11.020096751850962,128.19201013844747,0.0,11.020096751969447,-1.1848532573116984e-10,0.0
758,45540.0,45540,11.02009675184783,11.02009675184783,128.3613522918674,0.0,11.020096751966262,-1.1842884189320278e-10,0.0
759,45600.0,45600,11.02009675184468,11.02009675184468,128.53069444528734,0.0,11.020096751963052,-1.183723010004882e-10,0.0
760,45660.0,45660,11.020096751841505,11.020096751841505,128.70003659870721,0.0,11.02009675195982,-1.183157031278572e-10,0.0
761,45720.0,45720,11.020096751838306,11.020096751838306,128.86937875212703,0.0,11.020096751956567,-1.1825904835024056e-10,0.0
762,45780.0,45780,11.020096751835087,11.020096751835087,129.0387209055468,0.0,11.02009675195329,-1.1820233674275367e-10,0.0
763,45840.0,45840,11.020096751831844,11.020096751831844,129.2080630589665,0.0,11.020096751949989,-1.181455683806034e-10,0.0
764,45900.0,45900,11.020096751828579,11.020096751828579,129.37740521238615,0.0,11.020096751946669,-1.1808874333905713e-10,0.0
765,45960.0,45960,11.02009675182529,11.02009675182529,129.54674736580574,0.0,11.020096751943322,-1.180318616935717e-10,0.0
766,46020.0,46020,11.020096751821981,11.020096751821981,129.71608951922533,0.0,11.020096751939956,-1.1797492351965305e-10,0.0
767,46080.0,46080,11.020096751818649,11.020096751818649,129.88543167264484,0.0,11.020096751936567,-1.1791792889299496e-10,0.0
768,46140.0,46140,11.020096751815293,11.020096751815293,130.0547738260643,0.0,11.020096751933153,-1.1786087788934678e-10,0.0
769,46200.0,46200,11.020096751811915,11.020096751811915,130.2241159794837,0.0,11.020096751929717,-1.1780377058456403e-10,0.0
770,46260.0,46260,11.020096751808511,11.020096751808511,130.39345813290305,0.0,11.020096751926257,-1.177466070546706e-10,0.0
771,46320.0,46320,11.020096751805088,11.020096751805088,130.56280028632236,0.0,11.020096751922777,-1.1768938737579818e-10,0.0
772,46380.0,46380,11.02009675180164,11.02009675180164,130.73214243974164,0.0,11.020096751919272,-1.176321116241503e-10,0.0
773,46440.0,46440,11.02009675179817,11.02009675179817,130.90148459316083,0.0,11.020096751915746,-1.175747798760727e-10,0.0
774,46500.0,46500,11.020096751794677,11.020096751794677,131.07082674657994,0.0,11.020096751912195,-1.175173922080206e-10,0.0
775,46560.0,46560,11.020096751791161,11.020096751791161,131.24016889999905,0.0,11.020096751908621,-1.1745994869657823e-10,0.0
776,46620.0,46620,11.020096751787621,11.020096751787621,131.4095110534181,0.0,11.020096751905022,-1.1740244941840994e-10,0.0
777,46680.0,46680,11.020096751784058,11.020096751784058,131.5788532068371,0.0,11.020096751901404,-1.1734489445032876e-10,0.0
778,46740.0,46740,11.020096751780473,11.020096751780473,131.748195360256,0.0,11.020096751897759,-1.1728728386925555e-10,0.0
779,46800.0,46800,11.020096751776864,11.020096751776864,131.9175375136749,0.0,11.020096751894092,-1.172296177521863e-10,0.0
780,46860.0,46860,11.020096751773231,11.020096751773231,132.0868796670937,0.0,11.020096751890403,-1.171718961762821e-10,0.0
781,46920.0,46920,11.020096751769575,11.020096751769575,132.25622182051248,0.0,11.020096751886689,-1.1711411921880688e-10,0.0
782,46980.0,46980,11.020096751765896,11.020096751765896,132.4255639739312,0.0,11.020096751882953,-1.1705628695709488e-10,0.0
783,47040.0,47040,11.020096751762194,11.020096751762194,132.59490612734984,0.0,11.020096751879192,-1.1699839946866497e-10,0.0
784,47100.0,47100,11.020096751758468,11.020096751758468,132.76424828076844,0.0,11.020096751875409,-1.1694045683109485e-10,0.0
785,47160.0,47160,11.02009675175472,11.02009675175472,132.93359043418698,0.0,11.020096751871602,-1.1688245912207986e-10,0.0
786,47220.0,47220,11.020096751750946,11.020096751750946,133.10293258760544,0.0,11.02009675186777,-1.1682440641945906e-10,0.0
787,47280.0,47280,11.02009675174715,11.02009675174715,133.27227474102386,0.0,11.020096751863916,-1.16766298801168e-10,0.0
788,47340.0,47340,11.02009675174333,11.02009675174333,133.4416168944422,0.0,11.020096751860038,-1.1670813634520425e-10,0.0
789,47400.0,47400,11.020096751739485,11.020096751739485,133.61095904786052,0.0,11.020096751856135,-1.1664991912979254e-10,0.0
790,47460.0,47460,11.020096751735618,11.020096751735618,133.78030120127872,0.0,11.02009675185221,-1.1659164723317067e-10,0.0
791,47520.0,47520,11.020096751731728,11.020096751731728,133.94964335469692,0.0,11.02009675184826,-1.1653332073370547e-10,0.0
792,47580.0,47580,11.020096751727811,11.020096751727811,134.11898550811506,0.0,11.020096751844287,-1.1647493970992394e-10,0.0
793,47640.0,47640,11.020096751723873,11.020096751723873,134.28832766153312,0.0,11.020096751840288,-1.164165042404053e-10,0.0
794,47700.0,47700,11.02009675171991,11.02009675171991,134.45766981495112,0.0,11.020096751836268,-1.1635801440389393e-10,0.0
795,47760.0,47760,11.020096751715924,11.020096751715924,134.62701196836906,0.0,11.020096751832222,-1.1629947027920923e-10,0.0
796,47820.0,47820,11.020096751711913,11.020096751711913,134.79635412178692,0.0,11.020096751828154,-1.1624087194526541e-10,0.0
797,47880.0,47880,11.020096751707879,11.020096751707879,134.96569627520475,0.0,11.020096751824061,-1.1618221948118911e-10,0.0
798,47940.0,47940,11.02009675170382,11.02009675170382,135.13503842862252,0.0,11.020096751819944,-1.1612351296606446e-10,0.0
799,48000.0,48000,11.020096751699738,11.020096751699738,135.3043805820402,0.0,11.020096751815801,-1.1606475247922236e-10,0.0
800,48060.0,48060,11.02009675169563,11.02009675169563,135.47372273545787,0.0,11.020096751811636,-1.1600593810003611e-10,0.0
801,48120.0,48120,11.020096751691499,11.020096751691499,135.64306488887541,0.0,11.020096751807447,-1.1594706990799999e-10,0.0
802,48180.0,48180,11.020096751687346,11.020096751687346,135.81240704229293,0.0,11.020096751803234,-1.1588814798274058e-10,0.0
803,48240.0,48240,11.020096751683164,11.020096751683164,135.9817491957104,0.0,11.020096751798995,-1.1582917240393679e-10,0.0
804,48300.0,48300,11.020096751678961,11.020096751678961,136.15109134912777,0.0,11.020096751794732,-1.1577014325144068e-10,0.0
805,48360.0,48360,11.020096751674732,11.020096751674732,136.3204335025451,0.0,11.020096751790444,-1.1571106060523341e-10,0.0
806,48420.0,48420,11.02009675167048,11.02009675167048,136.48977565596235,0.0,11.020096751786133,-1.156519245453239e-10,0.0
807,48480.0,48480,11.020096751666204,11.020096751666204,136.65911780937952,0.0,11.020096751781796,-1.155927351518845e-10,0.0
808,48540.0,48540,11.020096751661903,11.020096751661903,136.82845996279664,0.0,11.020096751777436,-1.1553349250520188e-10,0.0
809,48600.0,48600,11.020096751657576,11.020096751657576,136.99780211621368,0.0,11.02009675177305,-1.1547419668560196e-10,0.0
810,48660.0,48660,11.020096751653226,11.020096751653226,137.16714426963068,0.0,11.02009675176864,-1.1541484777365902e-10,0.0
811,48720.0,48720,11.02009675164885,11.02009675164885,137.3364864230476,0.0,11.020096751764207,-1.1535544584992114e-10,0.0
812,48780.0,48780,11.020096751644452,11.020096751644452,137.50582857646447,0.0,11.020096751759747,-1.1529599099510314e-10,0.0
813,48840.0,48840,11.020096751640027,11.020096751640027,137.67517072988127,0.0,11.020096751755263,-1.1523648329004068e-10,0.0
814,48900.0,48900,11.020096751635577,11.020096751635577,137.84451288329797,0.0,11.020096751750755,-1.1517692281566422e-10,0.0
815,48960.0,48960,11.020096751631105,11.020096751631105,138.01385503671463,0.0,11.020096751746221,-1.1511730965302513e-10,0.0
816,49020.0,49020,11.020096751626607,11.020096751626607,138.1831971901312,0.0,11.020096751741663,-1.1505764388322868e-10,0.0
817,49080.0,49080,11.020096751622082,11.020096751622082,138.35253934354773,0.0,11.02009675173708,-1.1499792558757296e-10,0.0
818,49140.0,49140,11.020096751617535,11.020096751617535,138.52188149696417,0.0,11.02009675173247,-1.1493815484737893e-10,0.0
819,49200.0,49200,11.02009675161296,11.02009675161296,138.69122365038055,0.0,11.02009675172784,-1.1487833174417177e-10,0.0
820,49260.0,49260,11.020096751608362,11.020096751608362,138.86056580379685,0.0,11.020096751723182,-1.1481845635947341e-10,0.0
821,49320.0,49320,11.02009675160374,11.02009675160374,139.02990795721308,0.0,11.020096751718498,-1.1475852877503617e-10,0.0
822,49380.0,49380,11.020096751599093,11.020096751599093,139.1992501106292,0.0,11.02009675171379,-1.1469854907263194e-10,0.0
823,49440.0,49440,11.02009675159442,11.02009675159442,139.3685922640453,0.0,11.020096751709058,-1.1463851733415519e-10,0.0
824,49500.0,49500,11.02009675158972,11.02009675158972,139.53793441746132,0.0,11.0200967517043,-1.1457843364160985e-10,0.0
825,49560.0,49560,11.020096751584997,11.020096751584997,139.70727657087727,0.0,11.020096751699516,-1.1451829807715506e-10,0.0
826,49620.0,49620,11.02009675158025,11.02009675158025,139.87661872429317,0.0,11.020096751694707,-1.1445811072298592e-10,0.0
827,49680.0,49680,11.020096751575474,11.020096751575474,140.04596087770892,0.0,11.020096751689874,-1.1439787166144785e-10,0.0
828,49740.0,49740,11.020096751570676,11.020096751570676,140.21530303112468,0.0,11.020096751685013,-1.1433758097499734e-10,0.0
829,49800.0,49800,11.020096751565852,11.020096751565852,140.38464518454032,0.0,11.020096751680128,-1.142772387461563e-10,0.0
830,49860.0,49860,11.020096751561,11.020096751561,140.5539873379559,0.0,11.020096751675219,-1.1421684505758872e-10,0.0
831,49920.0,49920,11.020096751556128,11.020096751556128,140.7233294913714,0.0,11.020096751670284,-1.1415639999207792e-10,0.0
832,49980.0,49980,11.020096751551225,11.020096751551225,140.89267164478684,0.0,11.020096751665323,-1.1409590363247582e-10,0.0
833,50040.0,50040,11.020096751546301,11.020096751546301,141.0620137982022,0.0,11.020096751660336,-1.1403535606173238e-10,0.0
834,50100.0,50100,11.020096751541349,11.020096751541349,141.23135595161747,0.0,11.020096751655323,-1.1397475736297728e-10,0.0
835,50160.0,50160,11.020096751536373,11.020096751536373,141.4006981050327,0.0,11.020096751650286,-1.1391410761937615e-10,0.0
836,50220.0,50220,11.02009675153137,11.02009675153137,141.57004025844782,0.0,11.020096751645223,-1.1385340691419757e-10,0.0
837,50280.0,50280,11.02009675152634,11.02009675152634,141.73938241186286,0.0,11.020096751640134,-1.1379265533087348e-10,0.0
838,50340.0,50340,11.020096751521287,11.020096751521287,141.90872456527782,0.0,11.020096751635018,-1.1373185295290774e-10,0.0
839,50400.0,50400,11.020096751516208,11.020096751516208,142.07806671869272,0.0,11.020096751629879,-1.1367099986386956e-10,0.0
840,50460.0,50460,11.020096751511103,11.020096751511103,142.24740887210754,0.0,11.020096751624713,-1.1361009614750132e-10,0.0
841,50520.0,50520,11.020096751505973,11.020096751505973,142.41675102552227,0.0,11.020096751619521,-1.135491418876304e-10,0.0
842,50580.0,50580,11.020096751500814,11.020096751500814,142.58609317893695,0.0,11.020096751614302,-1.1348813716813482e-10,0.0
843,50640.0,50640,11.020096751495633,11.020096751495633,142.7554353323515,0.0,11.020096751609058,-1.1342708207309844e-10,0.0
844,50700.0,50700,11.020096751490424,11.020096751490424,142.92477748576604,0.0,11.020096751603791,-1.1336597668661335e-10,0.0
845,50760.0,50760,11.020096751485191,11.020096751485191,143.09411963918046,0.0,11.020096751598494,-1.1330482109294149e-10,0.0
846,50820.0,50820,11.02009675147993,11.02009675147993,143.2634617925948,0.0,11.020096751593172,-1.1324361537640042e-10,0.0
847,50880.0,50880,11.020096751474643,11.020096751474643,143.43280394600905,0.0,11.020096751587825,-1.1318235962142203e-10,0.0
848,50940.0,50940,11.02009675146933,11.02009675146933,143.60214609942324,0.0,11.020096751582452,-1.1312105391259183e-10,0.0
849,51000.0,51000,11.020096751463992,11.020096751463992,143.77148825283734,0.0,11.020096751577052,-1.130596983345476e-10,0.0
850,51060.0,51060,11.02009675145863,11.02009675145863,143.9408304062513,0.0,11.020096751571625,-1.129982929720431e-10,0.0
851,51120.0,51120,11.020096751453238,11.020096751453238,144.11017255966524,0.0,11.020096751566175,-1.1293683790992363e-10,0.0
852,51180.0,51180,11.02009675144782,11.02009675144782,144.2795147130791,0.0,11.020096751560695,-1.1287533323314069e-10,0.0
853,51240.0,51240,11.020096751442377,11.020096751442377,144.4488568664929,0.0,11.020096751555192,-1.1281377902676992e-10,0.0
854,51300.0,51300,11.020096751436908,11.020096751436908,144.61819901990657,0.0,11.02009675154966,-1.1275217537598828e-10,0.0
855,51360.0,51360,11.020096751431414,11.020096751431414,144.78754117332016,0.0,11.020096751544102,-1.1269052236603813e-10,0.0
856,51420.0,51420,11.020096751425891,11.020096751425891,144.95688332673367,0.0,11.02009675153852,-1.1262882008230882e-10,0.0
857,51480.0,51480,11.020096751420343,11.020096751420343,145.1262254801471,0.0,11.02009675153291,-1.1256706861025343e-10,0.0
858,51540.0,51540,11.020096751414767,11.020096751414767,145.29556763356044,0.0,11.020096751527273,-1.1250526803545252e-10,0.0
859,51600.0,51600,11.020096751409167,11.020096751409167,145.46490978697372,0.0,11.02009675152161,-1.1244341844358467e-10,0.0
860,51660.0,51660,11.020096751403539,11.020096751403539,145.6342519403869,0.0,11.020096751515922,-1.123815199204134e-10,0.0
861,51720.0,51720,11.020096751397885,11.020096751397885,145.80359409379997,0.0,11.020096751510204,-1.1231957255182806e-10,0.0
862,51780.0,51780,11.020096751392204,11.020096751392204,145.97293624721297,0.0,11.020096751504463,-1.1225757642379153e-10,0.0
863,51840.0,51840,11.020096751386497,11.020096751386497,146.1422784006259,0.0,11.020096751498693,-1.1219553162241536e-10,0.0
864,51900.0,51900,11.020096751380764,11.020096751380764,146.31162055403874,0.0,11.020096751492897,-1.12133438233816e-10,0.0
865,51960.0,51960,11.020096751375004,11.020096751375004,146.48096270745145,0.0,11.020096751487074,-1.1207129634435012e-10,0.0
866,52020.0,52020,11.020096751369216,11.020096751369216,146.6503048608641,0.0,11.020096751481226,-1.1200910604034004e-10,0.0
867,52080.0,52080,11.020096751363402,11.020096751363402,146.81964701427668,0.0,11.02009675147535,-1.1194686740827149e-10,0.0
868,52140.0,52140,11.020096751357562,11.020096751357562,146.98898916768914,0.0,11.020096751469447,-1.1188458053475761e-10,0.0
869,52200.0,52200,11.020096759856083,-288.9799032401439,147.1583313211015,300.0,1.7519972897371987e-10,-288.9799032403192,0.0
870,52260.0,52260,11.020096759856122,-288.97990324014387,142.34199960043225,300.0,1.7520003061392766e-10,-288.9799032403191,0.0
871,52320.0,52320,11.020096759856163,-288.9799032401438,137.52566787976295,300.0,1.752003119871644e-10,-288.97990324031906,0.0
872,52380.0,52380,11.0200967598562,-288.9799032401438,132.70933615909365,300.0,1.7520057315134868e-10,-288.97990324031906,0.0
873,52440.0,52440,11.020096759856235,-288.97990324014376,127.89300443842436,300.0,1.7520081416235337e-10,-288.97990324031895,0.0
874,52500.0,52500,11.020096759856271,-288.97990324014376,123.07667271775506,300.0,1.752010350736398e-10,-288.979903240319,0.0
875,52560.0,52560,11.020096759856305,-288.9799032401437,118.26034099708576,300.0,1.7520123593640464e-10,-288.97990324031895,0.0
876,52620.0,52620,11.020096759856337,-288.97990324014364,113.44400927641648,300.0,1.7520141679971402e-10,-288.9799032403189,0.0
877,52680.0,52680,11.020096759856367,-288.97990324014364,108.62767755574718,300.0,1.7520157771021254e-10,-288.97990324031895,0.0
878,52740.0,52740,11.020096759856395,-288.9799032401436,103.8113458350779,300.0,1.7520171871248615e-10,-288.97990324031883,0.0
879,52800.0,52800,11.020096759856424,-288.9799032401436,98.9950141144086,300.0,1.752018398487222e-10,-288.9799032403188,0.0
880,52860.0,52860,11.02009675985645,-288.9799032401435,94.17868239373932,300.0,1.7520194115895457e-10,-288.9799032403188,0.0
881,52920.0,52920,11.020096759400445,-133.97990324059944,89.36235067307004,144.99999999999986,1.1414373262136648e-10,-133.97990324071355,0.0
882,52980.0,52980,11.020096751290192,11.020096751290192,87.12935228572655,0.0,11.020096751401399,-1.1120613768032923e-10,0.0
883,53040.0,53040,11.020096751286367,11.020096751286367,87.29869443913792,0.0,11.020096751397537,-1.1117041540753399e-10,0.0
884,53100.0,53100,11.020096751282527,11.020096751282527,87.46803659254921,0.0,11.02009675139366,-1.1113462541236994e-10,0.0
885,53160.0,53160,11.02009675127867,11.02009675127867,87.63737874596045,0.0,11.020096751389769,-1.1109876774646676e-10,0.0
886,53220.0,53220,11.020096751274803,11.020096751274803,87.80672089937161,0.0,11.020096751385864,-1.1106284246155872e-10,0.0
887,53280.0,53280,11.020096751270918,11.020096751270918,87.97606305278272,0.0,11.020096751381944,-1.1102684960952056e-10,0.0
888,53340.0,53340,11.020096751267017,11.020096751267017,88.14540520619377,0.0,11.02009675137801,-1.1099078924235779e-10,0.0
889,53400.0,53400,11.020096751263106,11.020096751263106,88.31474735960477,0.0,11.02009675137406,-1.109546614121641e-10,0.0
890,53460.0,53460,11.020096751259176,11.020096751259176,88.4840895130157,0.0,11.020096751370096,-1.1091846617115411e-10,0.0
891,53520.0,53520,11.020096751255235,11.020096751255235,88.65343166642658,0.0,11.020096751366117,-1.1088220357171565e-10,0.0
892,53580.0,53580,11.020096751251275,11.020096751251275,88.82277381983738,0.0,11.020096751362122,-1.1084587366625774e-10,0.0
893,53640.0,53640,11.020096751247303,11.020096751247303,88.99211597324813,0.0,11.020096751358112,-1.1080947650743291e-10,0.0
894,53700.0,53700,11.020096751243317,11.020096751243317,89.16145812665881,0.0,11.020096751354089,-1.1077301214793125e-10,0.0
895,53760.0,53760,11.020096751239315,11.020096751239315,89.33080028006945,0.0,11.02009675135005,-1.1073648064058007e-10,0.0
896,53820.0,53820,11.020096751235297,11.020096751235297,89.50014243348002,0.0,11.020096751345998,-1.1069988203833253e-10,0.0
897,53880.0,53880,11.020096751231264,11.020096751231264,89.66948458689053,0.0,11.020096751341928,-1.1066321639426267e-10,0.0
898,53940.0,53940,11.020096751227218,11.020096751227218,89.83882674030097,0.0,11.020096751337844,-1.1062648376154095e-10,0.0
899,54000.0,54000,11.020096751223157,11.020096751223157,90.00816889371136,0.0,11.020096751333746,-1.1058968419351591e-10,0.0
900,54060.0,54060,11.020096751219079,11.020096751219079,90.17751104712167,0.0,11.020096751329632,-1.1055281774359656e-10,0.0
901,54120.0,54120,11.020096751214988,11.020096751214988,90.34685320053192,0.0,11.020096751325504,-1.1051588446533405e-10,0.0
902,54180.0,54180,11.02009675121088,11.02009675121088,90.51619535394212,0.0,11.020096751321358,-1.1047888441239715e-10,0.0
903,54240.0,54240,11.020096751206758,11.020096751206758,90.68553750735224,0.0,11.020096751317201,-1.104418176385756e-10,0.0
904,54300.0,54300,11.02009675120262,11.02009675120262,90.85487966076231,0.0,11.020096751313027,-1.1040468419779143e-10,0.0
905,54360.0,54360,11.02009675119847,11.02009675119847,91.02422181417231,0.0,11.020096751308838,-1.103674841440647e-10,0.0
906,54420.0,54420,11.020096751194302,11.020096751194302,91.19356396758225,0.0,11.020096751304632,-1.1033021753154459e-10,0.0
907,54480.0,54480,11.02009675119012,11.02009675119012,91.36290612099214,0.0,11.020096751300413,-1.1029288441451097e-10,0.0
908,54540.0,54540,11.020096751185921,11.020096751185921,91.53224827440194,0.0,11.020096751296178,-1.1025548484737115e-10,0.0
909,54600.0,54600,11.02009675118171,11.02009675118171,91.70159042781168,0.0,11.020096751291927,-1.1021801888458637e-10,0.0
910,54660.0,54660,11.02009675117748,11.02009675117748,91.87093258122137,0.0,11.02009675128766,-1.1018048658082048e-10,0.0
911,54720.0,54720,11.020096751173238,11.020096751173238,92.04027473463098,0.0,11.02009675128338,-1.101428879908386e-10,0.0
912,54780.0,54780,11.020096751168978,11.020096751168978,92.20961688804054,0.0,11.020096751279082,-1.1010522316946631e-10,0.0
913,54840.0,54840,11.020096751164704,11.020096751164704,92.37895904145002,0.0,11.020096751274771,-1.1006749217171225e-10,0.0
914,54900.0,54900,11.020096751160414,11.020096751160414,92.54830119485945,0.0,11.020096751270442,-1.1002969505267647e-10,0.0
915,54960.0,54960,11.020096751156109,11.020096751156109,92.7176433482688,0.0,11.0200967512661,-1.0999183186756529e-10,0.0
916,55020.0,55020,11.020096751151788,11.020096751151788,92.8869855016781,0.0,11.020096751261743,-1.0995390267178268e-10,0.0
917,55080.0,55080,11.020096751147452,11.020096751147452,93.05632765508732,0.0,11.020096751257368,-1.0991590752075718e-10,0.0
918,55140.0,55140,11.0200967511431,11.0200967511431,93.22566980849648,0.0,11.020096751252979,-1.0987784647005777e-10,0.0
919,55200.0,55200,11.020096751138734,11.020096751138734,93.39501196190557,0.0,11.020096751248573,-1.0983971957543651e-10,0.0
920,55260.0,55260,11.020096751134352,11.020096751134352,93.56435411531459,0.0,11.020096751244154,-1.0980152689266172e-10,0.0
921,55320.0,55320,11.020096751129953,11.020096751129953,93.73369626872355,0.0,11.020096751239716,-1.0976326847768477e-10,0.0
922,55380.0,55380,11.020096751125541,11.020096751125541,93.90303842213244,0.0,11.020096751235265,-1.0972494438658283e-10,0.0
923,55440.0,55440,11.02009675112111,11.02009675112111,94.07238057554126,0.0,11.020096751230797,-1.0968655467556865e-10,0.0
924,55500.0,55500,11.020096751116665,11.020096751116665,94.24172272895002,0.0,11.020096751226314,-1.0964809940086975e-10,0.0
925,55560.0,55560,11.020096751112206,11.020096751112206,94.4110648823587,0.0,11.020096751221814,-1.0960957861894725e-10,0.0
926,55620.0,55620,11.020096751107728,11.020096751107728,94.58040703576731,0.0,11.0200967512173,-1.0957099238632108e-10,0.0
927,55680.0,55680,11.020096751103237,11.020096751103237,94.74974918917584,0.0,11.020096751212769,-1.095323407596501e-10,0.0
928,55740.0,55740,11.020096751098729,11.020096751098729,94.91909134258434,0.0,11.020096751208223,-1.0949362379574018e-10,0.0
929,55800.0,55800,11.020096751094206,11.020096751094206,95.08843349599273,0.0,11.02009675120366,-1.0945484155141518e-10,0.0
930,55860.0,55860,11.020096751089666,11.020096751089666,95.25777564940107,0.0,11.02009675119908,-1.0941599408372607e-10,0.0
931,55920.0,55920,11.020096751085111,11.020096751085111,95.42711780280933,0.0,11.020096751194489,-1.093770814498235e-10,0.0
932,55980.0,55980,11.020096751080539,11.020096751080539,95.59645995621753,0.0,11.020096751189877,-1.0933810370691853e-10,0.0
933,56040.0,56040,11.020096751075952,11.020096751075952,95.76580210962567,0.0,11.020096751185251,-1.0929906091240856e-10,0.0
934,56100.0,56100,11.02009675107135,11.02009675107135,95.93514426303372,0.0,11.02009675118061,-1.0925995312374483e-10,0.0
935,56160.0,56160,11.02009675106673,11.02009675106673,96.10448641644172,0.0,11.02009675117595,-1.0922078039854531e-10,0.0
936,56220.0,56220,11.020096751062095,11.020096751062095,96.27382856984964,0.0,11.020096751171277,-1.0918154279453573e-10,0.0
937,56280.0,56280,11.020096751057444,11.020096751057444,96.4431707232575,0.0,11.020096751166585,-1.091422403695628e-10,0.0
938,56340.0,56340,11.020096751052778,11.020096751052778,96.61251287666525,0.0,11.020096751161882,-1.0910287318156468e-10,0.0
939,56400.0,56400,11.020096751048095,11.020096751048095,96.78185503007295,0.0,11.020096751157158,-1.0906344128864787e-10,0.0
940,56460.0,56460,11.020096751043395,11.020096751043395,96.95119718348059,0.0,11.020096751152419,-1.0902394474896456e-10,0.0
941,56520.0,56520,11.02009675103868,11.02009675103868,97.12053933688814,0.0,11.020096751147666,-1.0898438362085324e-10,0.0
942,56580.0,56580,11.020096751033948,11.020096751033948,97.28988149029564,0.0,11.020096751142892,-1.0894475796274228e-10,0.0
943,56640.0,56640,11.020096751029202,11.020096751029202,97.45922364370304,0.0,11.020096751138105,-1.0890506783315477e-10,0.0
944,56700.0,56700,11.020096751024436,11.020096751024436,97.62856579711038,0.0,11.020096751133302,-1.0886531329080664e-10,0.0
945,56760.0,56760,11.020096751019658,11.020096751019658,97.79790795051765,0.0,11.020096751128483,-1.0882549439443832e-10,0.0
946,56820.0,56820,11.020096751014862,11.020096751014862,97.96725010392487,0.0,11.020096751123646,-1.0878561120297976e-10,0.0
947,56880.0,56880,11.02009675101005,11.02009675101005,98.13659225733197,0.0,11.020096751118794,-1.0874566377539848e-10,0.0
948,56940.0,56940,11.02009675100522,11.02009675100522,98.30593441073903,0.0,11.020096751113925,-1.0870565217088426e-10,0.0
949,57000.0,57000,11.020096751000374,11.020096751000374,98.47527656414599,0.0,11.02009675110904,-1.0866557644865136e-10,0.0
950,57060.0,57060,11.020096750995512,11.020096750995512,98.64461871755289,0.0,11.02009675110414,-1.0862543666811986e-10,0.0
951,57120.0,57120,11.020096750990636,11.020096750990636,98.81396087095972,0.0,11.020096751099219,-1.0858523288874262e-10,0.0
952,57180.0,57180,11.02009675098574,11.02009675098574,98.98330302436645,0.0,11.020096751094286,-1.0854496517011946e-10,0.0
953,57240.0,57240,11.02009675098083,11.02009675098083,99.15264517777312,0.0,11.020096751089335,-1.0850463357200385e-10,0.0
954,57300.0,57300,11.020096750975904,11.020096750975904,99.32198733117973,0.0,11.020096751084367,-1.0846423815420478e-10,0.0
955,57360.0,57360,11.020096750970959,11.020096750970959,99.49132948458625,0.0,11.020096751079382,-1.0842377897668646e-10,0.0
956,57420.0,57420,11.020096750965998,11.020096750965998,99.66067163799269,0.0,11.020096751074382,-1.0838325609953729e-10,0.0
957,57480.0,57480,11.020096750961022,11.020096750961022,99.83001379139907,0.0,11.020096751069365,-1.0834266958293227e-10,0.0
958,57540.0,57540,11.020096750956029,11.020096750956029,99.99935594480534,0.0,11.02009675106433,-1.0830201948717871e-10,0.0
959,57600.0,57600,11.020096759858442,-288.9799032401416,100.16869809821156,300.0,1.7521049942495762e-10,-288.9799032403168,0.0
960,57660.0,57660,11.020096759858466,-288.9799032401416,95.35236637754232,300.0,1.7521061987150388e-10,-288.97990324031673,0.0
961,57720.0,57720,11.020096759858491,-288.97990324014154,90.53603465687307,300.0,1.7521072149710228e-10,-288.97990324031673,0.0
962,57780.0,57780,11.020096759858511,-288.97990324014154,85.71970293620382,300.0,1.7521080433693732e-10,-288.97990324031673,0.0
963,57840.0,57840,11.020096759858532,-288.97990324014154,80.90337121553455,300.0,1.7521086842416087e-10,-288.97990324031673,0.0
964,57900.0,57900,11.020096759858554,-288.9799032401415,76.0870394948653,300.0,1.752109137896602e-10,-288.9799032403167,0.0
965,57960.0,57960,11.020096759858571,-288.9799032401415,71.27070777419605,300.0,1.7521094046214628e-10,-288.9799032403167,0.0
966,58020.0,58020,11.020096759858589,-288.9799032401414,66.45437605352681,300.0,1.7521094846834644e-10,-288.9799032403166,0.0
967,58080.0,58080,11.020096759858605,-288.9799032401414,61.63804433285756,300.0,1.7521093783266795e-10,-288.9799032403167,0.0
968,58140.0,58140,11.02009675985862,-288.9799032401414,56.8217126121883,300.0,1.7521090857752136e-10,-288.9799032403166,0.0
969,58200.0,58200,11.020096759858633,-288.97990324014137,52.005380891519046,300.0,1.752108607230887e-10,-288.97990324031656,0.0
970,58260.0,58260,11.020096760026341,-48.97990323997366,47.18904917084979,60.0,7.828780640108091e-11,-48.97990324005195,0.0
971,58320.0,58320,11.020096750906998,11.020096750906998,46.372717450183465,0.0,11.020096751014929,-1.079330598153088e-10,0.0
972,58380.0,58380,11.02009675090432,11.02009675090432,46.54205960358893,0.0,11.020096751012236,-1.0791543206090045e-10,0.0
973,58440.0,58440,11.020096750901637,11.020096750901637,46.711401756994356,0.0,11.020096751009532,-1.0789773032438015e-10,0.0
974,58500.0,58500,11.020096750898942,11.020096750898942,46.88074391039973,0.0,11.020096751006822,-1.0787995463168122e-10,0.0
975,58560.0,58560,11.020096750896236,11.020096750896236,47.050086063805075,0.0,11.020096751004099,-1.0786210500885622e-10,0.0
976,58620.0,58620,11.020096750893522,11.020096750893522,47.21942821721037,0.0,11.020096751001367,-1.0784418148215707e-10,0.0
977,58680.0,58680,11.020096750890797,11.020096750890797,47.38877037061563,0.0,11.020096750998624,-1.0782618407790755e-10,0.0
978,58740.0,58740,11.020096750888065,11.020096750888065,47.55811252402084,0.0,11.020096750995874,-1.078081128225524e-10,0.0
979,58800.0,58800,11.02009675088532,11.02009675088532,47.727454677426024,0.0,11.020096750993112,-1.0778996774269807e-10,0.0
980,58860.0,58860,11.020096750882567,11.020096750882567,47.89679683083115,0.0,11.02009675099034,-1.0777174886504088e-10,0.0
981,58920.0,58920,11.020096750879805,11.020096750879805,48.06613898423623,0.0,11.020096750987559,-1.0775345621643078e-10,0.0
982,58980.0,58980,11.020096750877032,11.020096750877032,48.23548113764128,0.0,11.020096750984768,-1.0773508982378791e-10,0.0
983,59040.0,59040,11.02009675087425,11.02009675087425,48.404823291046284,0.0,11.020096750981969,-1.0771664971424652e-10,0.0
984,59100.0,59100,11.02009675087146,11.02009675087146,48.574165444451246,0.0,11.020096750979159,-1.076981359150029e-10,0.0
985,59160.0,59160,11.020096750868657,11.020096750868657,48.743507597856166,0.0,11.020096750976336,-1.0767954845339386e-10,0.0
986,59220.0,59220,11.020096750865847,11.020096750865845,48.912849751261035,0.0,11.020096750973506,-1.0766088735688694e-10,0.0
987,59280.0,59280,11.020096750863024,11.020096750863024,49.08219190466587,0.0,11.020096750970666,-1.0764215265306406e-10,0.0
988,59340.0,59340,11.020096750860194,11.020096750860194,49.25153405807065,0.0,11.020096750967816,-1.0762334436966724e-10,0.0
989,59400.0,59400,11.020096750857352,11.020096750857352,49.4208762114754,0.0,11.020096750964958,-1.0760446253447771e-10,0.0
990,59460.0,59460,11.020096750854501,11.020096750854501,49.5902183648801,0.0,11.020096750962088,-1.0758550717552834e-10,0.0
991,59520.0,59520,11.020096750851641,11.020096750851641,49.75956051828476,0.0,11.020096750959206,-1.0756647832087979e-10,0.0
992,59580.0,59580,11.02009675084877,11.02009675084877,49.928902671689364,0.0,11.020096750956318,-1.0754737599875934e-10,0.0
993,59640.0,59640,11.02009675084589,11.02009675084589,50.09824482509394,0.0,11.020096750953417,-1.0752820023747925e-10,0.0
994,59700.0,59700,11.020096750842999,11.020096750842999,50.267586978498464,0.0,11.02009675095051,-1.0750895106556909e-10,0.0
995,59760.0,59760,11.020096750840098,11.020096750840098,50.43692913190295,0.0,11.020096750947587,-1.0748962851156171e-10,0.0
996,59820.0,59820,11.020096750837189,11.020096750837189,50.60627128530738,0.0,11.020096750944658,-1.074702326042056e-10,0.0
997,59880.0,59880,11.020096750834268,11.020096750834268,50.77561343871177,0.0,11.020096750941718,-1.0745076337235713e-10,0.0
998,59940.0,59940,11.020096750831337,11.020096750831337,50.94495559211612,0.0,11.020096750938768,-1.0743122084497067e-10,0.0
999,60000.0,60000,11.020096750828396,11.020096750828396,51.114297745520425,0.0,11.020096750935808,-1.0741160505111663e-10,0.0
1000,60060.0,60060,11.020096750825447,11.020096750825447,51.28363989892468,0.0,11.020096750932838,-1.0739191602007616e-10,0.0
1001,60120.0,60120,11.020096750822486,11.020096750822486,51.45298205232889,0.0,11.020096750929858,-1.0737215378115329e-10,0.0
1002,60180.0,60180,11.020096750819516,11.020096750819516,51.622324205733065,0.0,11.020096750926866,-1.0735231836384652e-10,0.0
1003,60240.0,60240,11.020096750816535,11.020096750816535,51.79166635913718,0.0,11.020096750923866,-1.0733240979774091e-10,0.0
1004,60300.0,60300,11.020096750813543,11.020096750813543,51.961008512541255,0.0,11.020096750920857,-1.0731242811253753e-10,0.0
1005,60360.0,60360,11.020096750810541,11.020096750810541,52.13035066594528,0.0,11.020096750917835,-1.07292373338127e-10,0.0
1006,60420.0,60420,11.02009675080753,11.02009675080753,52.29969281934927,0.0,11.020096750914803,-1.0727224550449141e-10,0.0
1007,60480.0,60480,11.020096750804509,11.020096750804509,52.4690349727532,0.0,11.020096750911762,-1.0725204464168642e-10,0.0
1008,60540.0,60540,11.020096750801477,11.020096750801477,52.63837712615709,0.0,11.020096750908708,-1.0723177077994739e-10,0.0
1009,60600.0,60600,11.020096750798436,11.020096750798436,52.80771927956093,0.0,11.020096750905648,-1.0721142394966325e-10,0.0
1010,60660.0,60660,11.020096750795384,11.020096750795384,52.977061432964724,0.0,11.020096750902574,-1.0719100418125402e-10,0.0
1011,60720.0,60720,11.020096750792321,11.020096750792321,53.14640358636848,0.0,11.02009675089949,-1.071705115053913e-10,0.0
1012,60780.0,60780,11.020096750789248,11.020096750789248,53.31574573977218,0.0,11.020096750896398,-1.0714994595272709e-10,0.0
1013,60840.0,60840,11.020096750786166,11.020096750786166,53.485087893175844,0.0,11.020096750893295,-1.0712930755418792e-10,0.0
1014,60900.0,60900,11.020096750783074,11.020096750783074,53.65443004657945,0.0,11.02009675089018,-1.0710859634071172e-10,0.0
1015,60960.0,60960,11.02009675077997,11.02009675077997,53.82377219998301,0.0,11.020096750887058,-1.070878123433802e-10,0.0
1016,61020.0,61020,11.020096750776856,11.020096750776856,53.993114353386524,0.0,11.020096750883923,-1.070669555934859e-10,0.0
1017,61080.0,61080,11.020096750773732,11.020096750773732,54.162456506789994,0.0,11.020096750880777,-1.0704602612233598e-10,0.0
1018,61140.0,61140,11.020096750770596,11.020096750770596,54.33179866019341,0.0,11.02009675087762,-1.0702502396143373e-10,0.0
1019,61200.0,61200,11.020096750767452,11.020096750767452,54.501140813596784,0.0,11.020096750874457,-1.07003949142387e-10,0.0
1020,61260.0,61260,11.020096750764296,11.020096750764296,54.6704829670001,0.0,11.020096750871279,-1.0698280169689184e-10,0.0
1021,61320.0,61320,11.020096750761128,11.020096750761128,54.839825120403376,0.0,11.02009675086809,-1.0696158165683714e-10,0.0
1022,61380.0,61380,11.020096750757954,11.020096750757954,55.00916727380659,0.0,11.020096750864894,-1.069402890541902e-10,0.0
1023,61440.0,61440,11.020096750754767,11.020096750754767,55.17850942720977,0.0,11.020096750861686,-1.0691892392109805e-10,0.0
1024,61500.0,61500,11.02009675075157,11.02009675075157,55.34785158061289,0.0,11.020096750858468,-1.0689748628975183e-10,0.0
1025,61560.0,61560,11.020096750748362,11.020096750748362,55.51719373401597,0.0,11.020096750855238,-1.068759761924979e-10,0.0
1026,61620.0,61620,11.020096750745143,11.020096750745143,55.686535887419,0.0,11.020096750851998,-1.0685439366187708e-10,0.0
1027,61680.0,61680,11.020096750741915,11.020096750741915,55.85587804082197,0.0,11.020096750848749,-1.0683273873043832e-10,0.0
1028,61740.0,61740,11.020096750738677,11.020096750738677,56.02522019422491,0.0,11.020096750845488,-1.068110114309528e-10,0.0
1029,61800.0,61800,11.020096750735426,11.020096750735426,56.19456234762778,0.0,11.020096750842216,-1.0678921179625708e-10,0.0
1030,61860.0,61860,11.020096750732167,11.020096750732167,56.36390450103062,0.0,11.020096750838933,-1.0676733985935924e-10,0.0
1031,61920.0,61920,11.020096750728895,11.020096750728895,56.53324665443339,0.0,11.02009675083564,-1.0674539565334905e-10,0.0
1032,61980.0,61980,11.020096750725614,11.020096750725614,56.70258880783612,0.0,11.020096750832336,-1.067233792114683e-10,0.0
1033,62040.0,62040,11.02009675072232,11.02009675072232,56.8719309612388,0.0,11.02009675082902,-1.0670129056706816e-10,0.0
1034,62100.0,62100,11.020096750719016,11.020096750719016,57.04127311464143,0.0,11.020096750825696,-1.066791297536551e-10,0.0
1035,62160.0,62160,11.020096750715703,11.020096750715703,57.210615268044,0.0,11.020096750822361,-1.0665689680483848e-10,0.0
1036,62220.0,62220,11.020096750712378,11.020096750712378,57.37995742144653,0.0,11.020096750819013,-1.0663459175435675e-10,0.0
1037,62280.0,62280,11.020096750709044,11.020096750709044,57.549299574849,0.0,11.020096750815656,-1.0661221463603169e-10,0.0
1038,62340.0,62340,11.020096750705697,11.020096750705697,57.71864172825142,0.0,11.020096750812288,-1.0658976548388931e-10,0.0
1039,62400.0,62400,11.020096750702342,11.020096750702342,57.887983881653795,0.0,11.020096750808909,-1.0656724433200955e-10,0.0
1040,62460.0,62460,11.020096750698974,11.020096750698974,58.05732603505612,0.0,11.02009675080552,-1.065446512146717e-10,0.0
1041,62520.0,62520,11.020096750695595,11.020096750695595,58.22666818845839,0.0,11.020096750802118,-1.0652198616620731e-10,0.0
1042,62580.0,62580,11.020096750692206,11.020096750692206,58.39601034186061,0.0,11.020096750798707,-1.0649924922112764e-10,0.0
1043,62640.0,62640,11.020096750688806,11.020096750688806,58.565352495262765,0.0,11.020096750795284,-1.0647644041401262e-10,0.0
1044,62700.0,62700,11.020096750685395,11.020096750685395,58.73469464866488,0.0,11.02009675079185,-1.0645355977961373e-10,0.0
1045,62760.0,62760,11.020096750681974,11.020096750681974,58.90403680206694,0.0,11.020096750788404,-1.0643060735280497e-10,0.0
1046,62820.0,62820,11.020096750678542,11.020096750678542,59.073378955468954,0.0,11.02009675078495,-1.0640758316854369e-10,0.0
1047,62880.0,62880,11.0200967506751,11.0200967506751,59.2427211088709,0.0,11.020096750781484,-1.0638448726198655e-10,0.0
1048,62940.0,62940,11.020096750671645,11.020096750671645,59.4120632622728,0.0,11.020096750778004,-1.0636131966832619e-10,0.0
1049,63000.0,63000,11.020096750668179,11.020096750668179,59.58140541567465,0.0,11.020096750774517,-1.063380804229415e-10,0.0
1050,63060.0,63060,11.020096750664703,11.020096750664703,59.75074756907645,0.0,11.020096750771017,-1.0631476956135351e-10,0.0
1051,63120.0,63120,11.020096750661216,11.020096750661216,59.920089722478195,0.0,11.020096750767506,-1.0629138711908978e-10,0.0
1052,63180.0,63180,11.020096750657716,11.020096750657716,60.08943187587988,0.0,11.020096750763985,-1.0626793313199489e-10,0.0
1053,63240.0,63240,11.020096750654208,11.020096750654208,60.25877402928152,0.0,11.020096750760452,-1.0624440763586763e-10,0.0
1054,63300.0,63300,11.020096750650689,11.020096750650689,60.4281161826831,0.0,11.020096750756908,-1.0622081066667836e-10,0.0
1055,63360.0,63360,11.020096750647157,11.020096750647157,60.597458336084635,0.0,11.020096750753353,-1.0619714226056737e-10,0.0
1056,63420.0,63420,11.020096750643615,11.020096750643615,60.76680048948611,0.0,11.020096750749786,-1.0617340245378767e-10,0.0
1057,63480.0,63480,11.020096750640061,11.020096750640061,60.936142642887525,0.0,11.02009675074621,-1.06149591282674e-10,0.0
1058,63540.0,63540,11.020096750636498,11.020096750636498,61.10548479628889,0.0,11.020096750742622,-1.061257087836967e-10,0.0
1059,63600.0,63600,11.02009675063292,11.02009675063292,61.274826949690194,0.0,11.020096750739022,-1.0610175499352378e-10,0.0
1060,63660.0,63660,11.020096750629333,11.020096750629333,61.44416910309145,0.0,11.020096750735412,-1.0607772994883475e-10,0.0
1061,63720.0,63720,11.020096750625736,11.020096750625736,61.61351125649264,0.0,11.02009675073179,-1.0605363368652799e-10,0.0
1062,63780.0,63780,11.020096750622127,11.020096750622127,61.78285340989379,0.0,11.020096750728158,-1.0602946624356077e-10,0.0
1063,63840.0,63840,11.020096750618507,11.020096750618507,61.95219556329488,0.0,11.020096750724512,-1.0600522765705698e-10,0.0
1064,63900.0,63900,11.020096750614874,11.020096750614874,62.12153771669591,0.0,11.020096750720855,-1.0598091796425324e-10,0.0
1065,63960.0,63960,11.020096750611232,11.020096750611232,62.29087987009689,0.0,11.020096750717189,-1.0595653720252018e-10,0.0
1066,64020.0,64020,11.020096750607578,11.020096750607578,62.46022202349781,0.0,11.02009675071351,-1.0593208540928396e-10,0.0
1067,64080.0,64080,11.020096750603914,11.020096750603914,62.629564176898675,0.0,11.02009675070982,-1.0590756262223545e-10,0.0
1068,64140.0,64140,11.020096750600237,11.020096750600237,62.79890633029949,0.0,11.02009675070612,-1.0588296887904752e-10,0.0
1069,64200.0,64200,11.020096750596549,11.020096750596549,62.96824848370024,0.0,11.020096750702407,-1.0585830421760059e-10,0.0
1070,64260.0,64260,11.02009675059285,11.02009675059285,63.137590637100935,0.0,11.020096750698684,-1.0583356867589267e-10,0.0
1071,64320.0,64320,11.02009675058914,11.02009675058914,63.306932790501584,0.0,11.020096750694949,-1.058087622920035e-10,0.0
1072,64380.0,64380,11.020096750585417,11.020096750585417,63.47627494390216,0.0,11.0200967506912,-1.057838851041566e-10,0.0
1073,64440.0,64440,11.020096750581683,11.020096750581683,63.645617097302676,0.0,11.020096750687443,-1.0575893715074539e-10,0.0
1074,64500.0,64500,11.02009675057794,11.02009675057794,63.814959250703154,0.0,11.020096750683672,-1.0573391847021724e-10,0.0
1075,64560.0,64560,11.020096750574183,11.020096750574183,63.98430140410357,0.0,11.020096750679892,-1.0570882910118942e-10,0.0
1076,64620.0,64620,11.020096750570417,11.020096750570417,64.15364355750393,0.0,11.0200967506761,-1.0568366908239688e-10,0.0
1077,64680.0,64680,11.020096750566637,11.020096750566637,64.32298571090422,0.0,11.020096750672296,-1.0565843845267908e-10,0.0
1078,64740.0,64740,11.020096750562846,11.020096750562846,64.49232786430446,0.0,11.02009675066848,-1.0563313725102423e-10,0.0
1079,64800.0,64800,11.020096750559045,11.020096750559045,64.66167001770462,0.0,11.020096750664651,-1.056077655165267e-10,0.0
1080,64860.0,64860,11.020096750555231,11.020096750555231,64.83101217110475,0.0,11.020096750660814,-1.0558232328840014e-10,0.0
1081,64920.0,64920,11.020096750551406,11.020096750551406,65.00035432450481,0.0,11.020096750656963,-1.0555681060605102e-10,0.0
1082,64980.0,64980,11.02009675054757,11.02009675054757,65.16969647790481,0.0,11.020096750653101,-1.0553122750889396e-10,0.0
1083,65040.0,65040,11.020096750543722,11.020096750543722,65.33903863130475,0.0,11.020096750649227,-1.0550557403653638e-10,0.0
1084,65100.0,65100,11.020096750539862,11.020096750539862,65.50838078470464,0.0,11.020096750645342,-1.0547985022871318e-10,0.0
1085,65160.0,65160,11.02009675053599,11.02009675053599,65.67772293810447,0.0,11.020096750641445,-1.0545405612528338e-10,0.0
1086,65220.0,65220,11.020096750532108,11.020096750532108,65.84706509150423,0.0,11.020096750637537,-1.0542819176619918e-10,0.0
1087,65280.0,65280,11.020096750528213,11.020096750528213,66.01640724490393,0.0,11.020096750633614,-1.0540225719156143e-10,0.0
1088,65340.0,65340,11.020096750524308,11.020096750524308,66.18574939830359,0.0,11.020096750629683,-1.0537625244160009e-10,0.0
1089,65400.0,65400,11.020096750520388,11.020096750520388,66.35509155170317,0.0,11.02009675062574,-1.053501775566317e-10,0.0
1090,65460.0,65460,11.02009675051646,11.02009675051646,66.5244337051027,0.0,11.020096750621784,-1.0532403257716722e-10,0.0
1091,65520.0,65520,11.020096750512518,11.020096750512518,66.69377585850216,0.0,11.020096750617817,-1.0529781754374706e-10,0.0
1092,65580.0,65580,11.020096750508566,11.020096750508566,66.86311801190156,0.0,11.020096750613838,-1.052715324971338e-10,0.0
1093,65640.0,65640,11.020096750504601,11.020096750504601,67.0324601653009,0.0,11.020096750609847,-1.0524517747811618e-10,0.0
1094,65700.0,65700,11.020096750500624,11.020096750500624,67.20180231870019,0.0,11.020096750605843,-1.0521875252768066e-10,0.0
1095,65760.0,65760,11.020096750496636,11.020096750496636,67.37114447209942,0.0,11.020096750601828,-1.0519225768694436e-10,0.0
1096,65820.0,65820,11.020096750492636,11.020096750492636,67.54048662549859,0.0,11.020096750597801,-1.0516569299709472e-10,0.0
1097,65880.0,65880,11.020096750488623,11.020096750488623,67.70982877889769,0.0,11.020096750593764,-1.0513905849944331e-10,0.0
1098,65940.0,65940,11.020096750484601,11.020096750484601,67.87917093229673,0.0,11.020096750589714,-1.051123542354586e-10,0.0
1099,66000.0,66000,11.020096750480565,11.020096750480565,68.04851308569569,0.0,11.02009675058565,-1.0508558024675116e-10,0.0
1100,66060.0,66060,11.020096750476519,11.020096750476519,68.2178552390946,0.0,11.020096750581576,-1.0505873657500511e-10,0.0
1101,66120.0,66120,11.020096750472458,11.020096750472458,68.38719739249346,0.0,11.02009675057749,-1.0503182326203854e-10,0.0
1102,66180.0,66180,11.020096750468387,11.020096750468387,68.55653954589225,0.0,11.020096750573392,-1.0500484034982969e-10,0.0
1103,66240.0,66240,11.020096750464305,11.020096750464305,68.72588169929097,0.0,11.020096750569282,-1.0497778788043683e-10,0.0
1104,66300.0,66300,11.02009675046021,11.02009675046021,68.89522385268963,0.0,11.020096750565159,-1.0495066589605385e-10,0.0
1105,66360.0,66360,11.020096750456103,11.020096750456103,69.06456600608824,0.0,11.020096750561025,-1.0492347443901029e-10,0.0
1106,66420.0,66420,11.020096750451984,11.020096750451984,69.23390815948679,0.0,11.020096750556878,-1.048962135517745e-10,0.0
1107,66480.0,66480,11.020096750447852,11.020096750447852,69.40325031288525,0.0,11.02009675055272,-1.0486888327688678e-10,0.0
1108,66540.0,66540,11.020096750443708,11.020096750443708,69.57259246628367,0.0,11.02009675054855,-1.0484148365704755e-10,0.0
1109,66600.0,66600,11.020096750439553,11.020096750439553,69.74193461968203,0.0,11.020096750544367,-1.0481401473506502e-10,0.0
1110,66660.0,66660,11.020096750435387,11.020096750435387,69.91127677308032,0.0,11.020096750540173,-1.0478647655390922e-10,0.0
1111,66720.0,66720,11.020096750431208,11.020096750431208,70.08061892647852,0.0,11.020096750535966,-1.0475886915661712e-10,0.0
1112,66780.0,66780,11.020096750427015,11.020096750427015,70.24996107987668,0.0,11.020096750531746,-1.0473119258639074e-10,0.0
1113,66840.0,66840,11.02009675042281,11.02009675042281,70.41930323327479,0.0,11.020096750527514,-1.0470344688652849e-10,0.0
1114,66900.0,66900,11.020096750418597,11.020096750418597,70.58864538667281,0.0,11.020096750523273,-1.0467563210047258e-10,0.0
1115,66960.0,66960,11.02009675041437,11.02009675041437,70.75798754007077,0.0,11.020096750519016,-1.046477482717665e-10,0.0
1116,67020.0,67020,11.02009675041013,11.02009675041013,70.92732969346866,0.0,11.020096750514748,-1.0461979544406975e-10,0.0
1117,67080.0,67080,11.020096750405877,11.020096750405877,71.0966718468665,0.0,11.020096750510469,-1.0459177366123301e-10,0.0
1118,67140.0,67140,11.020096750401613,11.020096750401613,71.26601400026428,0.0,11.020096750506177,-1.0456368296714943e-10,0.0
1119,67200.0,67200,11.020096750397336,11.020096750397336,71.43535615366197,0.0,11.020096750501871,-1.0453552340588046e-10,0.0
1120,67260.0,67260,11.020096750393046,11.020096750393046,71.60469830705959,0.0,11.020096750497554,-1.0450729502158231e-10,0.0
1121,67320.0,67320,11.020096750388745,11.020096750388745,71.77404046045717,0.0,11.020096750493225,-1.0447899785855333e-10,0.0
1122,67380.0,67380,11.020096750384432,11.020096750384432,71.94338261385467,0.0,11.020096750488882,-1.0445063196121445e-10,0.0
1123,67440.0,67440,11.020096750380107,11.020096750380107,72.11272476725212,0.0,11.020096750484528,-1.0442219737412544e-10,0.0
1124,67500.0,67500,11.02009675037577,11.02009675037577,72.28206692064948,0.0,11.020096750480162,-1.0439369414187876e-10,0.0
1125,67560.0,67560,11.020096750371419,11.020096750371419,72.4514090740468,0.0,11.020096750475785,-1.0436512230932994e-10,0.0
1126,67620.0,67620,11.020096750367056,11.020096750367056,72.62075122744403,0.0,11.020096750471394,-1.0433648192134594e-10,0.0
1127,67680.0,67680,11.020096750362681,11.020096750362681,72.7900933808412,0.0,11.020096750466989,-1.0430777302298488e-10,0.0
1128,67740.0,67740,11.020096750358293,11.020096750358293,72.95943553423831,0.0,11.020096750462573,-1.0427899565937024e-10,0.0
1129,67800.0,67800,11.020096750353895,11.020096750353895,73.12877768763533,0.0,11.020096750458144,-1.0425014987578892e-10,0.0
1130,67860.0,67860,11.020096750349483,11.020096750349483,73.2981198410323,0.0,11.020096750453703,-1.0422123571764703e-10,0.0
1131,67920.0,67920,11.020096750345058,11.020096750345058,73.46746199442921,0.0,11.02009675044925,-1.0419225323045369e-10,0.0
1132,67980.0,67980,11.02009675034062,11.02009675034062,73.63680414782604,0.0,11.020096750444782,-1.0416320245984867e-10,0.0
1133,68040.0,68040,11.02009675033617,11.02009675033617,73.80614630122281,0.0,11.020096750440306,-1.0413408345160738e-10,0.0
1134,68100.0,68100,11.020096750331708,11.020096750331708,73.9754884546195,0.0,11.020096750435815,-1.0410489625159836e-10,0.0
1135,68160.0,68160,11.020096750327234,11.020096750327234,74.14483060801614,0.0,11.020096750431309,-1.0407564090583395e-10,0.0
1136,68220.0,68220,11.020096750322748,11.020096750322748,74.31417276141269,0.0,11.020096750426793,-1.0404631746044902e-10,0.0
1137,68280.0,68280,11.020096750318247,11.020096750318247,74.48351491480919,0.0,11.020096750422265,-1.040169259617124e-10,0.0
1138,68340.0,68340,11.020096750313735,11.020096750313735,74.65285706820562,0.0,11.020096750417723,-1.0398746645597954e-10,0.0
1139,68400.0,68400,11.02009675030921,11.02009675030921,74.82219922160195,0.0,11.020096750413169,-1.0395793898973335e-10,0.0
1140,68460.0,68460,11.020096750304674,11.020096750304674,74.99154137499823,0.0,11.020096750408602,-1.0392834360961517e-10,0.0
1141,68520.0,68520,11.020096750300123,11.020096750300123,75.16088352839445,0.0,11.020096750404022,-1.0389868036235792e-10,0.0
1142,68580.0,68580,11.020096750295561,11.020096750295561,75.33022568179061,0.0,11.02009675039943,-1.0386894929482841e-10,0.0
1143,68640.0,68640,11.020096750290985,11.020096750290985,75.49956783518668,0.0,11.020096750394824,-1.0383915045399973e-10,0.0
1144,68700.0,68700,11.020096750286397,11.020096750286397,75.66890998858268,0.0,11.020096750390207,-1.0380928388700016e-10,0.0
1145,68760.0,68760,11.020096750281796,11.020096750281796,75.8382521419786,0.0,11.020096750385576,-1.0377934964102171e-10,0.0
1146,68820.0,68820,11.020096750277185,11.020096750277185,76.00759429537447,0.0,11.020096750380933,-1.0374934776345079e-10,0.0
1147,68880.0,68880,11.020096750272558,11.020096750272558,76.17693644877025,0.0,11.020096750376277,-1.0371927830175227e-10,0.0
1148,68940.0,68940,11.02009675026792,11.02009675026792,76.34627860216598,0.0,11.020096750371607,-1.0368914130348417e-10,0.0
1149,69000.0,69000,11.020096750263267,11.020096750263267,76.51562075556161,0.0,11.020096750366926,-1.0365893681638584e-10,0.0
1150,69060.0,69060,11.020096750258602,11.020096750258602,76.68496290895719,0.0,11.020096750362232,-1.0362866488828486e-10,0.0
1151,69120.0,69120,11.020096750253925,11.020096750253925,76.8543050623527,0.0,11.020096750357522,-1.035983255671428e-10,0.0
1152,69180.0,69180,11.020096750249236,11.020096750249236,77.02364721574813,0.0,11.020096750352804,-1.0356791890105523e-10,0.0
1153,69240.0,69240,11.020096750244534,11.020096750244534,77.19298936914349,0.0,11.02009675034807,-1.0353744493818468e-10,0.0
1154,69300.0,69300,11.020096750239817,11.020096750239817,77.36233152253878,0.0,11.020096750343324,-1.0350690372687668e-10,0.0
1155,69360.0,69360,11.020096750235087,11.020096750235087,77.531673675934,0.0,11.020096750338565,-1.0347629531558625e-10,0.0
1156,69420.0,69420,11.020096750230348,11.020096750230348,77.70101582932914,0.0,11.020096750333794,-1.0344561975282068e-10,0.0
1157,69480.0,69480,11.020096750225592,11.020096750225592,77.8703579827242,0.0,11.020096750329007,-1.0341487708732419e-10,0.0
1158,69540.0,69540,11.020096750220825,11.020096750220825,78.03970013611921,0.0,11.020096750324209,-1.0338406736786385e-10,0.0
1159,69600.0,69600,11.020096750216046,11.020096750216046,78.20904228951412,0.0,11.020096750319398,-1.0335319064336361e-10,0.0
1160,69660.0,69660,11.020096750211252,11.020096750211252,78.37838444290897,0.0,11.020096750314574,-1.0332224696291732e-10,0.0
1161,69720.0,69720,11.020096750206445,11.020096750206445,78.54772659630375,0.0,11.020096750309737,-1.0329123637562541e-10,0.0
1162,69780.0,69780,11.020096750201626,11.020096750201626,78.71706874969846,0.0,11.020096750304885,-1.032601589308268e-10,0.0
1163,69840.0,69840,11.020096750196794,11.020096750196794,78.8864109030931,0.0,11.020096750300024,-1.0322901467789802e-10,0.0
1164,69900.0,69900,11.02009675019195,11.02009675019195,79.05575305648766,0.0,11.020096750295147,-1.03197803666397e-10,0.0
1165,69960.0,69960,11.020096750187092,11.020096750187092,79.22509520988214,0.0,11.020096750290259,-1.0316652594592735e-10,0.0
1166,70020.0,70020,11.02009675018222,11.02009675018222,79.39443736327654,0.0,11.020096750285354,-1.0313518156631493e-10,0.0
1167,70080.0,70080,11.020096750177336,11.020096750177336,79.56377951667086,0.0,11.02009675028044,-1.0310377057743136e-10,0.0
1168,70140.0,70140,11.020096750172437,11.020096750172437,79.73312167006513,0.0,11.020096750275512,-1.0307229302925932e-10,0.0
1169,70200.0,70200,11.020096750167527,11.020096750167527,79.9024638234593,0.0,11.020096750270566,-1.0304074897196943e-10,0.0
1170,70260.0,70260,11.020096750162603,11.020096750162603,80.0718059768534,0.0,11.020096750265612,-1.0300913845578949e-10,0.0
1171,70320.0,70320,11.020096750157666,11.020096750157666,80.24114813024742,0.0,11.020096750260644,-1.0297746153109107e-10,0.0
1172,70380.0,70380,11.020096750152716,11.020096750152716,80.4104902836414,0.0,11.02009675025566,-1.0294571824837973e-10,0.0
1173,70440.0,70440,11.020096750147752,11.020096750147752,80.57983243703528,0.0,11.020096750250667,-1.0291390865826723e-10,0.0
1174,70500.0,70500,11.020096750142775,11.020096750142775,80.74917459042908,0.0,11.020096750245658,-1.0288203281147317e-10,0.0
1175,70560.0,70560,11.020096750137785,11.020096750137785,80.9185167438228,0.0,11.020096750240636,-1.0285009075886092e-10,0.0
1176,70620.0,70620,11.020096750132785,11.020096750132785,81.08785889721645,0.0,11.020096750235602,-1.0281808255136413e-10,0.0
1177,70680.0,70680,11.020096750127767,11.020096750127767,81.25720105061004,0.0,11.020096750230552,-1.0278600824013538e-10,0.0
1178,70740.0,70740,11.020096750122738,11.020096750122738,81.42654320400352,0.0,11.020096750225491,-1.0275386787634033e-10,0.0
1179,70800.0,70800,11.020096750117695,11.020096750117695,81.59588535739695,0.0,11.020096750220416,-1.0272166151133579e-10,0.0
1180,70860.0,70860,11.02009675011264,11.02009675011264,81.76522751079028,0.0,11.020096750215329,-1.0268938919658641e-10,0.0
1181,70920.0,70920,11.020096750107568,11.020096750107568,81.93456966418356,0.0,11.020096750210227,-1.026570509836059e-10,0.0
1182,70980.0,70980,11.020096750102486,11.020096750102486,82.10391181757673,0.0,11.020096750205111,-1.0262464692410722e-10,0.0
1183,71040.0,71040,11.02009675009739,11.02009675009739,82.27325397096983,0.0,11.020096750199983,-1.0259217706992923e-10,0.0
1184,71100.0,71100,11.02009675009228,11.02009675009228,82.44259612436286,0.0,11.02009675019484,-1.0255964147298264e-10,0.0
1185,71160.0,71160,11.020096750087157,11.020096750087157,82.61193827775581,0.0,11.020096750189685,-1.0252704018530886e-10,0.0
1186,71220.0,71220,11.02009675008202,11.02009675008202,82.78128043114869,0.0,11.020096750184516,-1.0249437325907185e-10,0.0
1187,71280.0,71280,11.020096750076872,11.020096750076872,82.95062258454149,0.0,11.020096750179333,-1.0246164074657286e-10,0.0
1188,71340.0,71340,11.020096750071708,11.020096750071708,83.11996473793421,0.0,11.020096750174137,-1.0242884270020294e-10,0.0
1189,71400.0,71400,11.020096750066532,11.020096750066532,83.28930689132685,0.0,11.020096750168927,-1.0239597917247736e-10,0.0
1190,71460.0,71460,11.02009675006134,11.02009675006134,83.45864904471941,0.0,11.020096750163704,-1.0236305021606007e-10,0.0
1191,71520.0,71520,11.020096750056137,11.020096750056137,83.62799119811187,0.0,11.020096750158467,-1.0233005588370485e-10,0.0
1192,71580.0,71580,11.02009675005092,11.02009675005092,83.79733335150426,0.0,11.020096750153218,-1.0229699622828153e-10,0.0
1193,71640.0,71640,11.02009675004569,11.02009675004569,83.96667550489659,0.0,11.020096750147953,-1.0226387130281188e-10,0.0
1194,71700.0,71700,11.020096750040445,11.020096750040445,84.13601765828882,0.0,11.020096750142676,-1.022306811604157e-10,0.0
1195,71760.0,71760,11.020096750035187,11.020096750035187,84.30535981168099,0.0,11.020096750137384,-1.0219742585426344e-10,0.0
1196,71820.0,71820,11.020096750029916,11.020096750029916,84.47470196507307,0.0,11.02009675013208,-1.021641054377837e-10,0.0
1197,71880.0,71880,11.02009675002463,11.02009675002463,84.64404411846506,0.0,11.02009675012676,-1.021307199644198e-10,0.0
1198,71940.0,71940,11.02009675001933,11.02009675001933,84.81338627185696,0.0,11.020096750121429,-1.0209726948776701e-10,0.0
1199,72000.0,72000,11.02009675001402,11.02009675001402,84.98272842524878,0.0,11.020096750116082,-1.0206375406154313e-10,0.0
1200,72060.0,72060,11.020096750008692,11.020096750008692,85.15207057864053,0.0,11.020096750110723,-1.0203017373958363e-10,0.0
1201,72120.0,72120,11.020096750003352,11.020096750003352,85.3214127320322,0.0,11.020096750105349,-1.0199652857579419e-10,0.0
1202,72180.0,72180,11.020096749998,11.020096749998,85.49075488542377,0.0,11.020096750099961,-1.0196281862427824e-10,0.0
1203,72240.0,72240,11.020096749992632,11.020096749992632,85.66009703881528,0.0,11.020096750094561,-1.019290439391833e-10,0.0
1204,72300.0,72300,11.02009674998725,11.02009674998725,85.8294391922067,0.0,11.020096750089145,-1.0189520457483172e-10,0.0
1205,72360.0,72360,11.020096749981855,11.020096749981855,85.99878134559803,0.0,11.020096750083717,-1.0186130058563735e-10,0.0
1206,72420.0,72420,11.020096749976448,11.020096749976448,86.1681234989893,0.0,11.020096750078276,-1.0182733202614313e-10,0.0
1207,72480.0,72480,11.020096749971026,11.020096749971026,86.33746565238046,0.0,11.020096750072819,-1.0179329895098348e-10,0.0
1208,72540.0,72540,11.020096749965589,11.020096749965589,86.50680780577156,0.0,11.02009675006735,-1.017592014149317e-10,0.0
1209,72600.0,72600,11.02009674996014,11.02009674996014,86.67614995916256,0.0,11.020096750061866,-1.0172503947289837e-10,0.0
1210,72660.0,72660,11.020096749954675,11.020096749954675,86.84549211255349,0.0,11.020096750056366,-1.016908131798643e-10,0.0
1211,72720.0,72720,11.020096749949198,11.020096749949198,87.01483426594433,0.0,11.020096750050854,-1.0165652259094426e-10,0.0
1212,72780.0,72780,11.020096749943706,11.020096749943706,87.18417641933509,0.0,11.020096750045328,-1.0162216776138217e-10,0.0
1213,72840.0,72840,11.020096749938201,11.020096749938201,87.35351857272575,0.0,11.020096750039789,-1.0158774874656238e-10,0.0
1214,72900.0,72900,11.020096749932682,11.020096749932682,87.52286072611633,0.0,11.020096750034234,-1.0155326560194608e-10,0.0
1215,72960.0,72960,11.02009675986256,-288.9799032401375,87.69220287950684,300.0,1.7522688130956687e-10,-288.9799032403127,0.0
1216,73020.0,73020,11.020096759862579,-288.97990324013745,82.87587115883764,300.0,1.7522704727627766e-10,-288.9799032403127,0.0
1217,73080.0,73080,11.020096759862597,-288.97990324013745,78.05953943816846,300.0,1.7522719657206662e-10,-288.97990324031264,0.0
1218,73140.0,73140,11.020096759862613,-288.9799032401374,73.24320771749927,300.0,1.7522732922666427e-10,-288.9799032403126,0.0
1219,73200.0,73200,11.020096759862627,-288.9799032401374,68.42687599683008,300.0,1.7522744526791557e-10,-288.9799032403126,0.0
1220,73260.0,73260,11.020096759862641,-288.9799032401374,63.61054427616091,300.0,1.7522754472156751e-10,-288.97990324031264,0.0
1221,73320.0,73320,11.020096759862653,-288.9799032401374,58.79421255549172,300.0,1.7522762761145553e-10,-288.9799032403126,0.0
1222,73380.0,73380,11.020096759862666,-288.9799032401374,53.977880834822535,300.0,1.7522769395938564e-10,-288.9799032403126,0.0
1223,73440.0,73440,11.020096759862676,-288.97990324013733,49.16154911415335,300.0,1.7522774378521957e-10,-288.9799032403126,0.0
1224,73500.0,73500,11.020096759862687,-288.97990324013733,44.34521739348417,300.0,1.7522777710677995e-10,-288.9799032403125,0.0
1225,73560.0,73560,11.020096759862694,-288.97990324013733,39.52888567281499,300.0,1.7522779393995153e-10,-288.9799032403125,0.0
1226,73620.0,73620,11.020096759908462,-278.9799032400917,34.712553952145804,290.00000000000017,1.4593153594630436e-10,-278.97990324023766,0.0
1227,73680.0,73680,11.020096749882548,11.020096749882548,30.062888898144084,0.0,11.020096749983804,-1.0125721755724482e-10,0.0
1228,73740.0,73740,11.020096749880365,11.020096749880365,30.232231051533816,0.0,11.02009674998161,-1.0124606138044043e-10,0.0
1229,73800.0,73800,11.02009674987817,11.02009674987817,30.401573204923512,0.0,11.020096749979407,-1.0123483201087542e-10,0.0
1230,73860.0,73860,11.020096749875972,11.020096749875972,30.570915358313176,0.0,11.020096749977194,-1.0122352946665504e-10,0.0
1231,73920.0,73920,11.02009674987376,11.02009674987376,30.740257511702804,0.0,11.020096749974973,-1.0121215376595486e-10,0.0
1232,73980.0,73980,11.020096749871541,11.020096749871541,30.909599665092397,0.0,11.020096749972744,-1.0120070492708927e-10,0.0
1233,74040.0,74040,11.020096749869314,11.020096749869314,31.078941818481958,0.0,11.020096749970504,-1.0118918296852464e-10,0.0
1234,74100.0,74100,11.020096749867077,11.020096749867077,31.248283971871487,0.0,11.020096749968255,-1.0117758790883845e-10,0.0
1235,74160.0,74160,11.02009674986483,11.02009674986483,31.41762612526098,0.0,11.020096749965997,-1.0116591976674213e-10,0.0
1236,74220.0,74220,11.020096749862576,11.020096749862576,31.58696827865044,0.0,11.02009674996373,-1.0115417856109255e-10,0.0
1237,74280.0,74280,11.020096749860313,11.020096749860313,31.756310432039864,0.0,11.020096749961455,-1.0114236431083646e-10,0.0
1238,74340.0,74340,11.02009674985804,11.02009674985804,31.92565258542925,0.0,11.020096749959169,-1.0113047703511011e-10,0.0
1239,74400.0,74400,11.020096749855757,11.020096749855757,32.094994738818606,0.0,11.020096749956878,-1.011185167531429e-10,0.0
1240,74460.0,74460,11.020096749853467,11.020096749853467,32.26433689220793,0.0,11.020096749954574,-1.0110648348427697e-10,0.0
1241,74520.0,74520,11.020096749851167,11.020096749851167,32.43367904559721,0.0,11.02009674995226,-1.0109437724803909e-10,0.0
1242,74580.0,74580,11.020096749848857,11.020096749848857,32.60302119898646,0.0,11.02009674994994,-1.0108219806402464e-10,0.0
1243,74640.0,74640,11.02009674984654,11.02009674984654,32.77236335237566,0.0,11.02009674994761,-1.0106994595204143e-10,0.0
1244,74700.0,74700,11.020096749844212,11.020096749844212,32.94170550576485,0.0,11.020096749945269,-1.0105762093191195e-10,0.0
1245,74760.0,74760,11.020096749841876,11.020096749841876,33.11104765915399,0.0,11.02009674994292,-1.0104522302368747e-10,0.0
1246,74820.0,74820,11.020096749839531,11.020096749839531,33.2803898125431,0.0,11.020096749940564,-1.010327522475385e-10,0.0
1247,74880.0,74880,11.020096749837176,11.020096749837176,33.44973196593216,0.0,11.020096749938196,-1.0102020862367805e-10,0.0
1248,74940.0,74940,11.020096749834812,11.020096749834812,33.6190741193212,0.0,11.02009674993582,-1.0100759217257565e-10,0.0
1249,75000.0,75000,11.02009674983244,11.02009674983244,33.7884162727102,0.0,11.020096749933435,-1.0099490291473841e-10,0.0
1250,75060.0,75060,11.020096749830058,11.020096749830058,33.957758426099154,0.0,11.02009674993104,-1.0098214087084174e-10,0.0
1251,75120.0,75120,11.020096749827665,11.020096749827665,34.12710057948808,0.0,11.020096749928637,-1.0096930606168356e-10,0.0
1252,75180.0,75180,11.020096749825266,11.020096749825266,34.29644273287697,0.0,11.020096749926223,-1.0095639850819581e-10,0.0
1253,75240.0,75240,11.020096749822857,11.020096749822857,34.46578488626582,0.0,11.0200967499238,-1.0094341823141989e-10,0.0
1254,75300.0,75300,11.020096749820437,11.020096749820437,34.635127039654634,0.0,11.020096749921368,-1.0093036525256385e-10,0.0
1255,75360.0,75360,11.02009674981801,11.02009674981801,34.80446919304341,0.0,11.020096749918928,-1.00917239592955e-10,0.0
1256,75420.0,75420,11.020096759862913,-288.97990324013716,34.97381134643214,300.0,1.752278240244212e-10,-288.97990324031235,0.0
1257,75480.0,75480,11.02009675986292,-288.9799032401371,30.15747962576297,300.0,1.7522782483474855e-10,-288.9799032403123,0.0
1258,75540.0,75540,11.020096759862925,-288.9799032401371,25.341147905093788,300.0,1.7522780930119925e-10,-288.9799032403123,0.0
1259,75600.0,75600,11.020096759862929,-288.9799032401371,20.52481618442461,300.0,1.7522777743216178e-10,-288.9799032403123,0.0
1260,75660.0,75660,11.020096759862932,-288.9799032401371,15.708484463755429,300.0,1.7522772923399528e-10,-288.9799032403123,0.0
1261,75720.0,75720,11.020096759862934,-288.9799032401371,10.892152743086248,300.0,1.7522766471122237e-10,-288.97990324031235,0.0
1262,75780.0,75780,11.020096759862936,-288.9799032401371,6.0758210224170695,300.0,1.7522758386631027e-10,-288.97990324031235,0.0
1263,75840.0,75840,11.020096759862936,-288.9799032401371,1.2594893017478903,300.0,1.7522748669983081e-10,-288.97990324031235,0.0
1264,75900.0,75900,11.020096759862934,-288.9799032401371,-3.556842418921289,300.0,1.7522737321032988e-10,-288.97990324031224,0.0
1265,75960.0,75960,11.020096759862932,-288.9799032401371,-8.373174139590466,300.0,1.7522724339440563e-10,-288.9799032403123,0.0
1266,76020.0,76020,11.020096759862929,-288.9799032401371,-13.189505860259644,300.0,1.752270972467479e-10,-288.9799032403123,0.0
1267,76080.0,76080,11.020096759862925,-288.9799032401371,-18.005837580928826,300.0,1.7522693476005966e-10,-288.97990324031235,0.0
1268,76140.0,76140,11.02009675986292,-288.97990324013716,-22.822169301598002,300.0,1.7522675592501464e-10,-288.9799032403123,0.0
1269,76200.0,76200,11.020096759782824,-68.9799032402169,-27.63850102226718,79.99999999999972,3.10284622179142e-10,-68.97990324052718,0.0
1270,76260.0,76260,11.020096749811534,11.020096749811534,-28.7881660762712,0.0,11.020096749912458,-1.0092233925032869e-10,0.0
1271,76320.0,76320,11.020096749812911,11.020096749812911,-28.61882392288256,0.0,11.020096749913847,-1.0093483072989672e-10,0.0
1272,76380.0,76380,11.020096749814282,11.020096749814282,-28.449481769493904,0.0,11.02009674991523,-1.009472495252056e-10,0.0
1273,76440.0,76440,11.020096749815643,11.020096749815643,-28.28013961610522,0.0,11.020096749916602,-1.0095959561442804e-10,0.0
1274,76500.0,76500,11.020096749816997,11.020096749816997,-28.110797462716516,0.0,11.020096749917968,-1.0097186897581514e-10,0.0
1275,76560.0,76560,11.020096749818341,11.020096749818341,-27.941455309327793,0.0,11.020096749919325,-1.0098406958779286e-10,0.0
1276,76620.0,76620,11.020096749819679,11.020096749819679,-27.772113155939046,0.0,11.020096749920674,-1.0099619742888194e-10,0.0
1277,76680.0,76680,11.020096749821006,11.020096749821006,-27.602771002550284,0.0,11.020096749922013,-1.010082524777828e-10,0.0
1278,76740.0,76740,11.020096749822326,11.020096749822326,-27.433428849161498,0.0,11.020096749923345,-1.0102023471327434e-10,0.0
1279,76800.0,76800,11.020096749823638,11.020096749823638,-27.264086695772694,0.0,11.02009674992467,-1.010321441142841e-10,0.0
1280,76860.0,76860,11.020096749824942,11.020096749824942,-27.094744542383868,0.0,11.020096749925985,-1.0104398065985565e-10,0.0
1281,76920.0,76920,11.020096749826235,11.020096749826235,-26.925402388995025,0.0,11.02009674992729,-1.0105574432917472e-10,0.0
1282,76980.0,76980,11.020096749827522,11.020096749827522,-26.756060235606157,0.0,11.020096749928591,-1.0106743510154957e-10,0.0
1283,77040.0,77040,11.0200967498288,11.0200967498288,-26.58671808221727,0.0,11.02009674992988,-1.0107905295643223e-10,0.0
1284,77100.0,77100,11.02009674983007,11.02009674983007,-26.41737592882837,0.0,11.020096749931163,-1.0109059787335973e-10,0.0
1285,77160.0,77160,11.020096749831335,11.020096749831335,-26.248033775439445,0.0,11.020096749932437,-1.0110206983206512e-10,0.0
1286,77220.0,77220,11.020096749832588,11.020096749832588,-26.0786916220505,0.0,11.020096749933701,-1.0111346881234193e-10,0.0
1287,77280.0,77280,11.020096749833833,11.020096749833833,-25.909349468661535,0.0,11.020096749934957,-1.0112479479418794e-10,0.0
1288,77340.0,77340,11.02009674983507,11.02009674983507,-25.74000731527255,0.0,11.020096749936206,-1.0113604775764013e-10,0.0
1289,77400.0,77400,11.0200967498363,11.0200967498363,-25.570665161883554,0.0,11.020096749937448,-1.0114722768295931e-10,0.0
1290,77460.0,77460,11.02009674983752,11.02009674983752,-25.401323008494533,0.0,11.020096749938679,-1.0115833455043737e-10,0.0
1291,77520.0,77520,11.020096749838732,11.020096749838732,-25.231980855105494,0.0,11.020096749939901,-1.0116936834056386e-10,0.0
1292,77580.0,77580,11.020096749839936,11.020096749839936,-25.062638701716434,0.0,11.020096749941118,-1.0118032903394439e-10,0.0
1293,77640.0,77640,11.020096749841132,11.020096749841132,-24.89329654832736,0.0,11.020096749942324,-1.0119121661130214e-10,0.0
1294,77700.0,77700,11.02009674984232,11.02009674984232,-24.72395439493827,0.0,11.020096749943523,-1.0120203105352049e-10,0.0
1295,77760.0,77760,11.0200967498435,11.0200967498435,-24.554612241549158,0.0,11.020096749944711,-1.012127723415432e-10,0.0
1296,77820.0,77820,11.02009674984467,11.02009674984467,-24.385270088160027,0.0,11.020096749945894,-1.0122344045651668e-10,0.0
1297,77880.0,77880,11.020096749845834,11.020096749845834,-24.215927934770882,0.0,11.020096749947069,-1.012340353796805e-10,0.0
1298,77940.0,77940,11.020096749846989,11.020096749846989,-24.04658578138171,0.0,11.020096749948232,-1.0124455709238198e-10,0.0
1299,78000.0,78000,11.020096749848136,11.020096749848136,-23.87724362799253,0.0,11.02009674994939,-1.0125500557616786e-10,0.0
1300,78060.0,78060,11.020096749849273,11.020096749849273,-23.70790147460333,0.0,11.02009674995054,-1.0126538081266326e-10,0.0
1301,78120.0,78120,11.020096749850405,11.020096749850405,-23.538559321214112,0.0,11.02009674995168,-1.0127568278361584e-10,0.0
1302,78180.0,78180,11.020096749851525,11.020096749851525,-23.369217167824875,0.0,11.020096749952812,-1.0128591147090239e-10,0.0
1303,78240.0,78240,11.02009674985264,11.02009674985264,-23.199875014435623,0.0,11.020096749953934,-1.0129606685656466e-10,0.0
1304,78300.0,78300,11.020096749853746,11.020096749853746,-23.03053286104635,0.0,11.02009674995505,-1.0130614892276862e-10,0.0
1305,78360.0,78360,11.020096749854842,11.020096749854842,-22.861190707657066,0.0,11.020096749956158,-1.0131615765176355e-10,0.0
1306,78420.0,78420,11.02009674985593,11.02009674985593,-22.69184855426776,0.0,11.020096749957258,-1.0132609302595723e-10,0.0
1307,78480.0,78480,11.020096749857013,11.020096749857013,-22.52250640087844,0.0,11.020096749958347,-1.0133595502792897e-10,0.0
1308,78540.0,78540,11.020096749858084,11.020096749858084,-22.353164247489104,0.0,11.02009674995943,-1.0134574364029082e-10,0.0
1309,78600.0,78600,11.020096749859148,11.020096749859148,-22.183822094099753,0.0,11.020096749960503,-1.0135545884587532e-10,0.0
1310,78660.0,78660,11.020096749860205,11.020096749860205,-22.014479940710384,0.0,11.020096749961569,-1.0136510062761314e-10,0.0
1311,78720.0,78720,11.020096749861253,11.020096749861253,-21.845137787320994,0.0,11.020096749962628,-1.0137466896851656e-10,0.0
1312,78780.0,78780,11.020096749862292,11.020096749862292,-21.675795633931592,0.0,11.020096749963677,-1.0138416385181195e-10,0.0
1313,78840.0,78840,11.020096749863324,11.020096749863324,-21.506453480542174,0.0,11.020096749964717,-1.0139358526081716e-10,0.0
1314,78900.0,78900,11.020096749864347,11.020096749864347,-21.337111327152737,0.0,11.02009674996575,-1.0140293317898242e-10,0.0
1315,78960.0,78960,11.020096749865363,11.020096749865363,-21.16776917376329,0.0,11.020096749966775,-1.014122075898347e-10,0.0
1316,79020.0,79020,11.02009674986637,11.02009674986637,-20.998427020373825,0.0,11.020096749967792,-1.0142140847711503e-10,0.0
1317,79080.0,79080,11.020096749867369,11.020096749867369,-20.829084866984342,0.0,11.020096749968799,-1.0143053582465107e-10,0.0
1318,79140.0,79140,11.020096749868358,11.020096749868358,-20.659742713594845,0.0,11.020096749969797,-1.0143958961640441e-10,0.0
1319,79200.0,79200,11.02009674986934,11.02009674986934,-20.490400560205334,0.0,11.02009674997079,-1.0144856983644452e-10,0.0
1320,79260.0,79260,11.020096749870316,11.020096749870316,-20.32105840681581,0.0,11.020096749971772,-1.0145747646904019e-10,0.0
1321,79320.0,79320,11.02009674987128,11.02009674987128,-20.15171625342627,0.0,11.020096749972748,-1.014663094984847e-10,0.0
1322,79380.0,79380,11.020096749872238,11.020096749872238,-19.982374100036708,0.0,11.020096749973714,-1.0147506890932624e-10,0.0
1323,79440.0,79440,11.020096749873186,11.020096749873186,-19.81303194664714,0.0,11.020096749974671,-1.0148375468612607e-10,0.0
1324,79500.0,79500,11.02009674987413,11.02009674987413,-19.643689793257554,0.0,11.02009674997562,-1.0149236681364968e-10,0.0
1325,79560.0,79560,11.020096749875062,11.020096749875062,-19.474347639867958,0.0,11.020096749976563,-1.0150090527676061e-10,0.0
1326,79620.0,79620,11.020096749875988,11.020096749875988,-19.30500548647834,0.0,11.020096749977496,-1.0150937006043674e-10,0.0
1327,79680.0,79680,11.020096749876904,11.020096749876904,-19.13566333308871,0.0,11.020096749978423,-1.0151776114985532e-10,0.0
1328,79740.0,79740,11.020096749877812,11.020096749877812,-18.966321179699072,0.0,11.020096749979338,-1.0152607853022137e-10,0.0
1329,79800.0,79800,11.020096749878714,11.020096749878714,-18.796979026309412,0.0,11.020096749980247,-1.0153432218696864e-10,0.0
1330,79860.0,79860,11.020096749879604,11.020096749879604,-18.62763687291974,0.0,11.020096749981146,-1.0154249210559953e-10,0.0
1331,79920.0,79920,11.020096749880489,11.020096749880489,-18.458294719530056,0.0,11.02009674998204,-1.0155058827176018e-10,0.0
1332,79980.0,79980,11.020096749881365,11.020096749881365,-18.288952566140356,0.0,11.020096749982924,-1.0155861067126343e-10,0.0
1333,80040.0,80040,11.020096749882233,11.020096749882233,-18.119610412750646,0.0,11.0200967499838,-1.0156655928996133e-10,0.0
1334,80100.0,80100,11.020096749883093,11.020096749883093,-17.950268259360918,0.0,11.020096749984667,-1.0157443411391831e-10,0.0
1335,80160.0,80160,11.020096749883944,11.020096749883944,-17.78092610597118,0.0,11.020096749985527,-1.0158223512932954e-10,0.0
1336,80220.0,80220,11.020096749884788,11.020096749884788,-17.61158395258143,0.0,11.020096749986378,-1.0158996232244409e-10,0.0
1337,80280.0,80280,11.020096749885623,11.020096749885623,-17.44224179919167,0.0,11.020096749987221,-1.0159761567974141e-10,0.0
1338,80340.0,80340,11.020096749886449,11.020096749886449,-17.272899645801893,0.0,11.020096749988054,-1.0160519518772386e-10,0.0
1339,80400.0,80400,11.020096749887268,11.020096749887268,-17.1035574924121,0.0,11.02009674998888,-1.016127008331421e-10,0.0
1340,80460.0,80460,11.02009674988808,11.02009674988808,-16.9342153390223,0.0,11.020096749989698,-1.0162013260275662e-10,0.0
1341,80520.0,80520,11.02009674988888,11.02009674988888,-16.76487318563248,0.0,11.020096749990508,-1.0162749048357138e-10,0.0
1342,80580.0,80580,11.020096749889674,11.020096749889674,-16.595531032242658,0.0,11.02009674999131,-1.0163477446263278e-10,0.0
1343,80640.0,80640,11.020096749890461,11.020096749890461,-16.426188878852816,0.0,11.020096749992103,-1.0164198452714737e-10,0.0
1344,80700.0,80700,11.02009674989124,11.02009674989124,-16.256846725462964,0.0,11.02009674999289,-1.0164912066446712e-10,0.0
1345,80760.0,80760,11.02009674989201,11.02009674989201,-16.087504572073104,0.0,11.020096749993664,-1.0165618286204039e-10,0.0
1346,80820.0,80820,11.02009674989277,11.02009674989277,-15.91816241868323,0.0,11.020096749994435,-1.0166317110749362e-10,0.0
1347,80880.0,80880,11.020096749893524,11.020096749893524,-15.748820265293341,0.0,11.020096749995194,-1.016700853885546e-10,0.0
1348,80940.0,80940,11.02009674989427,11.02009674989427,-15.579478111903441,0.0,11.020096749995947,-1.0167692569304747e-10,0.0
1349,81000.0,81000,11.020096749895007,11.020096749895007,-15.410135958513532,0.0,11.020096749996691,-1.0168369200900062e-10,0.0
1350,81060.0,81060,11.020096749895737,11.020096749895737,-15.24079380512361,0.0,11.020096749997426,-1.0169038432452578e-10,0.0
1351,81120.0,81120,11.020096749896457,11.020096749896457,-15.07145165173368,0.0,11.020096749998155,-1.0169700262784907e-10,0.0
1352,81180.0,81180,11.020096749897169,11.020096749897169,-14.902109498343735,0.0,11.020096749998874,-1.0170354690736649e-10,0.0
1353,81240.0,81240,11.020096749897874,11.020096749897874,-14.73276734495378,0.0,11.020096749999585,-1.017100171516195e-10,0.0
1354,81300.0,81300,11.020096749898572,11.020096749898572,-14.563425191563816,0.0,11.020096750000288,-1.0171641334918057e-10,0.0
1355,81360.0,81360,11.02009674989926,11.02009674989926,-14.39408303817384,0.0,11.020096750000983,-1.0172273548886893e-10,0.0
1356,81420.0,81420,11.02009674989994,11.02009674989994,-14.22474088478385,0.0,11.020096750001668,-1.0172898355956585e-10,0.0
1357,81480.0,81480,11.020096749900611,11.020096749900611,-14.055398731393854,0.0,11.020096750002347,-1.0173515755030622e-10,0.0
1358,81540.0,81540,11.020096749901276,11.020096749901276,-13.886056578003847,0.0,11.020096750003017,-1.0174125745028013e-10,0.0
1359,81600.0,81600,11.020096749901931,11.020096749901931,-13.716714424613828,0.0,11.02009675000368,-1.017472832487153e-10,0.0
1360,81660.0,81660,11.020096749902578,11.020096749902578,-13.547372271223802,0.0,11.020096750004333,-1.0175323493508608e-10,0.0
1361,81720.0,81720,11.02009674990322,11.02009674990322,-13.378030117833763,0.0,11.02009675000498,-1.017591124989388e-10,0.0
1362,81780.0,81780,11.02009674990385,11.02009674990385,-13.208687964443715,0.0,11.020096750005616,-1.0176491592992921e-10,0.0
1363,81840.0,81840,11.020096749904473,11.020096749904473,-13.03934581105366,0.0,11.020096750006244,-1.0177064521789117e-10,0.0
1364,81900.0,81900,11.02009674990509,11.02009674990509,-12.870003657663593,0.0,11.020096750006864,-1.0177630035275657e-10,0.0
1365,81960.0,81960,11.020096749905695,11.020096749905695,-12.700661504273517,0.0,11.020096750007479,-1.0178188132460926e-10,0.0
1366,82020.0,82020,11.020096749906294,11.020096749906294,-12.531319350883432,0.0,11.020096750008083,-1.0178738812363929e-10,0.0
1367,82080.0,82080,11.020096749906886,11.020096749906886,-12.361977197493337,0.0,11.020096750008678,-1.0179282074020336e-10,0.0
1368,82140.0,82140,11.020096749907468,11.020096749907468,-12.192635044103236,0.0,11.020096750009266,-1.0179817916474153e-10,0.0
1369,82200.0,82200,11.020096749908044,11.020096749908044,-12.023292890713122,0.0,11.020096750009847,-1.0180346338784413e-10,0.0
1370,82260.0,82260,11.02009674990861,11.02009674990861,-11.853950737323002,0.0,11.020096750010419,-1.0180867340026493e-10,0.0
1371,82320.0,82320,11.020096749909168,11.020096749909168,-11.684608583932873,0.0,11.020096750010982,-1.0181380919283608e-10,0.0
1372,82380.0,82380,11.020096749909719,11.020096749909719,-11.515266430542733,0.0,11.020096750011536,-1.0181887075656133e-10,0.0
1373,82440.0,82440,11.02009674991026,11.02009674991026,-11.345924277152585,0.0,11.020096750012083,-1.0182385808253264e-10,0.0
1374,82500.0,82500,11.020096749910794,11.020096749910794,-11.17658212376243,0.0,11.020096750012623,-1.0182877116201516e-10,0.0
1375,82560.0,82560,11.020096749911321,11.020096749911321,-11.007239970372266,0.0,11.020096750013154,-1.0183360998637862e-10,0.0
1376,82620.0,82620,11.020096749911838,11.020096749911838,-10.837897816982093,0.0,11.020096750013677,-1.0183837454713328e-10,0.0
1377,82680.0,82680,11.020096749912346,11.020096749912346,-10.668555663591913,0.0,11.020096750014192,-1.0184306483591027e-10,0.0
1378,82740.0,82740,11.020096749912849,11.020096749912849,-10.499213510201727,0.0,11.020096750014696,-1.018476808444878e-10,0.0
1379,82800.0,82800,11.020096749913343,11.020096749913343,-10.329871356811534,0.0,11.020096750015194,-1.0185222256476499e-10,0.0
1380,82860.0,82860,11.020096749913828,11.020096749913828,-10.160529203421332,0.0,11.020096750015684,-1.0185668998874061e-10,0.0
1381,82920.0,82920,11.020096749914305,11.020096749914305,-9.99118705003112,0.0,11.020096750016167,-1.0186108310861442e-10,0.0
1382,82980.0,82980,11.020096749914774,11.020096749914774,-9.821844896640904,0.0,11.02009675001664,-1.0186540191667276e-10,0.0
1383,83040.0,83040,11.020096749915234,11.020096749915234,-9.652502743250677,0.0,11.020096750017105,-1.0186964640531635e-10,0.0
1384,83100.0,83100,11.02009674991569,11.02009674991569,-9.483160589860447,0.0,11.020096750017563,-1.0187381656709786e-10,0.0
1385,83160.0,83160,11.020096749916133,11.020096749916133,-9.313818436470207,0.0,11.020096750018011,-1.0187791239472847e-10,0.0
1386,83220.0,83220,11.02009674991657,11.02009674991657,-9.144476283079962,0.0,11.020096750018453,-1.0188193388098956e-10,0.0
1387,83280.0,83280,11.020096749916998,11.020096749916998,-8.975134129689708,0.0,11.020096750018883,-1.0188588101882435e-10,0.0
1388,83340.0,83340,11.02009674991742,11.02009674991742,-8.80579197629945,0.0,11.020096750019308,-1.0188975380129852e-10,0.0
1389,83400.0,83400,11.020096749917832,11.020096749917832,-8.636449822909185,0.0,11.020096750019725,-1.0189355222167226e-10,0.0
1390,83460.0,83460,11.020096749918237,11.020096749918237,-8.467107669518912,0.0,11.020096750020134,-1.0189727627322367e-10,0.0
1391,83520.0,83520,11.02009674991863,11.02009674991863,-8.297765516128635,0.0,11.020096750020533,-1.0190092594943675e-10,0.0
1392,83580.0,83580,11.02009674991902,11.02009674991902,-8.128423362738351,0.0,11.020096750020924,-1.0190450124389026e-10,0.0
1393,83640.0,83640,11.0200967499194,11.0200967499194,-7.95908120934806,0.0,11.020096750021308,-1.0190800215033781e-10,0.0
1394,83700.0,83700,11.020096749919771,11.020096749919771,-7.789739055957765,0.0,11.020096750021684,-1.0191142866261794e-10,0.0
1395,83760.0,83760,11.020096749920137,11.020096749920137,-7.620396902567463,0.0,11.02009675002205,-1.019147807747277e-10,0.0
1396,83820.0,83820,11.02009674992049,11.02009674992049,-7.451054749177155,0.0,11.020096750022411,-1.0191805848078993e-10,0.0
1397,83880.0,83880,11.02009674992084,11.02009674992084,-7.281712595786843,0.0,11.020096750022761,-1.0192126177501409e-10,0.0
1398,83940.0,83940,11.020096749921178,11.020096749921178,-7.112370442396526,0.0,11.020096750023104,-1.019243906518302e-10,0.0
1399,84000.0,84000,11.02009674992151,11.02009674992151,-6.943028289006202,0.0,11.020096750023438,-1.0192744510573693e-10,0.0
1400,84060.0,84060,11.020096749921834,11.020096749921834,-6.773686135615874,0.0,11.020096750023765,-1.01930425131344e-10,0.0
1401,84120.0,84120,11.020096749922148,11.020096749922148,-6.604343982225539,0.0,11.020096750024083,-1.0193333072345074e-10,0.0
1402,84180.0,84180,11.020096749922455,11.020096749922455,-6.435001828835202,0.0,11.020096750024393,-1.0193616187697241e-10,0.0
1403,84240.0,84240,11.020096749922756,11.020096749922756,-6.265659675444859,0.0,11.020096750024695,-1.0193891858688478e-10,0.0
1404,84300.0,84300,11.020096749923045,11.020096749923045,-6.0963175220545125,0.0,11.020096750024987,-1.0194160084841849e-10,0.0
1405,84360.0,84360,11.02009674992333,11.02009674992333,-5.926975368664161,0.0,11.020096750025273,-1.0194420865682541e-10,0.0
1406,84420.0,84420,11.020096749923603,11.020096749923603,-5.757633215273804,0.0,11.02009675002555,-1.0194674200754696e-10,0.0
1407,84480.0,84480,11.02009674992387,11.02009674992387,-5.588291061883444,0.0,11.02009675002582,-1.0194920089612096e-10,0.0
1408,84540.0,84540,11.020096749924129,11.020096749924129,-5.41894890849308,0.0,11.020096750026081,-1.0195158531823878e-10,0.0
1409,84600.0,84600,11.020096749924381,11.020096749924381,-5.249606755102712,0.0,11.020096750026333,-1.019538952697487e-10,0.0
1410,84660.0,84660,11.020096749924623,11.020096749924623,-5.080264601712338,0.0,11.020096750026578,-1.0195613074655288e-10,0.0
1411,84720.0,84720,11.020096749924855,11.020096749924855,-4.910922448321963,0.0,11.020096750026815,-1.0195829174476101e-10,0.0
1412,84780.0,84780,11.020096749925083,11.020096749925083,-4.741580294931584,0.0,11.020096750027044,-1.0196037826055466e-10,0.0
1413,84840.0,84840,11.020096749925301,11.020096749925301,-4.572238141541201,0.0,11.020096750027262,-1.019623902902706e-10,0.0
1414,84900.0,84900,11.020096749925512,11.020096749925512,-4.402895988150815,0.0,11.020096750027475,-1.0196432783043355e-10,0.0
1415,84960.0,84960,11.020096749925713,11.020096749925713,-4.233553834760425,0.0,11.020096750027678,-1.0196619087759595e-10,0.0
1416,85020.0,85020,11.020096749925907,11.020096749925907,-4.064211681370033,0.0,11.020096750027875,-1.0196797942848674e-10,0.0
1417,85080.0,85080,11.020096749926093,11.020096749926093,-3.8948695279796364,0.0,11.020096750028063,-1.0196969347998844e-10,0.0
1418,85140.0,85140,11.02009674992627,11.02009674992627,-3.7255273745892383,0.0,11.020096750028243,-1.0197133302909465e-10,0.0
1419,85200.0,85200,11.02009674992644,11.02009674992644,-3.5561852211988367,0.0,11.020096750028413,-1.0197289807287253e-10,0.0
1420,85260.0,85260,11.020096749926601,11.020096749926601,-3.386843067808433,0.0,11.020096750028577,-1.0197438860868986e-10,0.0
1421,85320.0,85320,11.020096749926756,11.020096749926756,-3.217500914418027,0.0,11.020096750028731,-1.0197580463383273e-10,0.0
1422,85380.0,85380,11.020096749926902,11.020096749926902,-3.048158761027618,0.0,11.020096750028879,-1.0197714614586499e-10,0.0
1423,85440.0,85440,11.020096749927038,11.020096749927038,-2.8788166076372077,0.0,11.020096750029017,-1.0197841314239461e-10,0.0
1424,85500.0,85500,11.020096749927168,11.020096749927168,-2.7094744542467946,0.0,11.020096750029147,-1.0197960562123705e-10,0.0
1425,85560.0,85560,11.020096749927289,11.020096749927289,-2.5401323008563796,0.0,11.02009675002927,-1.019807235802993e-10,0.0
1426,85620.0,85620,11.0200967499274,11.0200967499274,-2.3707901474659625,0.0,11.020096750029383,-1.0198176701758798e-10,0.0
1427,85680.0,85680,11.020096749927507,11.020096749927507,-2.201447994075544,0.0,11.02009675002949,-1.01982735931296e-10,0.0
1428,85740.0,85740,11.020096749927603,11.020096749927603,-2.032105840685124,0.0,11.020096750029587,-1.0198363031971432e-10,0.0
1429,85800.0,85800,11.020096749927692,11.020096749927692,-1.8627636872947018,0.0,11.020096750029676,-1.019844501812858e-10,0.0
1430,85860.0,85860,11.020096749927774,11.020096749927774,-1.6934215339042786,0.0,11.02009675002976,-1.0198519551455791e-10,0.0
1431,85920.0,85920,11.020096749927847,11.020096749927847,-1.5240793805138544,0.0,11.02009675002983,-1.0198586631822354e-10,0.0
1432,85980.0,85980,11.02009674992791,11.02009674992791,-1.3547372271234288,0.0,11.020096750029898,-1.019864625911275e-10,0.0
1433,86040.0,86040,11.020096749927967,11.020096749927967,-1.1853950737330026,0.0,11.020096750029953,-1.0198698433218654e-10,0.0
1434,86100.0,86100,11.020096749928015,11.020096749928015,-1.0160529203425752,0.0,11.020096750030003,-1.019874315405265e-10,0.0
1435,86160.0,86160,11.020096749928056,11.020096749928056,-0.8467107669521472,0.0,11.020096750030044,-1.0198780421534841e-10,0.0
1436,86220.0,86220,11.020096749928088,11.020096749928088,-0.6773686135617185,0.0,11.020096750030078,-1.0198810235596603e-10,0.0
1437,86280.0,86280,11.020096749928113,11.020096749928113,-0.5080264601712894,0.0,11.0200967500301,-1.0198832596190879e-10,0.0
1438,86340.0,86340,11.020096749928129,11.020096749928129,-0.3386843067808598,0.0,11.020096750030117,-1.0198847503273391e-10,0.0
1439,86400.0,86400,11.020096749928136,11.020096749928136,-0.16934215339043004,0.0,11.020096750030126,-1.0198854956822081e-10,0.0
1440,,86460,,,,,,,
