,time,time_x,P_Grid,P_BTMS,E_BTMS,P_Charge,P_BTMS_Ch,P_BTMS_DCh,"param: btms size, a,b_sys,b_cap,b_loan,c,d_wait_cost",E_Shift,P_Shift
0,60.0,60,13.143261268891715,13.14326155245048,26.06818840260443,0.0,13.14326161734315,6.48926680817252e-08,140.5288268305237,4.6332899017474525e-12,2.8355876563496946e-07
1,120.0,120,13.01228829470708,13.012288319846315,26.25438460776836,0.0,13.012288384739003,6.489268699485116e-08,0.1643835616438356,4.730585246175598e-09,2.513923390486051e-08
2,180.0,180,12.955904978434846,12.955904980954593,26.438725358803726,0.0,12.955905045847288,6.489269547736808e-08,0.04323985936321764,5.149547983693724e-09,2.5197461522993013e-09
3,240.0,240,12.915161156245098,12.915161156500758,26.62226734587146,0.0,12.915161221393458,6.489270015536257e-08,0.023148148148148147,5.191519520208155e-09,2.5565742710390393e-10
4,300.0,300,12.87993763333257,12.879937633359702,26.80523212875943,0.0,12.879937698252407,6.489270330075258e-08,0.009341992564003648,5.195756268592732e-09,2.713431443532711e-11
5,360.0,360,12.847302106528415,12.847302106532466,26.987697911736237,0.0,12.847302171425172,6.489270575060036e-08,0.12,5.196184301076805e-09,4.048531545774869e-12
6,420.0,420,12.816158060243175,12.816158060244891,27.16970135808299,0.0,12.8161581251376,6.489270784870342e-08,3.0,5.196227571127525e-09,1.715369526153294e-12
7,480.0,480,12.78602041981782,12.7860204198193,27.351263597107337,0.0,12.78602048471201,6.489270975161241e-08,0.0,5.1962319553313264e-09,1.4791660491298042e-12
8,540.0,540,12.756646833936863,12.756646833938317,27.532398886225657,0.0,12.756646898831029,6.489271153703989e-08,0.0,5.196232402695024e-09,1.4550591250494848e-12
9,600.0,600,12.727903667571969,12.727903667573422,27.71311804954399,0.0,12.727903732466135,6.48927132463148e-08,0.0,5.196232447892406e-09,1.4525150959335498e-12
10,660.0,660,12.699710589692792,12.699710589694245,27.893430018005493,0.0,12.69971065458696,6.489271490266978e-08,0.0,5.196232450068992e-09,1.4522258911765991e-12
11,720.0,720,12.67201538863203,12.672015388633481,28.073342584530373,0.0,12.672015453526198,6.489271651978897e-08,0.0,5.196232446600221e-09,1.4522098842003554e-12
12,780.0,780,12.644781656198543,12.644781656199994,28.252862802373556,0.0,12.644781721092713,6.489271810606617e-08,0.0,5.196232441861735e-09,1.4522499496513456e-12
13,840.0,840,12.61798239557521,12.617982395576663,28.431997209007267,0.0,12.617982460469383,6.489271966684095e-08,0.0,5.196232436633633e-09,1.4523144475615861e-12
14,900.0,900,12.591596529590786,12.59159652959224,28.610751959448812,0.0,12.59159659448496,6.489272120562593e-08,0.0,5.196232431188315e-09,1.4523943906523568e-12
15,960.0,960,12.565606902310119,12.565606902311572,28.789132910122245,0.0,12.565606967204294,6.489272272481489e-08,0.0,5.19623242566491e-09,1.452485250703691e-12
16,1020.0,1020,12.539999082775644,12.539999082777097,28.967145674409206,0.0,12.539999147669821,6.489272422608491e-08,0.0,5.196232420141806e-09,1.4525842542961902e-12
17,1080.0,1080,12.51476061587957,12.514760615881023,29.144795661252758,0.0,12.514760680773747,6.48927257106441e-08,0.0,5.19623241466317e-09,1.4526895540262316e-12
18,1140.0,1140,12.48988053102345,12.489880531024903,29.322088103148623,0.0,12.48988059591763,6.489272717939642e-08,0.0,5.196232409253193e-09,1.4527998914997763e-12
19,1200.0,1200,12.465349004486717,12.465349004488168,29.499028077175687,0.0,12.465349069380897,6.489272863302959e-08,0.0,5.19623240392449e-09,1.4529143678350238e-12
20,1260.0,1260,12.441157116900175,12.441157116901628,29.67562052124348,0.0,12.44115718179436,6.489273007208465e-08,0.0,5.196232398683216e-09,1.4530323149333013e-12
21,1320.0,1320,12.417296672251625,12.417296672253078,29.851870246903793,0.0,12.41729673714581,6.489273149700201e-08,0.0,5.196232393531392e-09,1.4531532292723547e-12
22,1380.0,1380,12.393760058907585,12.393760058909038,30.027781949598257,0.0,12.393760123801771,6.489273290814745e-08,0.0,5.19623238846958e-09,1.4532766905854018e-12
23,1440.0,1440,12.370540141038312,12.370540141039765,30.20336021693701,0.0,12.370540205932496,6.489273430583155e-08,0.0,5.196232383496875e-09,1.453402378562035e-12
24,1500.0,1500,12.347630173285339,12.347630173286792,30.37860953543929,0.0,12.347630238179526,6.489273569033261e-08,0.0,5.196232378612547e-09,1.453530008604247e-12
25,1560.0,1560,12.32502373405784,12.325023734059293,30.553534296065063,0.0,12.32502379895203,6.489273706189443e-08,0.0,5.196232373815559e-09,1.453659309395115e-12
26,1620.0,1620,12.302714674067424,12.302714674068877,30.72813879880178,0.0,12.302714738961615,6.489273842074807e-08,0.0,5.196232369105226e-09,1.4537900561325743e-12
27,1680.0,1680,12.280697077530656,12.28069707753211,30.902427256521964,0.0,12.28069714242485,6.489273976710637e-08,0.0,5.196232364480298e-09,1.4539220426795177e-12
28,1740.0,1740,12.25896523374785,12.258965233749302,31.076403798291217,0.0,12.258965298642046,6.489274110117217e-08,0.0,5.1962323599403025e-09,1.4540550317955375e-12
29,1800.0,1800,12.237513617096685,12.23751361709814,31.25007247227354,0.0,12.237513681990881,6.489274242313589e-08,0.0,5.196232355483731e-09,1.4541888634409305e-12
30,1860.0,1860,12.216336873564076,12.216336873565531,31.42343724835331,0.0,12.216336938458273,6.489274373318663e-08,0.0,5.19623235110938e-09,1.4543233361107044e-12
31,1920.0,1920,12.195429812220123,12.195429812221578,31.596502020566366,0.0,12.195429877114323,6.489274503150171e-08,0.0,5.196232346815742e-09,1.454458310064068e-12
32,1980.0,1980,12.174787400135536,12.174787400136989,31.769270609410388,0.0,12.174787465029734,6.489274631825781e-08,0.0,5.1962323426008805e-09,1.4545936054595453e-12
33,2040.0,2040,12.154404759548898,12.154404759550353,31.941746764083206,0.0,12.1544048244431,6.489274759361987e-08,0.0,5.1962323384626414e-09,1.4547290814002668e-12
34,2100.0,2100,12.134277166238325,12.13427716623978,32.11393416468105,0.0,12.134277231132529,6.489274885775081e-08,0.0,5.196232334398315e-09,1.4548646287064996e-12
35,2160.0,2160,12.114400048326981,12.114400048328438,32.285836424373656,0.0,12.114400113221189,6.489275011080523e-08,0.0,5.1962323304054465e-09,1.455000116262631e-12
36,2220.0,2220,12.094768984937629,12.094768984939082,32.45745709156252,0.0,12.094769049831836,6.489275135292985e-08,0.0,5.196232326480722e-09,1.4551354549543032e-12
37,2280.0,2280,12.075379704304101,12.075379704305556,32.62879965202003,0.0,12.075379769198308,6.489275258426928e-08,0.0,5.196232322621256e-09,1.4552705485423454e-12
38,2340.0,2340,12.056228081124237,12.056228081125694,32.79986753100191,0.0,12.056228146018448,6.4892753804962e-08,0.0,5.196232318823906e-09,1.455405317777937e-12
39,2400.0,2400,12.03731013305355,12.037310133055005,32.97066409532206,0.0,12.03731019794776,6.489275501513264e-08,0.0,5.19623231508523e-09,1.4555397023766209e-12
40,2460.0,2460,12.018622016354247,12.018622016355701,33.141192655377886,0.0,12.01862208124846,6.489275621490899e-08,0.0,5.196232311402214e-09,1.4556736626198169e-12
41,2520.0,2520,12.000160020788822,12.000160020790277,33.31145646711381,0.0,12.000160085683035,6.489275740440776e-08,0.0,5.196232307771887e-09,1.4558071145827612e-12
42,2580.0,2580,11.981920563888774,11.981920563890231,33.48145873391255,0.0,11.981920628782989,6.489275858373987e-08,0.0,5.196232304191022e-09,1.4559400564073079e-12
43,2640.0,2640,11.963900184744565,11.96390018474602,33.6512026084052,0.0,11.963900249638781,6.489275975301344e-08,0.0,5.196232300657078e-09,1.4560724396610864e-12
44,2700.0,2700,11.946095537501,11.946095537502455,33.820691194193316,0.0,11.946095602395216,6.489276091233076e-08,0.0,5.196232297167558e-09,1.456204207263859e-12
45,2760.0,2760,11.928503384699006,11.928503384700463,33.989927547478814,0.0,11.928503449593226,6.489276206178893e-08,0.0,5.1962322937197076e-09,1.4563353813781881e-12
46,2820.0,2820,11.91112059062293,11.911120590624385,34.158914678599615,0.0,11.91112065551715,6.48927632014806e-08,0.0,5.1962322903117185e-09,1.456465912562136e-12
47,2880.0,2880,11.893944114764253,11.893944114765707,34.327655553471004,0.0,11.893944179658472,6.489276433149977e-08,0.0,5.196232286941439e-09,1.4565957893616617e-12
48,2940.0,2940,11.876971005515658,11.876971005517113,34.49615309493439,0.0,11.876971070409878,6.489276545192187e-08,0.0,5.196232283607147e-09,1.4567249919071712e-12
49,3000.0,3000,11.860198394170196,11.860198394171652,34.66441018401676,0.0,11.860198459064419,6.489276656283747e-08,0.0,5.196232280307335e-09,1.4568535018008736e-12
50,3060.0,3060,11.843623489284438,11.843623489285894,34.832429661105074,0.0,11.843623554178663,6.489276766432647e-08,0.0,5.196232277040626e-09,1.456981319275283e-12
51,3120.0,3120,11.82724357143489,11.827243571436346,35.00021432704083,0.0,11.827243636329117,6.489276875646461e-08,0.0,5.196232273806031e-09,1.4571083979334253e-12
52,3180.0,3180,11.81105598842149,11.81105598842295,35.16776694414039,0.0,11.811056053315719,6.489276983932321e-08,0.0,5.196232270602128e-09,1.4572347538098192e-12
53,3240.0,3240,11.795058150882411,11.795058150883872,35.335090237147256,0.0,11.795058215776644,6.489277091298179e-08,0.0,5.1962322674284005e-09,1.457360356899909e-12
54,3300.0,3300,11.779247528362797,11.779247528364253,35.502186894122325,0.0,11.779247593257026,6.489277197751027e-08,0.0,5.196232264283902e-09,1.4574851962663975e-12
55,3360.0,3360,11.76362164579791,11.763621645799367,35.66905956727836,0.0,11.763621710692139,6.489277303297789e-08,0.0,5.196232261168031e-09,1.4576092639387012e-12
56,3420.0,3420,11.748178080406198,11.748178080407657,35.83571087376473,0.0,11.748178145300429,6.489277407945382e-08,0.0,5.1962322580802686e-09,1.457732532832823e-12
57,3480.0,3480,11.73291445897334,11.732914458974799,36.00214339640805,0.0,11.732914523867574,6.489277511700389e-08,0.0,5.196232255020143e-09,1.457855003664826e-12
58,3540.0,3540,11.717828455489945,11.717828455491402,36.168359684414405,0.0,11.71782852038418,6.489277614569969e-08,0.0,5.196232251987265e-09,1.4579766471045517e-12
59,3600.0,3600,11.702917789133963,11.70291778913542,36.33436225403807,0.0,11.702917854028197,6.489277716560255e-08,0.0,5.1962322489812066e-09,1.4580974687773628e-12
60,3660.0,3660,11.68818022254614,11.688180222547599,36.5001535892217,0.0,11.688180287440376,6.48927781767796e-08,0.0,5.196232246001794e-09,1.4582174263305505e-12
61,3720.0,3720,11.673613560385299,11.673613560386755,36.665736142212,0.0,11.673613625279534,6.489277917929732e-08,0.0,5.196232243048511e-09,1.4583365434446753e-12
62,3780.0,3780,11.659215648118513,11.659215648119972,36.83111233415502,0.0,11.659215713012753,6.489278017321458e-08,0.0,5.1962322401214e-09,1.4584547636587102e-12
63,3840.0,3840,11.644984371030711,11.644984371032168,36.996284555674265,0.0,11.64498443592495,6.489278115859683e-08,0.0,5.196232237220075e-09,1.458572100634723e-12
64,3900.0,3900,11.630917653392505,11.630917653393963,37.16125516743477,0.0,11.630917718286744,6.489278213550846e-08,0.0,5.196232234344146e-09,1.4586885439382855e-12
65,3960.0,3960,11.617013457792703,11.617013457794164,37.32602650069539,0.0,11.617013522686946,6.489278310401078e-08,0.0,5.196232231493617e-09,1.4588040634787446e-12
66,4020.0,4020,11.603269784577542,11.603269784579002,37.49060085785168,0.0,11.603269849471786,6.4892784064163e-08,0.0,5.196232228668011e-09,1.458918663542423e-12
67,4080.0,4080,11.589684671381233,11.589684671382692,37.654980512970766,0.0,11.589684736275476,6.489278501602815e-08,0.0,5.1962322258672e-09,1.4590323141885224e-12
68,4140.0,4140,11.576256192718914,11.576256192720374,37.81916771231957,0.0,11.57625625761316,6.489278595966548e-08,0.0,5.196232223090668e-09,1.4591450271515705e-12
69,4200.0,4200,11.56298245962077,11.56298245962223,37.98316467488732,0.0,11.562982524515016,6.489278689513764e-08,0.0,5.196232220338371e-09,1.4592567730653915e-12
70,4260.0,4260,11.54986161929275,11.54986161929421,38.146973592902846,0.0,11.549861684186997,6.489278782249563e-08,0.0,5.196232217609793e-09,1.4593675601033099e-12
71,4320.0,4320,11.536891854770507,11.536891854771968,38.31059663234706,0.0,11.536891919664756,6.489278874180726e-08,0.0,5.196232214904762e-09,1.4594773542345486e-12
72,4380.0,4380,11.524071384573606,11.524071384575064,38.474035933460534,0.0,11.524071449467856,6.489278965312488e-08,0.0,5.196232212222761e-09,1.459586172769777e-12
73,4440.0,4440,11.51139846233496,11.511398462336418,38.637293611246236,0.0,11.511398527229208,6.489279055650568e-08,0.0,5.196232209563532e-09,1.459694002785555e-12
74,4500.0,4500,11.498871376403862,11.498871376405322,38.80037175596687,0.0,11.498871441298112,6.489279145200852e-08,0.0,5.1962322069266444e-09,1.459800824421293e-12
75,4560.0,4560,11.486488449406574,11.486488449408034,38.963272433636824,0.0,11.486488514300826,6.48927923396868e-08,0.0,5.1962322043115816e-09,1.459906644169147e-12
76,4620.0,4620,11.474248037786609,11.474248037788069,39.12599768650765,0.0,11.474248102680862,6.489279321959458e-08,0.0,5.196232201718042e-09,1.4600114593194253e-12
77,4680.0,4680,11.46214853129088,11.46214853129234,39.2885495335472,0.0,11.462148596185134,6.489279409178798e-08,0.0,5.1962321991457675e-09,1.4601152635596744e-12
78,4740.0,4740,11.450188352427547,11.45018835242901,39.450929970911375,0.0,11.450188417321804,6.48927949563197e-08,0.0,5.19623219659407e-09,1.46021803182001e-12
79,4800.0,4800,11.438365955889278,11.438365955890736,39.61314097240833,0.0,11.438366020783533,6.489279581324347e-08,0.0,5.1962321940626045e-09,1.4603198070188566e-12
80,4860.0,4860,11.426679827943929,11.426679827945389,39.77518448995433,0.0,11.426679892838186,6.489279666260578e-08,0.0,5.196232191551113e-09,1.4604205479625347e-12
81,4920.0,4920,11.41512848579547,11.41512848579693,39.9370624540211,0.0,11.415128550689728,6.489279750446653e-08,0.0,5.196232189058906e-09,1.4605202715798871e-12
82,4980.0,4980,11.403710476931863,11.403710476933323,40.0987767740741,0.0,11.40371054182612,6.489279833886777e-08,0.0,5.1962321865859415e-09,1.4606189672179653e-12
83,5040.0,5040,11.392424378443282,11.392424378444742,40.26032933900154,0.0,11.392424443337541,6.489279916586387e-08,0.0,5.1962321841315295e-09,1.4607166414052371e-12
84,5100.0,5100,11.38126879633855,11.38126879634001,40.42172201753372,0.0,11.381268861232808,6.489279998550238e-08,0.0,5.196232181695112e-09,1.4608133008063185e-12
85,5160.0,5160,11.370242364852357,11.370242364853818,40.58295665865275,0.0,11.370242429746618,6.489280079783014e-08,0.0,5.19623217927686e-09,1.4609089210914218e-12
86,5220.0,5220,11.359343745736648,11.359343745738109,40.74403509199239,0.0,11.35934381063091,6.489280160289638e-08,0.0,5.196232176875741e-09,1.461003542910234e-12
87,5280.0,5280,11.348571627580027,11.348571627581487,40.90495912822789,0.0,11.34857169247429,6.489280240074863e-08,0.0,5.1962321744919695e-09,1.4610971332501791e-12
88,5340.0,5340,11.337924725101916,11.337924725103377,41.06573055945616,0.0,11.33792478999618,6.489280319142925e-08,0.0,5.196232172124857e-09,1.4611897057236011e-12
89,5400.0,5400,11.327401778477858,11.327401778479318,41.22635115956601,0.0,11.327401843372122,6.489280397498472e-08,0.0,5.1962321697740605e-09,1.4612812728266388e-12
90,5460.0,5460,11.317001552665893,11.317001552667355,41.38682268459868,0.0,11.31700161756016,6.489280475146155e-08,0.0,5.196232167439362e-09,1.461371809620958e-12
91,5520.0,5520,11.306722836746811,11.306722836748273,41.54714687309901,0.0,11.306722901641077,6.489280552090277e-08,0.0,5.196232165120248e-09,1.461461363717187e-12
92,5580.0,5580,11.296564443284174,11.296564443285638,41.70732544645716,0.0,11.296564508178443,6.489280628334971e-08,0.0,5.196232162816759e-09,1.4615498963531391e-12
93,5640.0,5640,11.28652520769546,11.286525207696922,41.86736010924125,0.0,11.28652527258973,6.489280703884784e-08,0.0,5.196232160528208e-09,1.4616374381496197e-12
94,5700.0,5700,11.276603987653106,11.276603987654568,42.027252549521165,0.0,11.276604052547375,6.489280778743777e-08,0.0,5.1962321582546796e-09,1.46172396084395e-12
95,5760.0,5760,11.266799662487838,11.2667996624893,42.187004439183816,0.0,11.266799727382109,6.489280852916222e-08,0.0,5.1962321559954e-09,1.4618094988010866e-12
96,5820.0,5820,11.257111132625596,11.257111132627058,42.34661743423996,0.0,11.257111197519867,6.489280926405702e-08,0.0,5.196232153750499e-09,1.4618940471241617e-12
97,5880.0,5880,11.24753731904108,11.247537319042543,42.506093175123056,0.0,11.247537383935352,6.48928099921707e-08,0.0,5.19623215151963e-09,1.4619776081486073e-12
98,5940.0,5940,11.23807716272421,11.238077162725672,42.66543328698037,0.0,11.238077227618483,6.489281071353599e-08,0.0,5.196232149302365e-09,1.4620601849190085e-12
99,6000.0,6000,11.228729624180653,11.228729624182115,42.82463937995652,0.0,11.228729689074926,6.489281142819351e-08,0.0,5.196232147098745e-09,1.462141786835946e-12
100,6060.0,6060,11.219493682936202,11.219493682937664,42.98371304946998,0.0,11.219493747830477,6.489281213618633e-08,0.0,5.196232144908384e-09,1.4622224081417075e-12
101,6120.0,6120,11.210368337070229,11.21036833707169,43.142655876482486,0.0,11.210368401964505,6.489281283754613e-08,0.0,5.19623214273111e-09,1.462302056410772e-12
102,6180.0,6180,11.201352602767656,11.201352602769118,43.30146942776187,0.0,11.201352667661933,6.489281353231559e-08,0.0,5.196232140566663e-09,1.4623807310348598e-12
103,6240.0,6240,11.192445513879846,11.19244551388131,43.46015525613865,0.0,11.192445578774123,6.489281422052745e-08,0.0,5.196232138414614e-09,1.462458467944743e-12
104,6300.0,6300,11.183646121515507,11.183646121516968,43.61871490075618,0.0,11.183646186409783,6.48928149022213e-08,0.0,5.196232136275306e-09,1.4625352189050029e-12
105,6360.0,6360,11.174953493640341,11.174953493641803,43.77714988731521,0.0,11.17495355853462,6.489281557742985e-08,0.0,5.1962321341481815e-09,1.4626110294499627e-12
106,6420.0,6420,11.166366714689012,11.166366714690472,43.93546172831268,0.0,11.166366779583289,6.489281624619341e-08,0.0,5.1962321320329805e-09,1.4626858876192052e-12
107,6480.0,6480,11.157884885207421,11.157884885208885,44.09365192327501,0.0,11.157884950101701,6.489281690854504e-08,0.0,5.1962321299296604e-09,1.4627597995949424e-12
108,6540.0,6540,11.149507121488849,11.149507121490311,44.251721958986344,0.0,11.14950718638313,6.489281756451847e-08,0.0,5.196232127838092e-09,1.4628327662976966e-12
109,6600.0,6600,11.141232555240473,11.141232555241936,44.40967330971167,0.0,11.141232620134755,6.489281821414609e-08,0.0,5.196232125757974e-09,1.4629047971718468e-12
110,6660.0,6660,11.133060333257216,11.133060333258678,44.56750743741514,0.0,11.133060398151496,6.489281885746851e-08,0.0,5.196232123689221e-09,1.4629758965019814e-12
111,6720.0,6720,11.12498961710222,11.124989617103681,44.72522579197385,0.0,11.124989681996503,6.489281949451229e-08,0.0,5.196232121631574e-09,1.4630460648420113e-12
112,6780.0,6780,11.1170195828095,11.117019582810965,44.88282981138703,0.0,11.117019647703783,6.489282012531389e-08,0.0,5.196232119585033e-09,1.4631153124498722e-12
113,6840.0,6840,11.109149420590217,11.109149420591681,45.04032092198106,0.0,11.109149485484503,6.489282074990605e-08,0.0,5.196232117549297e-09,1.4631836373255086e-12
114,6900.0,6900,11.101378334547569,11.101378334549032,45.19770053861032,0.0,11.101378399441854,6.489282136831838e-08,0.0,5.1962321155242794e-09,1.4632510412979972e-12
115,6960.0,6960,11.0937055424119,11.093705542413364,45.35497006485398,0.0,11.093705607306186,6.489282198058464e-08,0.0,5.1962321135097654e-09,1.4633175427627489e-12
116,7020.0,7020,11.086130275276172,11.086130275277636,45.51213089320905,0.0,11.08613034017046,6.489282258673443e-08,0.0,5.196232111505755e-09,1.463383125660951e-12
117,7080.0,7080,11.07865177733656,11.078651777338024,45.669184405279694,0.0,11.078651842230848,6.489282318679944e-08,0.0,5.196232109512032e-09,1.4634478069921241e-12
118,7140.0,7140,11.071269305657497,11.07126930565896,45.82613197196286,0.0,11.071269370551782,6.489282378081203e-08,0.0,5.19623210752834e-09,1.4635115850964949e-12
119,7200.0,7200,11.063982129924826,11.063982129926288,45.982974953630574,0.0,11.063982194819113,6.48928243688008e-08,0.0,5.196232105554764e-09,1.4635744729024923e-12
120,7260.0,7260,11.056789532224823,11.056789532226286,46.13971470030874,0.0,11.056789597119112,6.489282495079708e-08,0.0,5.196232103591002e-09,1.4636364612384443e-12
121,7320.0,7320,11.049690806813048,11.049690806814512,46.29635255185282,0.0,11.049690871707336,6.489282552682774e-08,0.0,5.196232101636926e-09,1.4636975556272062e-12
122,7380.0,7380,11.042685259901745,11.042685259903207,46.45288983812024,0.0,11.042685324796032,6.489282609692238e-08,0.0,5.1962320996925355e-09,1.4637577786915206e-12
123,7440.0,7440,11.035772209450956,11.03577220945242,46.60932787913975,0.0,11.035772274345245,6.489282666111201e-08,0.0,5.196232097757572e-09,1.4638171148219389e-12
124,7500.0,7500,11.028950984965068,11.02895098496653,46.765667985277865,0.0,11.028951049859357,6.489282721942451e-08,0.0,5.1962320958321655e-09,1.4638755572377171e-12
125,7560.0,7560,11.022220927291807,11.02222092729327,46.921911457402445,0.0,11.0222209921861,6.489282777188745e-08,0.0,5.196232093915799e-09,1.4639331383126706e-12
126,7620.0,7620,11.015581388432734,11.015581388434198,47.078059587043306,0.0,11.015581453327025,6.489282831852768e-08,0.0,5.196232092008601e-09,1.4639898395004307e-12
127,7680.0,7680,11.009031731353348,11.009031731354812,47.234113656550335,0.0,11.00903179624764,6.489282885937376e-08,0.0,5.1962320901104e-09,1.4640456784620325e-12
128,7740.0,7740,11.002571329801013,11.002571329802477,47.39007493924874,0.0,11.002571394695307,6.489282939445293e-08,0.0,5.196232088221153e-09,1.4641006513381558e-12
129,7800.0,7800,10.996199568131289,10.99619956813275,47.54594469959182,0.0,10.996199633025581,6.489282992379033e-08,0.0,5.196232086340644e-09,1.4641547587523614e-12
130,7860.0,7860,10.98991584112908,10.989915841130545,47.70172419331125,0.0,10.989915906023375,6.489283044741521e-08,0.0,5.1962320844688306e-09,1.4642080023335473e-12
131,7920.0,7920,10.983719553842725,10.98371955384419,47.85741466756481,0.0,10.983719618737021,6.489283096535169e-08,0.0,5.196232082605412e-09,1.4642604120789997e-12
132,7980.0,7980,10.977610121422725,10.977610121424188,48.013017361081815,0.0,10.977610186317019,6.489283147762696e-08,0.0,5.1962320807506884e-09,1.464311951361892e-12
133,8040.0,8040,10.971586968953428,10.971586968954893,48.1685335043062,0.0,10.971587033847726,6.489283198426617e-08,0.0,5.1962320789042724e-09,1.4643626423661704e-12
134,8100.0,8100,10.96564953130655,10.965649531308014,48.32396431953727,0.0,10.965649596200848,6.48928324852931e-08,0.0,5.196232077065993e-09,1.4644124879924993e-12
135,8160.0,8160,10.959797252980131,10.959797252981597,48.47931102106834,0.0,10.959797317874429,6.489283298073527e-08,0.0,5.196232075235979e-09,1.46446149388588e-12
136,8220.0,8220,10.954029587953347,10.954029587954809,48.63457481532313,0.0,10.954029652847641,6.489283347061508e-08,0.0,5.196232073413885e-09,1.4645096554081064e-12
137,8280.0,8280,10.948345999539482,10.948345999540946,48.78975690099003,0.0,10.94834606443378,6.489283395496112e-08,0.0,5.196232071599755e-09,1.464556993552643e-12
138,8340.0,8340,10.942745960246603,10.942745960248068,48.9448584691544,0.0,10.942746025140902,6.489283443379161e-08,0.0,5.196232069793588e-09,1.4646034784646933e-12
139,8400.0,8400,10.93722895163596,10.937228951637426,49.099880703428795,0.0,10.937229016530262,6.489283490713415e-08,0.0,5.196232067994955e-09,1.4646491324120134e-12
140,8460.0,8460,10.93179446418716,10.931794464188625,49.2548247800812,0.0,10.931794529081461,6.489283537501383e-08,0.0,5.196232066204156e-09,1.464693966793128e-12
141,8520.0,8520,10.926441997164252,10.926441997165718,49.40969186816142,0.0,10.926442062058554,6.489283583744859e-08,0.0,5.196232064420762e-09,1.4647379697672865e-12
142,8580.0,8580,10.921171058488996,10.92117105849046,49.56448312962548,0.0,10.921171123383296,6.489283629446563e-08,0.0,5.196232062644943e-09,1.4647811455221137e-12
143,8640.0,8640,10.915981164613134,10.9159811646146,49.7191997194583,0.0,10.915981229507436,6.489283674608594e-08,0.0,5.1962320608764426e-09,1.4648235061041426e-12
144,8700.0,8700,10.91087184039483,10.910871840396295,49.87384278579456,0.0,10.910871905289133,6.489283719233467e-08,0.0,5.196232059115131e-09,1.4648650468732474e-12
145,8760.0,8760,10.905842618974784,10.90584261897625,50.02841347003771,0.0,10.905842683869086,6.489283763323147e-08,0.0,5.1962320573611806e-09,1.4649057734143705e-12
146,8820.0,8820,10.900893041662357,10.90089304166382,50.18291290697742,0.0,10.900893106556659,6.489283806880042e-08,0.0,5.19623205561429e-09,1.4649456744847306e-12
147,8880.0,8880,10.89602265781647,10.896022657817936,50.33734222490521,0.0,10.896022722710773,6.489283849906079e-08,0.0,5.196232053874373e-09,1.4649847804157494e-12
148,8940.0,8940,10.891231024735616,10.89123102473708,50.49170254572851,0.0,10.891231089629919,6.489283892403742e-08,0.0,5.196232052141386e-09,1.4650230582575745e-12
149,9000.0,9000,10.886517707544337,10.886517707545801,50.645994985083156,0.0,10.88651777243864,6.489283934374786e-08,0.0,5.196232050415244e-09,1.465060543125618e-12
150,9060.0,9060,10.88188227908737,10.881882279088835,50.80022065244427,0.0,10.881882343981674,6.489283975821757e-08,0.0,5.1962320486957316e-09,1.4650972204435926e-12
151,9120.0,9120,10.87732431982151,10.877324319822975,50.95438065123557,0.0,10.877324384715816,6.489284016746102e-08,0.0,5.196232046983063e-09,1.4651330985001612e-12
152,9180.0,9180,10.872843417713693,10.872843417715156,51.10847607893727,0.0,10.872843482607996,6.489284057150647e-08,0.0,5.196232045277024e-09,1.4651681727460827e-12
153,9240.0,9240,10.8684391681382,10.868439168139666,51.26250802719245,0.0,10.868439233032507,6.489284097036906e-08,0.0,5.1962320435774845e-09,1.4652024416461572e-12
154,9300.0,9300,10.864111173785492,10.864111173786956,51.41647758191198,0.0,10.864111238679797,6.489284136407221e-08,0.0,5.196232041884316e-09,1.4652359198219812e-12
155,9360.0,9360,10.859859044549161,10.859859044550625,51.57038582337816,0.0,10.859859109443468,6.489284175263244e-08,0.0,5.1962320401976055e-09,1.465268603049863e-12
156,9420.0,9420,10.855682397448088,10.855682397449554,51.72423382634685,0.0,10.855682462342395,6.489284213607111e-08,0.0,5.196232038517007e-09,1.4653005033966862e-12
157,9480.0,9480,10.851580856524539,10.851580856526004,51.878022660148254,0.0,10.851580921418847,6.489284251440715e-08,0.0,5.196232036842822e-09,1.4653315987979172e-12
158,9540.0,9540,10.847554052754774,10.84755405275624,52.03175338878659,0.0,10.847554117649082,6.489284288766469e-08,0.0,5.1962320351746646e-09,1.4653619088082637e-12
159,9600.0,9600,10.84360162396508,10.843601623966544,52.18542707103818,0.0,10.843601688859387,6.489284325585439e-08,0.0,5.196232033512491e-09,1.4653914395390102e-12
160,9660.0,9660,10.839723214737052,10.839723214738516,52.339044760548575,0.0,10.839723279631361,6.489284361900311e-08,0.0,5.196232031856429e-09,1.465420184163844e-12
161,9720.0,9720,10.835918476330383,10.835918476331848,52.49260750592824,0.0,10.835918541224693,6.489284397712326e-08,0.0,5.196232030206265e-09,1.4654481398305104e-12
162,9780.0,9780,10.832187066597928,10.832187066599394,52.646116350847166,0.0,10.832187131492239,6.48928443302372e-08,0.0,5.196232028561912e-09,1.465475318909719e-12
163,9840.0,9840,10.828528649898725,10.828528649900191,52.7995723341282,0.0,10.828528714793036,6.48928446783601e-08,0.0,5.196232026923328e-09,1.4655017221970213e-12
164,9900.0,9900,10.824942897029782,10.82494289703125,52.95297648983934,0.0,10.824942961924094,6.489284502151124e-08,0.0,5.196232025290425e-09,1.4655273451270505e-12
165,9960.0,9960,10.82142948513886,10.821429485140326,53.10632984738482,0.0,10.821429550033171,6.489284535971199e-08,0.0,5.196232023663206e-09,1.465552183256919e-12
166,10020.0,10020,10.81798809765502,10.817988097656487,53.2596334315952,0.0,10.817988162549332,6.489284569297644e-08,0.0,5.196232022041496e-09,1.465576254257219e-12
167,10080.0,10080,10.814618424208852,10.814618424210318,53.412888262816196,0.0,10.814618489103163,6.489284602132148e-08,0.0,5.196232020425296e-09,1.465599553808744e-12
168,10140.0,10140,10.811320160565993,10.811320160567458,53.566095356996726,0.0,10.811320225460303,6.489284634476673e-08,0.0,5.196232018814519e-09,1.4656220876806723e-12
169,10200.0,10200,10.808093008554469,10.808093008555934,53.71925572577564,0.0,10.80809307344878,6.489284666332736e-08,0.0,5.19623201720921e-09,1.4656438362127163e-12
170,10260.0,10260,10.804936675989508,10.804936675990973,53.872370376567716,0.0,10.80493674088382,6.489284697702367e-08,0.0,5.196232015609066e-09,1.4656648324283242e-12
171,10320.0,10320,10.801850876617777,10.801850876619243,54.02544031264847,0.0,10.80185094151209,6.489284728586532e-08,0.0,5.196232014014217e-09,1.4656850474891738e-12
172,10380.0,10380,10.798835330036965,10.79883533003843,54.17846653323812,0.0,10.79883539493128,6.489284758987675e-08,0.0,5.196232012424535e-09,1.465704501564374e-12
173,10440.0,10440,10.79588976164716,10.795889761648626,54.33145003358454,0.0,10.795889826541472,6.489284788907069e-08,0.0,5.196232010839974e-09,1.4657231935738567e-12
174,10500.0,10500,10.793013902572044,10.793013902573511,54.48439180504543,0.0,10.793013967466358,6.489284818346506e-08,0.0,5.196232009260407e-09,1.465741127596616e-12
175,10560.0,10560,10.790207489607754,10.79020748960922,54.63729283516944,0.0,10.790207554502068,6.489284847307261e-08,0.0,5.19623200768592e-09,1.4657582901394395e-12
176,10620.0,10620,10.787470265159373,10.787470265160838,54.79015410777645,0.0,10.787470330053688,6.489284875791125e-08,0.0,5.196232006116253e-09,1.4657746916558943e-12
177,10680.0,10680,10.784801977181356,10.784801977182822,54.94297660303711,0.0,10.784802042075672,6.489284903799715e-08,0.0,5.1962320045514085e-09,1.4657903482434193e-12
178,10740.0,10740,10.78220237912159,10.782202379123058,55.09576129755141,0.0,10.782202444015907,6.489284931334615e-08,0.0,5.196232002991643e-09,1.4658052277172793e-12
179,10800.0,10800,10.779671229863316,10.779671229864782,55.24850916442652,0.0,10.779671294757632,6.489284958397169e-08,0.0,5.196232001436398e-09,1.465819355247813e-12
180,10860.0,10860,10.777208293670492,10.777208293671956,55.40122117335382,0.0,10.777208358564806,6.489284984988996e-08,0.0,5.196231999885844e-09,1.4658327432791882e-12
181,10920.0,10920,10.774813340140643,10.774813340142108,55.553898290685055,0.0,10.774813405034958,6.489285011111954e-08,0.0,5.196231998340026e-09,1.46584535994481e-12
182,10980.0,10980,10.772486144138105,10.772486144139572,55.70654147950793,0.0,10.772486209032422,6.489285036766973e-08,0.0,5.196231996798728e-09,1.4658572278407026e-12
183,11040.0,11040,10.770226485762128,10.770226485763594,55.85915169972079,0.0,10.770226550656444,6.48928506195564e-08,0.0,5.196231995261949e-09,1.4658683459670665e-12
184,11100.0,11100,10.768034150281514,10.768034150282979,56.01172990810665,0.0,10.76803421517583,6.489285086679742e-08,0.0,5.1962319937297346e-09,1.4658787099397333e-12
185,11160.0,11160,10.765908928091102,10.76590892809257,56.16427705840654,0.0,10.765908992985418,6.489285110940383e-08,0.0,5.196231992201953e-09,1.4658883164995745e-12
186,11220.0,11220,10.763850614668604,10.76385061467007,56.316794101392055,0.0,10.76385067956292,6.489285134738873e-08,0.0,5.19623199067839e-09,1.4658971842879345e-12
187,11280.0,11280,10.76185901052564,10.761859010527106,56.469281984937425,0.0,10.761859075419958,6.489285158077378e-08,0.0,5.1962319891591746e-09,1.4659052892787411e-12
188,11340.0,11340,10.759933921158796,10.759933921160261,56.62174165409076,0.0,10.759933986053113,6.489285180956417e-08,0.0,5.196231987644135e-09,1.4659126571666988e-12
189,11400.0,11400,10.758075157011525,10.75807515701299,56.77417405114474,0.0,10.758075221905845,6.489285203377952e-08,0.0,5.1962319861334e-09,1.4659192849460298e-12
190,11460.0,11460,10.756282533428568,10.756282533430033,56.92658011570664,0.0,10.756282598322885,6.489285225342947e-08,0.0,5.196231984626798e-09,1.4659251481549345e-12
191,11520.0,11520,10.754555870618141,10.754555870619606,57.07896078476779,0.0,10.754555935512458,6.489285246853126e-08,0.0,5.196231983124156e-09,1.4659302787387608e-12
192,11580.0,11580,10.752894993603519,10.752894993604986,57.231316992772435,0.0,10.752895058497838,6.489285267909692e-08,0.0,5.196231981625646e-09,1.4659346607256651e-12
193,11640.0,11640,10.751299732191551,10.751299732193019,57.383649671686044,0.0,10.75129979708587,6.489285288513955e-08,0.0,5.196231980131226e-09,1.4659382992577917e-12
194,11700.0,11700,10.74976992093306,10.749769920934526,57.53595975106299,0.0,10.74976998582738,6.489285308667015e-08,0.0,5.1962319786406805e-09,1.4659411898698032e-12
195,11760.0,11760,10.74830539908092,10.748305399082387,57.688248158113765,0.0,10.748305463975239,6.489285328370631e-08,0.0,5.196231977154009e-09,1.4659433399512211e-12
196,11820.0,11820,10.746906010558217,10.746906010559684,57.84051581777165,0.0,10.746906075452538,6.489285347625663e-08,0.0,5.196231975671211e-09,1.465944750755223e-12
197,11880.0,11880,10.745571603921135,10.7455716039226,57.992763652758796,0.0,10.745571668815456,6.489285366433453e-08,0.0,5.1962319741921595e-09,1.4659454196207066e-12
198,11940.0,11940,10.744302032325338,10.744302032326804,58.144992583651906,0.0,10.744302097219657,6.489285384795655e-08,0.0,5.196231972716852e-09,1.4659453462294157e-12
199,12000.0,12000,10.743097153494912,10.743097153496377,58.29720352894741,0.0,10.74309721838923,6.489285402712992e-08,0.0,5.1962319712453765e-09,1.465944533201916e-12
200,12060.0,12060,10.741956829683245,10.741956829684709,58.44939740512616,0.0,10.741956894577564,6.489285420187118e-08,0.0,5.196231969777516e-09,1.4659429692273791e-12
201,12120.0,12120,10.740880927652173,10.740880927653638,58.60157512671758,0.0,10.740880992546492,6.489285437218891e-08,0.0,5.196231968313229e-09,1.4659406769281222e-12
202,12180.0,12180,10.739869318630614,10.73986931863208,58.75373760636353,0.0,10.739869383524933,6.489285453809656e-08,0.0,5.196231966852386e-09,1.4659376544750301e-12
203,12240.0,12240,10.738921878294866,10.738921878296333,58.905885754881695,0.0,10.738921943189187,6.489285469960861e-08,0.0,5.196231965395244e-09,1.4659338734461735e-12
204,12300.0,12300,10.738038486731948,10.738038486733414,59.05802048132844,0.0,10.73803855162627,6.489285485673364e-08,0.0,5.196231963941547e-09,1.4659293610313726e-12
205,12360.0,12360,10.73721902841834,10.737219028419805,59.210142693061385,0.0,10.737219093312659,6.48928550094851e-08,0.0,5.196231962491121e-09,1.4659241149281697e-12
206,12420.0,12420,10.736463392189407,10.736463392190872,59.36225329580153,0.0,10.736463457083728,6.489285515787229e-08,0.0,5.1962319610442245e-09,1.465918130795936e-12
207,12480.0,12480,10.73577147121732,10.735771471218785,59.51435319369512,0.0,10.73577153611164,6.489285530190999e-08,0.0,5.196231959600643e-09,1.4659113986653505e-12
208,12540.0,12540,10.735143162980206,10.735143162981672,59.66644328937494,0.0,10.735143227874527,6.48928554416065e-08,0.0,5.196231958160376e-09,1.4659039509113366e-12
209,12600.0,12600,10.73457836924819,10.734578369249656,59.81852448402139,0.0,10.73457843414251,6.489285557697764e-08,0.0,5.1962319567233804e-09,1.4658957428607128e-12
210,12660.0,12660,10.734076996047364,10.73407699604883,59.97059767742329,0.0,10.734077060941685,6.489285570802652e-08,0.0,5.196231955289571e-09,1.46588680949949e-12
211,12720.0,12720,10.733638953648232,10.733638953649697,60.1226637680382,0.0,10.733639018542554,6.489285583477346e-08,0.0,5.196231953858904e-09,1.4658771341364188e-12
212,12780.0,12780,10.733264156540304,10.733264156541772,60.27472365305245,0.0,10.733264221434627,6.489285595722361e-08,0.0,5.1962319524313354e-09,1.4658667288913846e-12
213,12840.0,12840,10.732952523410718,10.732952523412184,60.426778228441,0.0,10.732952588305041,6.489285607538869e-08,0.0,5.196231951006867e-09,1.465855583083451e-12
214,12900.0,12900,10.732703977124226,10.732703977125691,60.578828389026874,0.0,10.732704042018549,6.489285618927902e-08,0.0,5.1962319495853684e-09,1.4658437090324404e-12
215,12960.0,12960,10.732518444708143,10.73251844470961,60.730875028540375,0.0,10.732518509602468,6.489285629890839e-08,0.0,5.196231948167056e-09,1.4658310838599037e-12
216,13020.0,13020,10.732395857334916,10.732395857336382,60.882919039677965,0.0,10.732395922229239,6.489285640428301e-08,0.0,5.19623194675154e-09,1.465817741051749e-12
217,13080.0,13080,10.732336150291967,10.732336150293433,61.03496131416112,0.0,10.73233621518629,6.489285650541594e-08,0.0,5.196231945339125e-09,1.4658036505711256e-12
218,13140.0,13140,10.732339262983777,10.732339262985242,61.18700274279448,0.0,10.732339327878098,6.489285660231648e-08,0.0,5.196231943929379e-09,1.4657888285268567e-12
219,13200.0,13200,10.732405138904923,10.73240513890639,61.339044215524325,0.0,10.732405203799246,6.48928566949936e-08,0.0,5.1962319425225596e-09,1.4657732675125634e-12
220,13260.0,13260,10.732533725625396,10.732533725626862,61.49108662149638,0.0,10.73253379051972,6.489285678346036e-08,0.0,5.196231941118581e-09,1.4657569726045097e-12
221,13320.0,13320,10.732724974783293,10.732724974784757,61.64313084911363,0.0,10.732725039677614,6.489285686772541e-08,0.0,5.196231939717315e-09,1.4657399398382032e-12
222,13380.0,13380,10.732978842065128,10.732978842066592,61.795177786093966,0.0,10.73297890695945,6.489285694779733e-08,0.0,5.196231938318803e-09,1.4657221695216523e-12
223,13440.0,13440,10.73329528719559,10.733295287197054,61.947228319527454,0.0,10.733295352089913,6.489285702368714e-08,0.0,5.196231936922918e-09,1.4657036644380103e-12
224,13500.0,13500,10.73367427392469,10.733674273926155,62.09928333593362,0.0,10.733674338819014,6.489285709540208e-08,0.0,5.196231935529701e-09,1.4656844247794505e-12
225,13560.0,13560,10.734115770022346,10.734115770023811,62.25134372131845,0.0,10.734115834916668,6.489285716295455e-08,0.0,5.1962319341391535e-09,1.4656644414461533e-12
226,13620.0,13620,10.734619747254719,10.734619747256184,62.40341036123134,0.0,10.734619812149042,6.489285722635487e-08,0.0,5.196231932751103e-09,1.465643740702747e-12
227,13680.0,13680,10.735186181396568,10.735186181398031,62.55548414082167,0.0,10.735186246290889,6.489285728560754e-08,0.0,5.196231931365721e-09,1.4656222775226301e-12
228,13740.0,13740,10.735815052199069,10.735815052200534,62.70756594489569,0.0,10.735815117093392,6.489285734072769e-08,0.0,5.196231929982664e-09,1.465600096367994e-12
229,13800.0,13800,10.736506343395591,10.736506343397059,62.859656657972735,0.0,10.736506408289914,6.489285739172049e-08,0.0,5.1962319286021025e-09,1.465577158441776e-12
230,13860.0,13860,10.737260042696146,10.737260042697613,63.01175716434173,0.0,10.73726010759047,6.48928574385949e-08,0.0,5.1962319272239096e-09,1.465553506817276e-12
231,13920.0,13920,10.738076141770692,10.738076141772158,63.163868348117504,0.0,10.738076206665015,6.489285748136331e-08,0.0,5.19623192584817e-09,1.4655290906503133e-12
232,13980.0,13980,10.738954636253089,10.738954636254554,63.315991093296816,0.0,10.73895470114741,6.489285752003088e-08,0.0,5.196231924474798e-09,1.4655039589213009e-12
233,14040.0,14040,10.739895525728848,10.739895525730313,63.46812628381464,0.0,10.73989559062317,6.489285755461038e-08,0.0,5.196231923103837e-09,1.46547807010446e-12
234,14100.0,14100,10.740898813740918,10.740898813742383,63.620274803600026,0.0,10.74089887863524,6.489285758510488e-08,0.0,5.1962319217349425e-09,1.465451450121797e-12
235,14160.0,14160,10.741964507770161,10.741964507771629,63.77243753663225,0.0,10.741964572664484,6.489285761152886e-08,0.0,5.1962319203683715e-09,1.4654240942066202e-12
236,14220.0,14220,10.743092619251687,10.743092619253153,63.92461536699657,0.0,10.74309268414601,6.48928576338861e-08,0.0,5.196231919004083e-09,1.465395991019533e-12
237,14280.0,14280,10.74428316355805,10.744283163559514,64.0768091789402,0.0,10.744283228452373,6.489285765218762e-08,0.0,5.196231917641903e-09,1.4653671431870307e-12
238,14340.0,14340,10.745536160005512,10.745536160006976,64.22901985692818,0.0,10.745536224899833,6.489285766644307e-08,0.0,5.196231916281833e-09,1.46533757270893e-12
239,14400.0,14400,10.746851631850015,10.74685163185148,64.38124828569914,0.0,10.746851696744338,6.489285767665589e-08,0.0,5.196231914924001e-09,1.4653072354135534e-12
240,14460.0,14460,10.748229606290126,10.748229606291591,64.53349535032126,0.0,10.748229671184449,6.48928576828402e-08,0.0,5.196231913568063e-09,1.4652761670703134e-12
241,14520.0,14520,10.749670114466694,10.74967011446816,64.68576193624793,0.0,10.749670179361017,6.489285768499874e-08,0.0,5.196231912214191e-09,1.4652443597698169e-12
242,14580.0,14580,10.751173191465556,10.751173191467023,64.83804892937377,0.0,10.75117325635988,6.48928576831429e-08,0.0,5.196231910862343e-09,1.4652118089708303e-12
243,14640.0,14640,10.752738876312938,10.752738876314401,64.99035721609043,0.0,10.75273894120726,6.489285767727921e-08,0.0,5.1962319095125615e-09,1.4651785037803024e-12
244,14700.0,14700,10.754367211994454,10.75436721199592,65.14268768334243,0.0,10.754367276888777,6.48928576674156e-08,0.0,5.19623190816463e-09,1.465144466188357e-12
245,14760.0,14760,10.75605824544135,10.756058245442818,65.29504121868325,0.0,10.756058310335675,6.489285765356134e-08,0.0,5.196231906818593e-09,1.4651096705832063e-12
246,14820.0,14820,10.757812027547297,10.757812027548761,65.44741871033123,0.0,10.75781209244162,6.489285763572128e-08,0.0,5.196231905474536e-09,1.4650741225484324e-12
247,14880.0,14880,10.759628613166209,10.759628613167674,65.59982104722572,0.0,10.759628678060531,6.489285761390643e-08,0.0,5.196231904132029e-09,1.4650378463760884e-12
248,14940.0,14940,10.76150806112488,10.761508061126346,65.75224911908313,0.0,10.761508126019203,6.489285758811955e-08,0.0,5.196231902791502e-09,1.4650008113438592e-12
249,15000.0,15000,10.763450434224398,10.763450434225863,65.9047038164533,0.0,10.76345049911872,6.489285755837475e-08,0.0,5.196231901452697e-09,1.4649630361361282e-12
250,15060.0,15060,10.76545579924952,10.765455799250985,66.05718603077572,0.0,10.765455864143842,6.489285752467376e-08,0.0,5.1962319001157426e-09,1.4649244979762333e-12
251,15120.0,15120,10.767524226978853,10.767524226980317,66.20969665443597,0.0,10.767524291873174,6.489285748702348e-08,0.0,5.196231898780425e-09,1.4648852088947162e-12
252,15180.0,15180,10.76965579219166,10.769655792193124,66.36223658082241,0.0,10.769655857085981,6.489285744543662e-08,0.0,5.196231897446613e-09,1.4648451912718388e-12
253,15240.0,15240,10.771850573679192,10.77185057368066,66.51480670438269,0.0,10.771850638573515,6.489285739991526e-08,0.0,5.1962318961146956e-09,1.4648043895740289e-12
254,15300.0,15300,10.774108654250433,10.774108654251899,66.66740792068072,0.0,10.774108719144754,6.489285735046939e-08,0.0,5.196231894784156e-09,1.4647628531607045e-12
255,15360.0,15360,10.776430120757045,10.776430120758508,66.8200411264535,0.0,10.776430185651368,6.489285729710384e-08,0.0,5.196231893455208e-09,1.46472056325978e-12
256,15420.0,15420,10.778815064081877,10.778815064083343,66.97270721966846,0.0,10.7788151289762,6.489285723982583e-08,0.0,5.196231892127897e-09,1.4646775141478802e-12
257,15480.0,15480,10.781263579180786,10.78126357918225,67.12540709958051,0.0,10.781263644075107,6.489285717864398e-08,0.0,5.196231890802178e-09,1.4646337040985148e-12
258,15540.0,15540,10.783775765068784,10.783775765070247,67.27814166678981,0.0,10.783775829963105,6.489285711356414e-08,0.0,5.19623188947775e-09,1.4645891453460563e-12
259,15600.0,15600,10.786351724855713,10.786351724857179,67.43091182329918,0.0,10.786351789750034,6.489285704459076e-08,0.0,5.196231888154786e-09,1.4645438218070216e-12
260,15660.0,15660,10.788991565748786,10.78899156575025,67.5837184725722,0.0,10.788991630643105,6.489285697173284e-08,0.0,5.1962318868333296e-09,1.4644977460756966e-12
261,15720.0,15720,10.791695399071351,10.791695399072816,67.7365625195912,0.0,10.791695463965674,6.489285689499724e-08,0.0,5.1962318855132494e-09,1.464450901820404e-12
262,15780.0,15780,10.794463340284608,10.794463340286072,67.88944487091561,0.0,10.794463405178929,6.489285681439015e-08,0.0,5.196231884194504e-09,1.4644032968048147e-12
263,15840.0,15840,10.797295508996704,10.79729550899817,68.04236643474056,0.0,10.797295573891025,6.489285672991676e-08,0.0,5.1962318828770074e-09,1.4643549307937755e-12
264,15900.0,15900,10.800192028991505,10.800192028992969,68.19532812095557,0.0,10.800192093885824,6.489285664158155e-08,0.0,5.196231881560716e-09,1.4643058090899308e-12
265,15960.0,15960,10.80315302823713,10.803153028238594,68.34833084120385,0.0,10.803153093131451,6.489285654939689e-08,0.0,5.196231880245931e-09,1.4642559023465887e-12
266,16020.0,16020,10.806178638912435,10.806178638913899,68.50137550894144,0.0,10.806178703806756,6.48928564533628e-08,0.0,5.196231878932137e-09,1.464205245741078e-12
267,16080.0,16080,10.80926899742456,10.809268997426024,68.65446303949693,0.0,10.80926906231888,6.489285635348821e-08,0.0,5.19623187761959e-09,1.4641538135919965e-12
268,16140.0,16140,10.812424244437574,10.81242424443904,68.80759435013134,0.0,10.812424309331893,6.489285624977729e-08,0.0,5.196231876308163e-09,1.4641016210457985e-12
269,16200.0,16200,10.81564452488278,10.815644524884242,68.96077036009845,0.0,10.815644589777097,6.489285614224139e-08,0.0,5.196231874997984e-09,1.4640486489516221e-12
270,16260.0,16260,10.818929987992,10.818929987993466,69.11399199070517,0.0,10.818930052886321,6.489285603087945e-08,0.0,5.196231873688838e-09,1.4639949003507782e-12
271,16320.0,16320,10.822280787319611,10.822280787321075,69.26726016537263,0.0,10.822280852213932,6.489285591570011e-08,0.0,5.196231872380726e-09,1.4639403924325183e-12
272,16380.0,16380,10.825697080765611,10.825697080767076,69.42057580969724,0.0,10.825697145659932,6.48928557967106e-08,0.0,5.196231871073689e-09,1.4638851085589446e-12
273,16440.0,16440,10.829179030602768,10.829179030604232,69.5739398515123,0.0,10.82917909549709,6.489285567391228e-08,0.0,5.196231869767643e-09,1.4638290500556106e-12
274,16500.0,16500,10.832726803499211,10.832726803500675,69.72735322095008,0.0,10.832726868393532,6.489285554731585e-08,0.0,5.196231868462716e-09,1.4637721882824852e-12
275,16560.0,16560,10.8363405705587,10.836340570560166,69.88081685050389,0.0,10.836340635453022,6.489285541692472e-08,0.0,5.196231867158477e-09,1.4637145815139793e-12
276,16620.0,16620,10.840020507332255,10.840020507333719,70.03433167509102,0.0,10.840020572226575,6.489285528274409e-08,0.0,5.196231865855229e-09,1.4636561730778494e-12
277,16680.0,16680,10.843766793859723,10.843766793861187,70.1878986321158,0.0,10.843766858754043,6.489285514478083e-08,0.0,5.196231864552885e-09,1.4635969927561407e-12
278,16740.0,16740,10.847579614697713,10.847579614699177,70.34151866153304,0.0,10.847579679592032,6.489285500303839e-08,0.0,5.196231863251315e-09,1.4635370323751451e-12
279,16800.0,16800,10.851459158948366,10.851459158949828,70.49519270591216,0.0,10.851459223842683,6.489285485752227e-08,0.0,5.196231861950693e-09,1.463476269128807e-12
280,16860.0,16860,10.855405620291357,10.85540562029282,70.64892171050148,0.0,10.855405685185675,6.489285470823798e-08,0.0,5.1962318606506735e-09,1.4634147400903844e-12
281,16920.0,16920,10.859419197024465,10.859419197025929,70.80270662329318,0.0,10.859419261918783,6.489285455519277e-08,0.0,5.196231859351514e-09,1.4633524148487587e-12
282,16980.0,16980,10.86350009208435,10.863500092085813,70.95654839508859,0.0,10.863500156978667,6.48928543983856e-08,0.0,5.196231858053087e-09,1.4632893005734203e-12
283,17040.0,17040,10.867648513098555,10.867648513100018,71.11044797956401,0.0,10.867648577992872,6.48928542378285e-08,0.0,5.196231856755349e-09,1.4632253861818047e-12
284,17100.0,17100,10.87186467240763,10.871864672409092,71.26440633333715,0.0,10.871864737301946,6.489285407352461e-08,0.0,5.1962318554582565e-09,1.4631606865078657e-12
285,17160.0,17160,10.876148787108791,10.876148787110255,71.41842441603382,0.0,10.876148852003109,6.489285390547665e-08,0.0,5.196231854161724e-09,1.4630951890119346e-12
286,17220.0,17220,10.88050107909508,10.880501079096543,71.57250319035542,0.0,10.880501143989397,6.489285373368981e-08,0.0,5.196231852865751e-09,1.4630289037015925e-12
287,17280.0,17280,10.884921775092526,10.88492177509399,71.72664362214684,0.0,10.884921839986843,6.489285355816959e-08,0.0,5.196231851570466e-09,1.4629618032820215e-12
288,17340.0,17340,10.889411106699173,10.889411106700633,71.88084668046488,0.0,10.889411171593489,6.489285337892217e-08,0.0,5.196231850275655e-09,1.4628939155620557e-12
289,17400.0,17400,10.893969310431157,10.893969310432619,72.03511333764735,0.0,10.893969375325472,6.489285319595102e-08,0.0,5.196231848981317e-09,1.4628252205976208e-12
290,17460.0,17460,10.89859662776308,10.898596627764542,72.18944456938269,0.0,10.898596692657396,6.48928530092582e-08,0.0,5.196231847687497e-09,1.4627557139795071e-12
291,17520.0,17520,10.903293305168114,10.903293305169576,72.34384135478022,0.0,10.903293370062428,6.489285281885025e-08,0.0,5.1962318463939766e-09,1.4626854224701368e-12
292,17580.0,17580,10.908059594167092,10.908059594168554,72.49830467644101,0.0,10.908059659061406,6.489285262473267e-08,0.0,5.196231845101059e-09,1.462614305641705e-12
293,17640.0,17640,10.912895751379033,10.912895751380495,72.65283552052927,0.0,10.912895816273348,6.489285242690789e-08,0.0,5.196231843808358e-09,1.4625423855663659e-12
294,17700.0,17700,10.917802038554512,10.917802038555976,72.80743487684471,0.0,10.917802103448826,6.489285222538279e-08,0.0,5.196231842516044e-09,1.4624696456271918e-12
295,17760.0,17760,10.922778722637764,10.922778722639228,72.96210373889514,0.0,10.922778787532078,6.489285202016013e-08,0.0,5.196231841223988e-09,1.46239609885539e-12
296,17820.0,17820,10.927826075810776,10.92782607581224,73.11684310397007,0.0,10.927826140705092,6.4892851811243e-08,0.0,5.196231839932233e-09,1.4623217368995323e-12
297,17880.0,17880,10.93294437554291,10.93294437554437,73.27165397321495,0.0,10.932944440437224,6.489285159863656e-08,0.0,5.1962318386406936e-09,1.462246553424332e-12
298,17940.0,17940,10.938133904643152,10.938133904644614,73.42653735170605,0.0,10.938133969537466,6.48928513823453e-08,0.0,5.1962318373494555e-09,1.4621705415698608e-12
299,18000.0,18000,10.943394951318904,10.943394951320366,73.58149424852606,0.0,10.943395016213216,6.489285116237267e-08,0.0,5.1962318360582605e-09,1.4620937268981075e-12
300,18060.0,18060,10.948727809221218,10.94872780922268,73.73652567684063,0.0,10.94872787411553,6.48928509387214e-08,0.0,5.1962318347672806e-09,1.4620160760843013e-12
301,18120.0,18120,10.954132777509406,10.954132777510868,73.8916326539755,0.0,10.95413284240372,6.489285071139772e-08,0.0,5.196231833476387e-09,1.4619375939313557e-12
302,18180.0,18180,10.959610160904003,10.959610160905465,74.04681620149445,0.0,10.959610225798317,6.489285048040332e-08,0.0,5.196231832185493e-09,1.4618582865712634e-12
303,18240.0,18240,10.965160269745557,10.96516026974702,74.20207734527814,0.0,10.96516033463987,6.489285024574235e-08,0.0,5.196231830894599e-09,1.461778146435807e-12
304,18300.0,18300,10.970783420057312,10.970783420058774,74.35741711560378,0.0,10.970783484951623,6.489285000741998e-08,0.0,5.196231829603705e-09,1.4616971861502047e-12
305,18360.0,18360,10.976479933603688,10.97647993360515,74.51283654722548,0.0,10.976479998498,6.489284976543929e-08,0.0,5.196231828312855e-09,1.4616153795383217e-12
306,18420.0,18420,10.982250137952228,10.982250137953688,74.66833667945576,0.0,10.982250202846538,6.489284951980168e-08,0.0,5.196231827022004e-09,1.461532730597202e-12
307,18480.0,18480,10.988094366542978,10.98809436654444,74.82391855624765,0.0,10.98809443143729,6.489284927051403e-08,0.0,5.196231825730938e-09,1.4614492408573086e-12
308,18540.0,18540,10.994012958752457,10.994012958753917,74.97958322627791,0.0,10.994013023646767,6.489284901757668e-08,0.0,5.1962318244397e-09,1.461364917553163e-12
309,18600.0,18600,11.000006259955285,11.000006259956747,75.13533174303113,0.0,11.000006324849597,6.489284876099445e-08,0.0,5.196231823148376e-09,1.461279742890591e-12
310,18660.0,18660,11.006074621604972,11.006074621606432,75.29116516488473,0.0,11.006074686499282,6.48928485007701e-08,0.0,5.196231821856793e-09,1.4611937190469161e-12
311,18720.0,18720,11.01221840129027,11.01221840129173,75.44708455519503,0.0,11.012218466184578,6.489284823690741e-08,0.0,5.196231820564823e-09,1.4611068434218654e-12
312,18780.0,18780,11.018437962820338,11.018437962821798,75.60309098238422,0.0,11.018438027714646,6.489284796940744e-08,0.0,5.1962318192726806e-09,1.4610191212237364e-12
313,18840.0,18840,11.02473367628945,11.024733676290912,75.75918552002841,0.0,11.024733741183761,6.489284769827841e-08,0.0,5.196231817980237e-09,1.4609305419160746e-12
314,18900.0,18900,11.03110591816004,11.031105918161503,75.91536924694674,0.0,11.03110598305435,6.489284742351727e-08,0.0,5.196231816687406e-09,1.4608411046893258e-12
315,18960.0,18960,11.037555071331804,11.037555071333264,76.07164324729158,0.0,11.03755513622611,6.489284714513017e-08,0.0,5.196231815394231e-09,1.4607508035457863e-12
316,19020.0,19020,11.044081525227908,11.04408152522937,76.22800861063969,0.0,11.044081590122216,6.48928468631199e-08,0.0,5.196231814100582e-09,1.460659634020412e-12
317,19080.0,19080,11.050685675872426,11.050685675873888,76.38446643208465,0.0,11.050685740766735,6.489284657748645e-08,0.0,5.196231812806374e-09,1.4605676133390345e-12
318,19140.0,19140,11.057367925973583,11.057367925975043,76.5410178123304,0.0,11.057367990867888,6.489284628823705e-08,0.0,5.1962318115118644e-09,1.4604747098854726e-12
319,19200.0,19200,11.064128685007256,11.064128685008717,76.69766385778593,0.0,11.064128749901565,6.489284599536998e-08,0.0,5.19623181021658e-09,1.460380931773761e-12
320,19260.0,19260,11.070968369308014,11.070968369309474,76.8544056806611,0.0,11.070968434202321,6.489284569889213e-08,0.0,5.196231808920692e-09,1.4602863009309521e-12
321,19320.0,19320,11.077887402148807,11.077887402150267,77.01124439906386,0.0,11.077887467043112,6.489284539880212e-08,0.0,5.1962318076244175e-09,1.4601907669604397e-12
322,19380.0,19380,11.084886213840047,11.084886213841509,77.16818113709854,0.0,11.084886278734354,6.489284509510441e-08,0.0,5.1962318063272825e-09,1.460094368069897e-12
323,19440.0,19440,11.091965241820834,11.091965241822294,77.3252170249655,0.0,11.091965306715139,6.489284478780179e-08,0.0,5.1962318050294146e-09,1.4599970791879782e-12
324,19500.0,19500,11.099124930747806,11.099124930749266,77.4823531990622,0.0,11.099124995642109,6.48928444768963e-08,0.0,5.1962318037308155e-09,1.459898913855313e-12
325,19560.0,19560,11.106365732596595,11.106365732598054,77.63959080208535,0.0,11.1063657974909,6.489284416238863e-08,0.0,5.196231802431441e-09,1.4597998449716398e-12
326,19620.0,19620,11.113688106761742,11.113688106763204,77.7969309831347,0.0,11.113688171656047,6.48928438442819e-08,0.0,5.196231801131164e-09,1.459699895409279e-12
327,19680.0,19680,11.121092520152477,11.121092520153935,77.95437489781806,0.0,11.121092585046778,6.48928435225785e-08,0.0,5.1962317998301105e-09,1.4595990478604786e-12
328,19740.0,19740,11.128579447304475,11.128579447305935,78.11192370835776,0.0,11.12857951219878,6.489284319728118e-08,0.0,5.196231798528025e-09,1.4594973049511609e-12
329,19800.0,19800,11.13614937047468,11.13614937047614,78.26957858369882,0.0,11.136149435368983,6.489284286839134e-08,0.0,5.196231797225121e-09,1.4593946574589994e-12
330,19860.0,19860,11.143802779760867,11.143802779762325,78.42734069961811,0.0,11.143802844655168,6.489284253590828e-08,0.0,5.196231795921097e-09,1.4592911061019974e-12
331,19920.0,19920,11.151540173204967,11.151540173206426,78.58521123883561,0.0,11.151540238099267,6.489284219983786e-08,0.0,5.196231794616041e-09,1.4591866413273706e-12
332,19980.0,19980,11.15936205690716,11.159362056908618,78.74319139112691,0.0,11.159362121801461,6.489284186017696e-08,0.0,5.196231793309866e-09,1.4590812737697613e-12
333,20040.0,20040,11.167268945143011,11.16726894514447,78.90128235343734,0.0,11.167269010037312,6.489284151693076e-08,0.0,5.1962317920025284e-09,1.4589749919757843e-12
334,20100.0,20100,11.175261360482239,11.175261360483699,79.05948532999777,0.0,11.17526142537654,6.489284117010272e-08,0.0,5.196231790694114e-09,1.4588677846728909e-12
335,20160.0,20160,11.183339833908649,11.183339833910107,79.21780153244215,0.0,11.183339898802949,6.489284081969006e-08,0.0,5.19623178938428e-09,1.4587596631695932e-12
336,20220.0,20220,11.191504904942825,11.191504904944283,79.37623217992676,0.0,11.191504969837125,6.489284046569691e-08,0.0,5.196231788073154e-09,1.4586506130578097e-12
337,20280.0,20280,11.199757121770707,11.199757121772166,79.53477849925102,0.0,11.199757186665005,6.489284010812158e-08,0.0,5.19623178676078e-09,1.4585406415631874e-12
338,20340.0,20340,11.208097041373017,11.208097041374478,79.69344172498033,0.0,11.208097106267317,6.489283974696852e-08,0.0,5.196231785446985e-09,1.4584297411575377e-12
339,20400.0,20400,11.216525229655142,11.216525229656598,79.85222309957068,0.0,11.216525294549438,6.489283938223739e-08,0.0,5.196231784131812e-09,1.4583178924221275e-12
340,20460.0,20460,11.225042261585479,11.225042261586937,80.01112387349502,0.0,11.225042326479777,6.48928390139282e-08,0.0,5.1962317828151335e-09,1.4582051164412481e-12
341,20520.0,20520,11.233648721331438,11.233648721332896,80.1701453053717,0.0,11.233648786225736,6.489283864204541e-08,0.0,5.196231781496905e-09,1.458091397313605e-12
342,20580.0,20580,11.242345202403834,11.242345202405293,80.32928866209481,0.0,11.242345267298129,6.489283826658593e-08,0.0,5.196231780177084e-09,1.4579767347775288e-12
343,20640.0,20640,11.25113230780233,11.251132307803788,80.48855521896643,0.0,11.251132372696627,6.489283788755252e-08,0.0,5.196231778855584e-09,1.4578611142269516e-12
344,20700.0,20700,11.260010650156785,11.260010650158245,80.6479462598312,0.0,11.260010715051083,6.489283750494654e-08,0.0,5.196231777532491e-09,1.4577445467215912e-12
345,20760.0,20760,11.268980851887447,11.268980851888903,80.80746307721265,0.0,11.268980916781741,6.489283711876734e-08,0.0,5.196231776207504e-09,1.4576270260657146e-12
346,20820.0,20820,11.27804354535723,11.278043545358686,80.96710697245196,0.0,11.278043610251524,6.489283672901487e-08,0.0,5.196231774880838e-09,1.4575085415111233e-12
347,20880.0,20880,11.28719937302837,11.287199373029829,81.12687925584875,0.0,11.287199437922665,6.489283633569088e-08,0.0,5.196231773552321e-09,1.4573890897833135e-12
348,20940.0,20940,11.296448987628722,11.29644898763018,81.28678124680421,0.0,11.296449052523016,6.489283593879468e-08,0.0,5.1962317722218234e-09,1.4572686748927468e-12
349,21000.0,21000,11.305793052315993,11.305793052317448,81.44681427396652,0.0,11.305793117210284,6.489283553832903e-08,0.0,5.196231770889303e-09,1.457147291416133e-12
350,21060.0,21060,11.315232240842628,11.315232240844084,81.60697967537857,0.0,11.31523230573692,6.489283513429012e-08,0.0,5.196231769554889e-09,1.457024915497441e-12
351,21120.0,21120,11.324767237746142,11.324767237747597,81.76727879862807,0.0,11.324767302640433,6.48928347266821e-08,0.0,5.196231768218322e-09,1.45690156890511e-12
352,21180.0,21180,11.334398738506755,11.334398738508211,81.92771300100037,0.0,11.334398803401045,6.489283431550187e-08,0.0,5.196231766879603e-09,1.4567772463138829e-12
353,21240.0,21240,11.344127449744798,11.344127449746255,82.08828364963344,0.0,11.344127514639089,6.489283390075116e-08,0.0,5.196231765538603e-09,1.4566519325190994e-12
354,21300.0,21300,11.353954089403276,11.35395408940473,82.24899212167573,0.0,11.353954154297565,6.489283348242683e-08,0.0,5.196231764195493e-09,1.4565256219146552e-12
355,21360.0,21360,11.363879386933528,11.363879386934986,82.4098398044465,0.0,11.363879451827817,6.489283306053238e-08,0.0,5.19623176284993e-09,1.4563983137950926e-12
356,21420.0,21420,11.373904083502225,11.37390408350368,82.57082809559896,0.0,11.373904148396514,6.48928326350657e-08,0.0,5.196231761501999e-09,1.4562700032712503e-12
357,21480.0,21480,11.38402893218053,11.384028932181987,82.73195840328613,0.0,11.38402899707482,6.489283220602337e-08,0.0,5.196231760151571e-09,1.45614068550338e-12
358,21540.0,21540,11.394254698157818,11.394254698159274,82.89323214632958,0.0,11.394254763052107,6.48928317734102e-08,0.0,5.196231758798561e-09,1.4560103653070338e-12
359,21600.0,21600,11.404582158943743,11.4045821589452,83.05465075439105,0.0,11.40458222383803,6.489283133722139e-08,0.0,5.196231757442924e-09,1.455879041732716e-12
360,21660.0,21660,11.415012104595457,11.415012104596913,83.216215668147,0.0,11.415012169489742,6.489283089745759e-08,0.0,5.19623175608479e-09,1.4557466761805635e-12
361,21720.0,21720,11.425545337923063,11.425545337924516,83.37792833946632,0.0,11.425545402817349,6.489283045411884e-08,0.0,5.19623175472373e-09,1.455613304539888e-12
362,21780.0,21780,11.436182674729098,11.436182674730555,83.53979023159114,0.0,11.436182739623385,6.489283000720097e-08,0.0,5.196231753360001e-09,1.4554789055461965e-12
363,21840.0,21840,11.446924944027616,11.446924944029071,83.7018028193207,0.0,11.446925008921902,6.489282955670264e-08,0.0,5.196231751993387e-09,1.4553434600142372e-12
364,21900.0,21900,11.457772988293037,11.457772988294492,83.86396758919867,0.0,11.45777305318732,6.489282910262692e-08,0.0,5.1962317506237605e-09,1.455206993435735e-12
365,21960.0,21960,11.4687276636938,11.468727663695255,84.0262860397037,0.0,11.468727728588084,6.489282864497003e-08,0.0,5.19623174925112e-09,1.4550694683950711e-12
366,22020.0,22020,11.479789840344635,11.47978984034609,84.1887596814436,0.0,11.479789905238917,6.489282818372854e-08,0.0,5.196231747875252e-09,1.4549309110784155e-12
367,22080.0,22080,11.490960402561239,11.490960402562694,84.35139003735272,0.0,11.490960467455523,6.489282771890106e-08,0.0,5.19623174649637e-09,1.4547913000533895e-12
368,22140.0,22140,11.502240249123352,11.502240249124805,84.51417864289324,0.0,11.502240314017634,6.489282725048896e-08,0.0,5.1962317451141304e-09,1.454650629878796e-12
369,22200.0,22200,11.513630293535073,11.51363029353653,84.67712704626005,0.0,11.513630358429355,6.48928267784864e-08,0.0,5.19623174372849e-09,1.4545089045990598e-12
370,22260.0,22260,11.525131464311537,11.52513146431299,84.84023680858937,0.0,11.525131529205817,6.489282630289234e-08,0.0,5.196231742339665e-09,1.4543661072277083e-12
371,22320.0,22320,11.53674470524689,11.536744705248344,85.00350950417135,0.0,11.536744770141171,6.489282582370644e-08,0.0,5.196231740947094e-09,1.4542222376314645e-12
372,22380.0,22380,11.548470975712354,11.548470975713807,85.16694672066657,0.0,11.548471040606632,6.489282534092147e-08,0.0,5.19623173955095e-09,1.4540772984188978e-12
373,22440.0,22440,11.560311250946643,11.560311250948098,85.33055005932674,0.0,11.560311315840922,6.489282485454121e-08,0.0,5.19623173815119e-09,1.4539312662949594e-12
374,22500.0,22500,11.572266522360955,11.57226652236241,85.49432113521937,0.0,11.572266587255234,6.489282436455912e-08,0.0,5.196231736747428e-09,1.4537841649696379e-12
375,22560.0,22560,11.584337797848537,11.584337797849992,85.65826157745704,0.0,11.584337862742816,6.48928238709721e-08,0.0,5.1962317353399195e-09,1.4536359613002989e-12
376,22620.0,22620,11.596526102107047,11.5965261021085,85.8223730294308,0.0,11.596526167001324,6.489282337377808e-08,0.0,5.196231733928537e-09,1.4534866582923483e-12
377,22680.0,22680,11.608832476960975,11.608832476962428,85.98665714904821,0.0,11.608832541855252,6.489282287297536e-08,0.0,5.196231732513022e-09,1.4533362599377247e-12
378,22740.0,22740,11.621257981698236,11.62125798169969,86.15111560897607,0.0,11.621258046592512,6.489282236855667e-08,0.0,5.196231731093374e-09,1.4531847435911375e-12
379,22800.0,22800,11.633803693416775,11.633803693418228,86.31575009688768,0.0,11.633803758311052,6.48928218605224e-08,0.0,5.19623172966938e-09,1.4530321195432308e-12
380,22860.0,22860,11.646470707376183,11.646470707377636,86.48056231571533,0.0,11.646470772270456,6.4892821348867e-08,0.0,5.1962317282411655e-09,1.452878371737303e-12
381,22920.0,22920,11.659260137355115,11.659260137356569,86.64555398390738,0.0,11.659260202249389,6.489282083358669e-08,0.0,5.196231726808389e-09,1.452723502855827e-12
382,22980.0,22980,11.67217311603492,11.672173116036372,86.81072683569082,0.0,11.672173180929192,6.489282031467563e-08,0.0,5.19623172537105e-09,1.4525675025636982e-12
383,23040.0,23040,11.685210795367151,11.685210795368604,86.97608262133888,0.0,11.685210860261423,6.489281979213587e-08,0.0,5.1962317239290175e-09,1.4524103684088652e-12
384,23100.0,23100,11.698374346979078,11.69837434698053,87.14162310744413,0.0,11.698374411873349,6.489281926595641e-08,0.0,5.1962317224822935e-09,1.4522520929084956e-12
385,23160.0,23160,11.711664962565251,11.711664962566703,87.30735007719723,0.0,11.71166502745952,6.489281873613552e-08,0.0,5.196231721030706e-09,1.4520926543029033e-12
386,23220.0,23220,11.725083854302826,11.725083854304279,87.47326533067113,0.0,11.725083919197095,6.489281820266699e-08,0.0,5.196231719573908e-09,1.4519320716981766e-12
387,23280.0,23280,11.738632255282168,11.738632255283619,87.63937068511132,0.0,11.738632320176437,6.489281766554774e-08,0.0,5.196231718112075e-09,1.4517703265802132e-12
388,23340.0,23340,11.752311419934289,11.75231141993574,87.80566797523204,0.0,11.752311484828557,6.489281712477258e-08,0.0,5.196231716645033e-09,1.4516074210932745e-12
389,23400.0,23400,11.766122624481966,11.766122624483417,87.97215905351868,0.0,11.766122689376234,6.489281658033293e-08,0.0,5.196231715172696e-09,1.4514433255020096e-12
390,23460.0,23460,11.780067167400222,11.780067167401674,88.13884579053641,0.0,11.780067232294488,6.489281603222635e-08,0.0,5.1962317136947196e-09,1.4512780719372466e-12
391,23520.0,23520,11.794146369888711,11.794146369890163,88.30573007524546,0.0,11.794146434782979,6.4892815480447e-08,0.0,5.196231712211147e-09,1.4511116062644736e-12
392,23580.0,23580,11.808361576352548,11.808361576353999,88.47281381532314,0.0,11.808361641246814,6.489281492498868e-08,0.0,5.196231710721807e-09,1.450943974068302e-12
393,23640.0,23640,11.822714154905448,11.822714154906897,88.64009893749235,0.0,11.822714219799712,6.489281436584382e-08,0.0,5.1962317092266555e-09,1.4507751297811373e-12
394,23700.0,23700,11.837205497882271,11.837205497883723,88.80758738785774,0.0,11.837205562776536,6.489281380300725e-08,0.0,5.1962317077254766e-09,1.4506050783221985e-12
395,23760.0,23760,11.851837022363833,11.851837022365283,88.97528113224864,0.0,11.851837087258097,6.489281323647276e-08,0.0,5.1962317062180135e-09,1.4504338139427594e-12
396,23820.0,23820,11.866610170721689,11.86661017072314,89.1431821565697,0.0,11.866610235615951,6.489281266623176e-08,0.0,5.196231704704395e-09,1.4502613296325072e-12
397,23880.0,23880,11.881526411170956,11.881526411172405,89.31129246715915,0.0,11.881526476065218,6.489281209227632e-08,0.0,5.196231703184233e-09,1.4500876193657521e-12
398,23940.0,23940,11.896587238348008,11.896587238349458,89.47961409115497,0.0,11.896587303242269,6.489281151460264e-08,0.0,5.196231701657484e-09,1.4499126746884037e-12
399,24000.0,24000,11.91179417389576,11.91179417389721,89.64814907686912,0.0,11.911794238790021,6.489281093320041e-08,0.0,5.196231700123891e-09,1.4497364993292196e-12
400,24060.0,24060,11.927148767074776,11.927148767076224,89.81689949417022,0.0,11.927148831969037,6.489281034806272e-08,0.0,5.19623169858354e-09,1.4495590612491832e-12
401,24120.0,24120,11.94265259538242,11.94265259538387,89.98586743487466,0.0,11.942652660276678,6.489280975918133e-08,0.0,5.196231697035957e-09,1.4493803691271568e-12
402,24180.0,24180,11.958307265196728,11.95830726519818,90.15505501314681,0.0,11.958307330090989,6.489280916654865e-08,0.0,5.196231695481228e-09,1.449200431909932e-12
403,24240.0,24240,11.974114412439302,11.97411441244075,90.324464365908,0.0,11.97411447733356,6.4892808570154e-08,0.0,5.196231693919181e-09,1.4490191962467087e-12
404,24300.0,24300,11.99007570324969,11.99007570325114,90.49409765325511,0.0,11.990075768143948,6.489280796998843e-08,0.0,5.196231692349386e-09,1.4488367051286812e-12
405,24360.0,24360,12.006192834692458,12.006192834693907,90.66395705888871,0.0,12.006192899586713,6.489280736604403e-08,0.0,5.196231690771928e-09,1.4486529212139755e-12
406,24420.0,24420,12.022467535472828,12.022467535474275,90.83404479055109,0.0,12.022467600367081,6.48928067583115e-08,0.0,5.196231689186463e-09,1.4484678414851637e-12
407,24480.0,24480,12.0389015666881,12.03890156668955,91.00436308047452,0.0,12.038901631582355,6.48928061467798e-08,0.0,5.196231687592949e-09,1.4482814615159798e-12
408,24540.0,24540,12.055496722576208,12.055496722577656,91.17491418584017,0.0,12.055496787470462,6.489280553143861e-08,0.0,5.1962316859910405e-09,1.4480937793976135e-12
409,24600.0,24600,12.072254831322947,12.072254831324395,91.34570038924757,0.0,12.072254896217201,6.489280491227726e-08,0.0,5.196231684380738e-09,1.447904762916986e-12
410,24660.0,24660,12.089177755857794,12.089177755859241,91.51672399919553,0.0,12.089177820752045,6.489280428928714e-08,0.0,5.196231682761654e-09,1.4477144280974659e-12
411,24720.0,24720,12.106267394699943,12.10626739470139,91.68798735057443,0.0,12.106267459594195,6.48928036624548e-08,0.0,5.196231681133616e-09,1.447522768772657e-12
412,24780.0,24780,12.123525682822907,12.123525682824354,91.85949280517025,0.0,12.123525747717157,6.489280303176856e-08,0.0,5.196231679496581e-09,1.4473297530151112e-12
413,24840.0,24840,12.140954592533866,12.140954592535312,92.03124275218114,0.0,12.140954657428114,6.489280239721705e-08,0.0,5.196231677850119e-09,1.4471353895390398e-12
414,24900.0,24900,12.158556134397607,12.158556134399053,92.20323960874626,0.0,12.158556199291853,6.489280175878785e-08,0.0,5.1962316761941e-09,1.4469396703680447e-12
415,24960.0,24960,12.176332358182362,12.17633235818381,92.3754858204878,0.0,12.17633242307661,6.489280111646928e-08,0.0,5.196231674528268e-09,1.4467425719827543e-12
416,25020.0,25020,12.19428535383233,12.194285353833775,92.54798386206627,0.0,12.194285418726576,6.48928004702472e-08,0.0,5.196231672852404e-09,1.4465441073003412e-12
417,25080.0,25080,12.212417252477882,12.212417252479328,92.7207362377498,0.0,12.212417317372129,6.489279982010991e-08,0.0,5.1962316711664675e-09,1.4463442579554718e-12
418,25140.0,25140,12.230730227465907,12.230730227467353,92.89374548199746,0.0,12.230730292360152,6.489279916604089e-08,0.0,5.196231669469899e-09,1.4461429980885991e-12
419,25200.0,25200,12.249226495441585,12.24922649544303,93.06701416005745,0.0,12.24922656033583,6.489279850802874e-08,0.0,5.196231667762569e-09,1.4459403392480869e-12
420,25260.0,25260,12.267908317447587,12.267908317449034,93.24054486858044,0.0,12.267908382341831,6.489279784605525e-08,0.0,5.196231666044218e-09,1.4457362666646227e-12
421,25320.0,25320,12.28677800007069,12.286778000072136,93.41434023624852,0.0,12.286778064964935,6.489279718010799e-08,0.0,5.196231664314589e-09,1.44553076005478e-12
422,25380.0,25380,12.30583789661843,12.305837896619874,93.58840292442041,0.0,12.305837961512673,6.489279651017493e-08,0.0,5.19623166257338e-09,1.4453238271971193e-12
423,25440.0,25440,12.325090408337482,12.325090408338927,93.7627356277934,0.0,12.325090473231723,6.489279583622988e-08,0.0,5.196231660820463e-09,1.445115444319913e-12
424,25500.0,25500,12.344537985673643,12.344537985675087,93.93734107508241,0.0,12.34453805056788,6.489279515826425e-08,0.0,5.196231659055321e-09,1.4449056110713283e-12
425,25560.0,25560,12.36418312957542,12.364183129576865,94.11222202971703,0.0,12.364183194469659,6.489279447625943e-08,0.0,5.19623165727778e-09,1.444694317631838e-12
426,25620.0,25620,12.384028392828998,12.384028392830443,94.28738129055691,0.0,12.384028457723236,6.489279379019855e-08,0.0,5.19623165548767e-09,1.444481531538548e-12
427,25680.0,25680,12.404076381458557,12.404076381460001,94.46282169262622,0.0,12.404076446352795,6.489279310006266e-08,0.0,5.196231653684344e-09,1.4442672802534817e-12
428,25740.0,25740,12.424329756155565,12.42432975615701,94.63854610786777,0.0,12.4243298210498,6.48927924058318e-08,0.0,5.196231651867847e-09,1.4440515115686836e-12
429,25800.0,25800,12.444791233769848,12.444791233771292,94.81455744591754,0.0,12.444791298664084,6.489279170749116e-08,0.0,5.196231650037617e-09,1.4438342447936395e-12
430,25860.0,25860,12.465463588842159,12.465463588843603,94.99085865490018,0.0,12.465463653736395,6.489279100501835e-08,0.0,5.196231648193354e-09,1.4436154580535509e-12
431,25920.0,25920,12.486349655199072,12.486349655200515,95.16745272224634,0.0,12.486349720093305,6.489279029839167e-08,0.0,5.19623164633467e-09,1.4433951408940223e-12
432,25980.0,25980,12.507452327593302,12.507452327594745,95.34434267553256,0.0,12.507452392487535,6.489278958759459e-08,0.0,5.196231644461393e-09,1.4431732781670602e-12
433,26040.0,26040,12.528774563415064,12.528774563416507,95.52153158334437,0.0,12.528774628309296,6.489278887260026e-08,0.0,5.196231642572964e-09,1.4429498684914052e-12
434,26100.0,26100,12.550319384449487,12.55031938445093,95.69902255616364,0.0,12.550319449343718,6.489278815339283e-08,0.0,5.196231640669167e-09,1.4427248897216982e-12
435,26160.0,26160,12.572089878704313,12.572089878705757,95.87681874728091,0.0,12.572089943598543,6.489278742994476e-08,0.0,5.196231638749442e-09,1.4424983292819332e-12
436,26220.0,26220,12.59408920230789,12.594089202309334,96.05492335373344,0.0,12.594089267202119,6.489278670223779e-08,0.0,5.1962316368134896e-09,1.442270181394064e-12
437,26280.0,26280,12.616320581463478,12.61632058146492,96.23333961727037,0.0,12.616320646357705,6.489278597024334e-08,0.0,5.196231634860877e-09,1.4420404315663372e-12
438,26340.0,26340,12.638787314484066,12.638787314485509,96.41207082534534,0.0,12.638787379378293,6.489278523393935e-08,0.0,5.1962316328912175e-09,1.4418090656747393e-12
439,26400.0,26400,12.661492773901104,12.661492773902546,96.59112031213807,0.0,12.66149283879533,6.489278449329866e-08,0.0,5.1962316309039525e-09,1.4415760667957343e-12
440,26460.0,26460,12.684440408642617,12.684440408644058,96.7704914596059,0.0,12.684440473536844,6.489278374829815e-08,0.0,5.19623162889878e-09,1.441341436866073e-12
441,26520.0,26520,12.707633746308026,12.707633746309467,96.95018769856591,0.0,12.70763381120225,6.489278299890719e-08,0.0,5.1962316268750965e-09,1.4411051493620823e-12
442,26580.0,26580,12.73107639550841,12.731076395509852,97.13021250980952,0.0,12.731076460402633,6.489278224510374e-08,0.0,5.196231624832688e-09,1.4408671834807226e-12
443,26640.0,26640,12.754772048317111,12.754772048318552,97.31056942525012,0.0,12.754772113211333,6.489278148685234e-08,0.0,5.196231622770736e-09,1.4406275389165992e-12
444,26700.0,26700,12.778724482789897,12.778724482791338,97.49126202910551,0.0,12.778724547684119,6.489278072413092e-08,0.0,5.196231620688767e-09,1.4403862140620507e-12
445,26760.0,26760,12.802937565601027,12.802937565602466,97.67229395911592,0.0,12.802937630495245,6.489277995690439e-08,0.0,5.19623161858648e-09,1.44014316082628e-12
446,26820.0,26820,12.827415254774483,12.827415254775921,97.85366890779952,0.0,12.8274153196687,6.489277918514585e-08,0.0,5.1962316164631e-09,1.4398983873636816e-12
447,26880.0,26880,12.852161602514249,12.85216160251569,98.03539062374638,0.0,12.852161667408469,6.489277840882056e-08,0.0,5.196231614318369e-09,1.439651863519036e-12
448,26940.0,26940,12.877180758158344,12.877180758159785,98.2174629129529,0.0,12.877180823052562,6.489277762789611e-08,0.0,5.1962316121512535e-09,1.4394035989280456e-12
449,27000.0,27000,12.902476971239652,12.902476971241093,98.3998896401977,0.0,12.902477036133869,6.489277684234153e-08,0.0,5.1962316099616675e-09,1.4391535511452528e-12
450,27060.0,27060,12.928054594669295,12.928054594670733,98.58267473046115,0.0,12.92805465956351,6.489277605212031e-08,0.0,5.196231607748577e-09,1.4389017292972526e-12
451,27120.0,27120,12.953918088059902,12.953918088061341,98.76582217038987,0.0,12.953918152954117,6.489277525719768e-08,0.0,5.196231605511639e-09,1.4386480899273684e-12
452,27180.0,27180,12.980072021162094,12.980072021163533,98.94933600980829,0.0,12.980072086056307,6.489277445753469e-08,0.0,5.196231603250079e-09,1.4383926405213646e-12
453,27240.0,27240,13.006521077455531,13.006521077456968,99.13322036327898,0.0,13.006521142349744,6.489277365309866e-08,0.0,5.196231600963292e-09,1.4381353383232837e-12
454,27300.0,27300,13.033270057892022,13.033270057893459,99.31747941171382,0.0,13.03327012278623,6.489277284384894e-08,0.0,5.196231598650333e-09,1.4378761926181257e-12
455,27360.0,27360,13.060323884778127,13.060323884779562,99.50211740403819,0.0,13.060323949672332,6.489277202974248e-08,0.0,5.196231596310728e-09,1.4376151792956995e-12
456,27420.0,27420,13.087687605828314,13.087687605829753,99.68713865891011,0.0,13.087687670722524,6.489277121074245e-08,0.0,5.196231593943745e-09,1.4373522688109275e-12
457,27480.0,27480,13.115366398390428,13.115366398391865,99.8725475664969,0.0,13.115366463284635,6.489277038680267e-08,0.0,5.196231591548524e-09,1.4370874583900189e-12
458,27540.0,27540,13.143365573850593,13.143365573852032,100.05834859031167,0.0,13.1433656387448,6.489276955788666e-08,0.0,5.196231589124374e-09,1.4368207018825e-12
459,27600.0,27600,13.171690582218321,13.171690582219757,100.24454626911212,0.0,13.171690647112523,6.489276872394277e-08,0.0,5.196231586670178e-09,1.436552022083224e-12
460,27660.0,27660,13.200347016919634,13.20034701692107,100.43114521886444,0.0,13.200347081813838,6.489276788493035e-08,0.0,5.1962315841855045e-09,1.4362813584324936e-12
461,27720.0,27720,13.22934061979507,13.229340619796506,100.61815013477504,0.0,13.229340684689273,6.489276704079705e-08,0.0,5.196231581669105e-09,1.4360087133565541e-12
462,27780.0,27780,13.258677286318019,13.258677286319454,100.80556579339303,0.0,13.258677351212219,6.489276619150018e-08,0.0,5.196231579120163e-09,1.4357340734145582e-12
463,27840.0,27840,13.288363071036905,13.28836307103834,100.99339705478677,0.0,13.288363135931109,6.489276533698325e-08,0.0,5.196231576537944e-09,1.4354573852594974e-12
464,27900.0,27900,13.318404193275217,13.318404193276654,101.18164886479737,0.0,13.318404258169416,6.489276447720081e-08,0.0,5.196231573921246e-09,1.4351786630705846e-12
465,27960.0,27960,13.348807043073414,13.34880704307485,101.370326257373,0.0,13.348807107967614,6.489276361209674e-08,0.0,5.196231571269034e-09,1.4348978599348187e-12
466,28020.0,28020,13.37957818741383,13.379578187415264,101.55943435698742,0.0,13.379578252308026,6.489276274161764e-08,0.0,5.196231568580403e-09,1.4346149713547828e-12
467,28080.0,28080,13.410724376719354,13.41072437672079,101.7489783811467,0.0,13.41072444161355,6.489276186570497e-08,0.0,5.196231565854107e-09,1.4343299642892698e-12
468,28140.0,28140,13.442252551664192,13.442252551665621,101.93896364298779,0.0,13.442252616558383,6.489276098430157e-08,0.0,5.196231563089241e-09,1.4340428059507535e-12
469,28200.0,28200,13.474169850295432,13.47416985029687,102.12939555397392,0.0,13.474169915189627,6.4892760097352e-08,0.0,5.196231560284426e-09,1.4337535017431717e-12
470,28260.0,28260,13.50648361549189,13.506483615493325,102.32027962669066,0.0,13.506483680386083,6.489275920479047e-08,0.0,5.196231557438589e-09,1.4334619929857515e-12
471,28320.0,28320,13.539201402784153,13.539201402785586,102.5116214777477,0.0,13.539201467678344,6.489275830655568e-08,0.0,5.196231554550263e-09,1.4331682677604822e-12
472,28380.0,28380,13.572330988537123,13.572330988538555,102.70342683079137,0.0,13.572331053431311,6.489275740258292e-08,0.0,5.196231551618288e-09,1.4328723076137995e-12
473,28440.0,28440,13.605880378547308,13.605880378548742,102.8957015196332,0.0,13.605880443441496,6.489275649280326e-08,0.0,5.1962315486411995e-09,1.4325740754891705e-12
474,28500.0,28500,13.639857817050382,13.639857817051816,103.0884514915002,0.0,13.639857881944572,6.489275557714788e-08,0.0,5.196231545617793e-09,1.4322735415059846e-12
475,28560.0,28560,13.67427179616828,13.674271796169712,103.28168281041263,0.0,13.674271861062465,6.489275465554924e-08,0.0,5.196231542546389e-09,1.4319706900899465e-12
476,28620.0,28620,13.70913106584873,13.70913106585016,103.47540166069591,0.0,13.709131130742916,6.489275372793057e-08,0.0,5.19623153942548e-09,1.4316654739145592e-12
477,28680.0,28680,13.744444644280875,13.744444644282305,103.669614350633,0.0,13.744444709175058,6.489275279421748e-08,0.0,5.196231536253561e-09,1.4313578767920844e-12
478,28740.0,28740,13.780221828868363,13.780221828869795,103.86432731626454,0.0,13.78022189376255,6.489275185433075e-08,0.0,5.196231533028781e-09,1.4310478730641066e-12
479,28800.0,28800,13.816472207742395,13.816472207743825,104.0595471253444,0.0,13.816472272636574,6.489275090819291e-08,0.0,5.196231529749632e-09,1.4307354047840253e-12
480,28860.0,28860,13.853205671889405,13.853205671890839,104.25528048145831,0.0,13.853205736783586,6.489274995571891e-08,0.0,5.1962315264142626e-09,1.430420457048037e-12
481,28920.0,28920,13.890432427912287,13.890432427913717,104.45153422831429,0.0,13.890432492806468,6.489274899682537e-08,0.0,5.1962315230206515e-09,1.4301029938557996e-12
482,28980.0,28980,13.928163011465996,13.928163011467426,104.64831535421398,0.0,13.928163076360173,6.489274803142176e-08,0.0,5.1962315195670335e-09,1.4297829897937134e-12
483,29040.0,29040,13.966408301418431,13.966408301419861,104.84563099671398,0.0,13.966408366312608,6.489274705941955e-08,0.0,5.1962315160513405e-09,1.4294603951878003e-12
484,29100.0,29100,14.005179534774943,14.005179534776373,105.0434884474883,0.0,14.00517959966912,6.489274608072715e-08,0.0,5.196231512471379e-09,1.4291351665369554e-12
485,29160.0,29160,14.044488322428162,14.044488322429588,105.24189515740184,0.0,14.044488387322332,6.489274509524468e-08,0.0,5.1962315088249096e-09,1.4288072799070912e-12
486,29220.0,29220,14.084346665764626,14.084346665766054,105.44085874180712,0.0,14.084346730658797,6.489274410287401e-08,0.0,5.196231505109651e-09,1.4284766933524554e-12
487,29280.0,29280,14.124766974226825,14.124766974228251,105.64038698607634,0.0,14.124767039120997,6.489274310351389e-08,0.0,5.196231501323236e-09,1.4281433580290705e-12
488,29340.0,29340,14.165762083844138,14.165762083845564,105.84048785138212,0.0,14.165762148738306,6.489274209705616e-08,0.0,5.196231497463125e-09,1.4278072335944956e-12
489,29400.0,29400,14.20734527684624,14.207345276847668,106.04116948074083,0.0,14.207345341740409,6.48927410833941e-08,0.0,5.1962314935265185e-09,1.4274682801956981e-12
490,29460.0,29460,14.249530302397648,14.249530302399075,106.24244020533372,0.0,14.249530367291817,6.489274006241472e-08,0.0,5.1962314895107915e-09,1.4271264546821603e-12
491,29520.0,29520,14.292331398553028,14.292331398554452,106.44430855112194,0.0,14.292331463447194,6.489273903400061e-08,0.0,5.196231485413104e-09,1.4267816955413786e-12
492,29580.0,29580,14.33576331552227,14.335763315523693,106.64678324577231,0.0,14.33576338041643,6.489273799803089e-08,0.0,5.196231481230398e-09,1.4264339574195125e-12
493,29640.0,29640,14.379841340317228,14.379841340318654,106.84987322591311,0.0,14.37984140521139,6.489273695438365e-08,0.0,5.196231476959274e-09,1.426083199276465e-12
494,29700.0,29700,14.424581322905626,14.424581322907052,107.0535876447385,0.0,14.424581387799789,6.489273590292975e-08,0.0,5.196231472596674e-09,1.4257293637712765e-12
495,29760.0,29760,14.469999703963934,14.469999703965359,107.25793587998389,0.0,14.469999768858093,6.48927348435373e-08,0.0,5.196231468138941e-09,1.425372393397487e-12
496,29820.0,29820,14.516113544365487,14.516113544366911,107.46292754229427,0.0,14.516113609259644,6.489273377606955e-08,0.0,5.196231463582544e-09,1.4250122249607567e-12
497,29880.0,29880,14.562940556518445,14.562940556519873,107.66857248401035,0.0,14.562940621412606,6.489273270038708e-08,0.0,5.196231458923566e-09,1.4246488049740746e-12
498,29940.0,29940,14.610499137705133,14.610499137706556,107.87488080839859,0.0,14.610499202599287,6.489273161634142e-08,0.0,5.196231454157917e-09,1.4242820704407885e-12
499,30000.0,30000,14.658808405567466,14.658808405568887,108.08186287935364,0.0,14.65880847046162,6.489273052378209e-08,0.0,5.196231449281336e-09,1.4239119555062696e-12
500,30060.0,30060,14.707888235931234,14.707888235932655,108.28952933160338,0.0,14.707888300825386,6.489272942255552e-08,0.0,5.196231444289304e-09,1.423538401008112e-12
501,30120.0,30120,14.757759303110545,14.757759303111966,108.49789108144998,0.0,14.757759368004693,6.489272831249948e-08,0.0,5.196231439177299e-09,1.4231613263434145e-12
502,30180.0,30180,14.80844312294255,14.808443122943975,108.7069593380816,0.0,14.808443187836703,6.489272719344834e-08,0.0,5.196231433940286e-09,1.4227806418823192e-12
503,30240.0,30240,14.859962098731518,14.859962098732938,108.9167456154942,0.0,14.859962163625665,6.489272606522785e-08,0.0,5.196231428572926e-09,1.422396305688725e-12
504,30300.0,30300,14.912339570377537,14.91233957037896,109.12726174506376,0.0,14.912339635271687,6.489272492766131e-08,0.0,5.196231423069753e-09,1.4220082053455451e-12
505,30360.0,30360,14.965599866917714,14.965599866919135,109.33851988881501,0.0,14.965599931811859,6.489272378056591e-08,0.0,5.196231417424955e-09,1.421616268383863e-12
506,30420.0,30420,15.01976836282378,15.019768362825202,109.55053255343391,0.0,15.019768427717926,6.489272262374843e-08,0.0,5.196231411632248e-09,1.4212204213474145e-12
507,30480.0,30480,15.074871538308358,15.074871538309782,109.76331260507814,0.0,15.074871603202503,6.489272145701187e-08,0.0,5.19623140568526e-09,1.420820539471629e-12
508,30540.0,30540,15.130937044062618,15.13093704406404,109.97687328504175,0.0,15.13093710895676,6.489272028015272e-08,0.0,5.196231399577062e-09,1.420416530952652e-12
509,30600.0,30600,15.187993770761736,15.187993770763153,110.19122822633686,0.0,15.187993835655872,6.489271909296058e-08,0.0,5.196231393300162e-09,1.4200083114441813e-12
510,30660.0,30660,15.24607192379656,15.24607192379798,110.40639147126022,0.0,15.246071988690696,6.489271789521226e-08,0.0,5.1962313868469845e-09,1.4195957641490208e-12
511,30720.0,30720,15.305203103704152,15.30520310370557,110.62237749001822,0.0,15.305203168598284,6.48927166866843e-08,0.0,5.196231380209265e-09,1.4191787640034493e-12
512,30780.0,30780,15.36542039280963,15.36542039281105,110.83920120049159,0.0,15.365420457703765,6.489271546714043e-08,0.0,5.196231373378392e-09,1.4187571932133713e-12
513,30840.0,30840,15.42675844868309,15.426758448684508,111.0568779892273,0.0,15.426758513577223,6.489271423633787e-08,0.0,5.196231366344855e-09,1.4183309341149344e-12
514,30900.0,30900,15.489253605053456,15.489253605054873,111.27542373375455,0.0,15.489253669947587,6.489271299402453e-08,0.0,5.196231359098795e-09,1.417899836341862e-12
515,30960.0,30960,15.552943980893625,15.552943980895042,111.49485482633037,0.0,15.552944045787752,6.48927117399387e-08,0.0,5.196231351629794e-09,1.4174637667792532e-12
516,31020.0,31020,15.617869598510689,15.617869598512108,111.71518819923058,0.0,15.61786966340482,6.489271047380384e-08,0.0,5.196231343926445e-09,1.4170225591223508e-12
517,31080.0,31080,15.684072511508074,15.684072511509488,111.93644135171371,0.0,15.684072576402201,6.489270919534687e-08,0.0,5.1962313359768244e-09,1.4165760663726189e-12
518,31140.0,31140,15.751596943643033,15.751596943644449,112.15863237879763,0.0,15.751597008537159,6.489270790427091e-08,0.0,5.196231327768147e-09,1.4161241149228308e-12
519,31200.0,31200,15.820489439727622,15.82048943972904,112.38178000200347,0.0,15.820489504621746,6.489270660027363e-08,0.0,5.1962313192868095e-09,1.415666501059066e-12
520,31260.0,31260,15.890799029796794,15.890799029798208,112.60590360223716,0.0,15.890799094690914,6.489270528304163e-08,0.0,5.196231310517573e-09,1.4152030559823744e-12
521,31320.0,31320,15.962577408012828,15.962577408014242,112.83102325499686,0.0,15.962577472906947,6.489270395225015e-08,0.0,5.196231301445157e-09,1.4147335636698707e-12
522,31380.0,31380,16.035879127894763,16.035879127896177,113.05715976811462,0.0,16.03587919278888,6.489270260755899e-08,0.0,5.196231292052601e-09,1.4142577787766599e-12
523,31440.0,31440,16.11076181567432,16.110761815675733,113.284334722264,0.0,16.110761880568433,6.489270124861683e-08,0.0,5.19623128232135e-09,1.4137754888732574e-12
524,31500.0,31500,16.18728640386787,16.18728640386928,113.51257051449028,0.0,16.187286468761982,6.489269987505971e-08,0.0,5.196231272231863e-09,1.4132864256716291e-12
525,31560.0,31560,16.26551738736495,16.265517387366366,113.74189040504932,0.0,16.26551745225906,6.489269848650742e-08,0.0,5.196231261763045e-09,1.412790291980953e-12
526,31620.0,31620,16.34552310469225,16.34552310469366,113.97231856787457,0.0,16.345523169586357,6.48926970825739e-08,0.0,5.196231250891738e-09,1.4122868316530892e-12
527,31680.0,31680,16.427376047485197,16.427376047486607,114.20388014502858,0.0,16.427376112379307,6.489269566283801e-08,0.0,5.1962312395933176e-09,1.4117756851352397e-12
528,31740.0,31740,16.511153201599804,16.511153201601214,114.43660130553886,0.0,16.51115326649391,6.489269422688786e-08,0.0,5.196231227840838e-09,1.4112565225376865e-12
529,31800.0,31800,16.596936423816658,16.596936423818068,114.67050930906575,0.0,16.596936488710764,6.489269277427714e-08,0.0,5.196231215605155e-09,1.4107289555215045e-12
530,31860.0,31860,16.684812858702205,16.684812858703616,114.9056325749074,0.0,16.684812923596308,6.489269130454989e-08,0.0,5.196231202854286e-09,1.4101925780052531e-12
531,31920.0,31920,16.77487540081482,16.77487540081623,115.14200075690991,0.0,16.77487546570892,6.489268981723363e-08,0.0,5.196231189553663e-09,1.4096469426632551e-12
532,31980.0,31980,16.86722320830853,16.86722320830994,115.37964482492566,0.0,16.86722327320263,6.48926883118311e-08,0.0,5.19623117566545e-09,1.409091547038579e-12
533,32040.0,32040,16.961962274926563,16.96196227492797,115.6185971535476,0.0,16.96196233982066,6.489268678783602e-08,0.0,5.196231161148146e-09,1.4085258783507724e-12
534,32100.0,32100,17.059206068480865,17.059206068482275,115.85889161894663,0.0,17.059206133374957,6.489268524471259e-08,0.0,5.196231145956253e-09,1.4079493338803664e-12
535,32160.0,32160,17.15907624531577,17.159076245317177,116.10056370475434,0.0,17.159076310209862,6.489268368191461e-08,0.0,5.196231130039879e-09,1.4073612606266634e-12
536,32220.0,32220,17.261703451766948,17.261703451768355,116.3436506180672,0.0,17.261703516661033,6.489268209887075e-08,0.0,5.196231113343795e-09,1.4067609567935398e-12
537,32280.0,32280,17.367228225642968,17.367228225644375,116.58819141680482,0.0,17.367228290537057,6.489268049499144e-08,0.0,5.1962310958069585e-09,1.4061476276693157e-12
538,32340.0,32340,17.475802013001083,17.475802013002486,116.83422714983898,0.0,17.475802077895167,6.489267886966303e-08,0.0,5.196231077362175e-09,1.4055203949393236e-12
539,32400.0,32400,17.5875883182679,17.587588318269304,117.08180101152739,0.0,17.587588383161982,6.489267722225631e-08,0.0,5.19623105793437e-09,1.404878257847995e-12
540,32460.0,32460,17.702764009185067,17.702764009186474,117.3309585125404,0.0,17.70276407407915,6.489267555212078e-08,0.0,5.196231037439774e-09,1.4042201484470887e-12
541,32520.0,32520,17.821520802120897,17.821520802122297,117.58174766917476,0.0,17.82152086701497,6.489267385858592e-08,0.0,5.196231015785276e-09,1.4035448011517644e-12
542,32580.0,32580,17.94406695833183,17.944066958333234,117.83421921370903,0.0,17.944067023225905,6.489267214096402e-08,0.0,5.1962309928659716e-09,1.4028508337872415e-12
543,32640.0,32640,18.070629227966748,18.070629227968148,118.08842682878962,0.0,18.07062929286082,6.489267039854773e-08,0.0,5.196230968563824e-09,1.4021366547602966e-12
544,32700.0,32700,18.201455086224215,18.201455086225614,118.34442740935671,0.0,18.201455151118285,6.489266863062316e-08,0.0,5.196230942745733e-09,1.4014004854874566e-12
545,32760.0,32760,18.336815315580218,18.336815315581617,118.60228135624912,0.0,18.336815380474285,6.489266683645851e-08,0.0,5.196230915260776e-09,1.400640222550336e-12
546,32820.0,32820,18.477006999884928,18.477006999886328,118.86205290639073,0.0,18.477007064778995,6.489266501532267e-08,0.0,5.196230885936679e-09,1.3998535107883623e-12
547,32880.0,32880,18.622357011027646,18.62235701102904,119.12381050539332,0.0,18.622357075921705,6.489266316648624e-08,0.0,5.196230854576759e-09,1.3990375909251276e-12
548,32940.0,32940,18.773226087660227,18.773226087661627,119.38762722955379,0.0,18.773226152554287,6.489266128922812e-08,0.0,5.196230820954761e-09,1.3981892470096955e-12
549,33000.0,33000,18.93001362946856,18.93001362946996,119.65358126563322,0.0,18.93001369436262,6.489265938284921e-08,0.0,5.196230784809563e-09,1.397304708585408e-12
550,33060.0,33060,19.09316336095502,19.09316336095642,119.92175645855491,0.0,19.093163425849074,6.489265744670208e-08,0.0,5.19623074583764e-09,1.3963795097018474e-12
551,33120.0,33120,19.263170058022624,19.26317005802402,120.19224293933932,0.0,19.263170122916677,6.48926554801889e-08,0.0,5.1962307036844136e-09,1.3954083552019055e-12
552,33180.0,33180,19.440587581262953,19.440587581264342,120.4651378483322,0.0,19.440587646156995,6.489265348281653e-08,0.0,5.196230657933491e-09,1.3943848615320797e-12
553,33240.0,33240,19.62603852557543,19.626038525576824,120.74054617223767,0.0,19.626038590469477,6.489265145422818e-08,0.0,5.196230608091552e-09,1.3933013055085528e-12
554,33300.0,33300,19.820225881059734,19.820225881061123,121.01858171785422,0.0,19.820225945953776,6.489264939425995e-08,0.0,5.196230553571005e-09,1.392148238278824e-12
555,33360.0,33360,20.023947211146993,20.023947211148382,121.29936825100678,0.0,20.023947276041028,6.489264730303442e-08,0.0,5.19623049366588e-09,1.3909139475448012e-12
556,33420.0,33420,20.238111997636775,20.238111997638164,121.5830408363356,0.0,20.23811206253081,6.489264518106953e-08,0.0,5.196230427520316e-09,1.389583729555086e-12
557,33480.0,33480,20.46376298610869,20.463762986110076,121.86974742280634,0.0,20.46376305100272,6.489264302946591e-08,0.0,5.196230354086161e-09,1.3881387514463128e-12
558,33540.0,33540,20.702102593550492,20.70210259355188,122.15965073161378,0.0,20.70210265844452,6.489264085015826e-08,0.0,5.1962302720634816e-09,1.3865529798501752e-12
559,33600.0,33600,20.954525704248628,20.954525704250013,122.45293051819333,0.0,20.954525769142652,6.489263864633931e-08,0.0,5.196230179792212e-09,1.384776087215532e-12
560,33660.0,33660,21.222660430483156,21.222660430484538,122.74978629884106,0.0,21.222660495377177,6.489263642312027e-08,0.0,5.196230074861291e-09,1.3825819579488354e-12
561,33720.0,33720,21.50841847805412,21.5084184780555,123.05044065477713,0.0,21.508418542948135,6.489263418865874e-08,0.0,5.1962299511981185e-09,1.3780972758468904e-12
562,33780.0,33780,21.814056089245767,21.814056089247124,123.35514324972047,0.0,21.814056154139756,6.489263195616084e-08,0.0,5.196229771639004e-09,1.3532781107301984e-12
563,33840.0,33840,22.142243429022546,22.142243429023676,123.66417571082235,0.0,22.142243493916308,6.48926297477324e-08,0.0,5.196229198451001e-09,1.1302057598404028e-12
564,33900.0,33900,22.496129091508557,22.496129091507505,123.97785749257103,0.0,22.496129156400134,6.489262760232653e-08,0.0,5.196224928794307e-09,-1.0513391181988192e-12
565,33960.0,33960,22.879346561162777,22.87934656114016,124.29655265453827,0.0,22.879346626032785,6.489262559414626e-08,0.0,5.196184323114551e-09,-2.2614331921578137e-11
566,34020.0,34020,23.29575065804707,23.29575065781103,124.62067673065864,0.0,23.295750722703655,6.489262388000394e-08,0.0,5.1957843594964865e-09,-2.3604143012189975e-10
567,34080.0,34080,23.747862609178,23.74786260682759,124.95069986481518,0.0,23.747862671720206,6.489262283189185e-08,0.0,5.191827308284864e-09,-2.350416489675876e-09
568,34140.0,34140,24.22730800108679,24.227307977626324,125.28712791824945,0.0,24.227308042518953,6.489262340857545e-08,0.0,5.152630740514823e-09,-2.346046452961921e-08
569,34200.0,34200,24.63354172761041,24.633541466258887,125.63034811443671,0.0,24.63354153115151,6.489262818901218e-08,0.0,4.761600482262141e-09,-2.6135152547823853e-07
570,34260.0,34260,40.00000219550099,-259.9999975220637,125.97932328504626,300.0,2.8765844928211858e-08,259.99999755082956,0.0,4.0572403314433254e-10,2.8243531714345227e-07
571,34320.0,34320,40.000002195543104,-259.99999752224113,121.6459899929397,300.0,2.8723736196261e-08,259.9999975509649,0.0,5.113974089501496e-09,2.822157502810061e-07
572,34380.0,34380,40.00000219426094,-259.99999751667366,117.31265670083032,300.0,3.000591204537027e-08,259.99999754667954,0.0,9.818235177288187e-09,2.8906542366271466e-07
573,34440.0,34440,40.000002192305224,-259.9999975075385,112.9793234088105,300.0,3.196163882604768e-08,259.99999753950016,0.0,1.4636445503918666e-08,3.001562080043956e-07
574,34500.0,34500,40.00000218974159,-259.99999749416236,108.64599011693807,300.0,3.452529002710107e-08,259.99999752868763,0.0,1.9639340433092086e-08,3.1609605902195327e-07
575,34560.0,34560,40.00000218648765,-259.99999747423664,104.31265682528218,300.0,3.7779258235516214e-08,259.9999975120159,0.0,2.490776597790339e-08,3.3927569820811273e-07
576,34620.0,34620,40.00000218236318,-259.9999974421869,99.97932353395021,300.0,4.190375037419617e-08,259.99999748409067,0.0,3.0562403675213855e-08,3.7544992276552257e-07
577,34680.0,34680,40.00000217708186,-259.9999973820963,95.64599024314211,300.0,4.718512703768703e-08,259.9999974292814,0.0,3.681984311928669e-08,4.408218657792353e-07
578,34740.0,34740,40.000002170277966,-259.9999972257972,91.31265695332232,300.0,5.398910801626023e-08,259.99999727978627,0.0,4.4166723039884964e-08,6.039248555936892e-07
579,34800.0,34800,40.00000216224492,-259.99999602828314,86.9793236660905,300.0,6.202247393044818e-08,259.9999960903056,0.0,5.423190231453623e-08,1.8094719621645986e-06
580,34860.0,34860,40.00000215078204,-4.916475923975638e-07,82.64599039879715,159.99999999999986,7.348752327128551e-08,5.651351098830438e-07,0.0,8.438945572821063e-08,119.99999735757022
581,34920.0,34920,40.00000208609659,1.555493493353443e-08,82.64599039041909,0.0,1.3818162607068843e-07,1.226266839787721e-07,0.0,2.0000000403485507,-40.00000207054167
582,34980.0,34980,40.000001977279815,1.5884892787544592e-07,82.64599039033264,0.0,2.47030265367946e-07,8.818132972824632e-08,0.0,1.333333339172408,-40.000001818430896
583,35040.0,35040,39.999999413710235,1.7043326080710987e-06,82.64599039236234,0.0,1.773165730220829e-06,6.88331128403057e-08,0.0,0.6666666421980707,-39.99999770937764
584,35100.0,35100,25.36267547188703,25.362675013197855,82.64599041633474,0.0,25.36267507809103,6.489317347856324e-08,0.0,1.3707917902048941e-08,-4.586891765947094e-07
585,35160.0,35160,26.754567236973,26.754567187636876,83.00529497885924,0.0,26.75456725252983,6.48929574305598e-08,0.0,6.062844232565098e-09,-4.933612078467285e-08
586,35220.0,35220,25.22912759799743,25.22912756978546,83.38431801385497,0.0,25.229127634678292,6.489282719243955e-08,0.0,5.240517153648748e-09,-2.8211965048863263e-08
587,35280.0,35280,25.52432408952162,25.524323828402686,83.74173065426447,0.0,25.52432389329544,6.489275433974983e-08,0.0,4.770292070976745e-09,-2.61118936375041e-07
588,35340.0,35340,40.00000219466454,-259.99999751846013,84.10332524167106,300.0,2.960229157013838e-08,259.9999975480624,0.0,4.1829254828064574e-10,2.868753703176678e-07
589,35400.0,35400,40.0000021946625,-259.99999751845166,79.7699919496225,300.0,2.9604334906895716e-08,259.999997548056,0.0,5.200961983089753e-09,2.868858609799709e-07
590,35460.0,35460,40.00000219327294,-259.9999975121642,75.43665865757406,300.0,3.099390628046078e-08,259.99999754315814,0.0,9.983515629173523e-09,2.9456286432562135e-07
591,35520.0,35520,40.000002191162274,-259.9999975017946,71.10332536562694,300.0,3.3104580338984123e-08,259.9999975348992,0.0,1.4893828165183504e-08,3.0704309799862425e-07
592,35580.0,35580,40.00000218838726,-259.9999974863326,66.76999207384738,300.0,3.5879606006356004e-08,259.9999975222122,0.0,2.001199748603909e-08,3.252801331985999e-07
593,35640.0,35640,40.00000218484538,-259.99999746258175,62.43665878231859,300.0,3.9421514591185585e-08,259.9999975020033,0.0,2.5433995602895718e-08,3.5257289452102797e-07
594,35700.0,35700,40.00000218032418,-259.99999742233564,58.103325491176776,300.0,4.394273457973704e-08,259.9999974662784,0.0,3.131076814441534e-08,3.973401775516702e-07
595,35760.0,35760,40.0000021744979,-259.99999733897397,53.76999220069443,300.0,4.97690625091124e-08,259.999997388743,0.0,3.793356958340254e-08,4.86528142746671e-07
596,35820.0,35820,40.00000216706172,-259.9999970618497,49.436658911586875,300.0,5.7205313576629146e-08,259.999997119055,0.0,4.604275469720679e-08,7.710886272597494e-07
597,35880.0,35880,40.000002159387144,-154.99999160549237,45.10332562707947,300.0,6.488689639787643e-08,154.99999167037925,0.0,5.889454132647527e-08,105.0000062351205
598,35940.0,35940,40.0000021137251,-4.671154682262562e-08,42.51999243349215,15.0,1.105474134682541e-07,1.572589638003197e-07,0.0,1.7500001628134636,-25.000002160436647
599,36000.0,36000,40.0000020537101,6.577349491295848e-08,42.51999243243703,0.0,1.705704538680427e-07,1.0479696169191298e-07,0.0,1.3333334601397193,-40.0000019879366
600,36060.0,36060,40.00000185123438,2.9452179917007017e-07,42.5199924331066,0.0,3.730974009139097e-07,7.857560366812706e-08,0.0,0.6666667603409352,-40.00000155671258
601,36120.0,36120,22.884882767359297,22.88487919076585,42.51999243708233,0.0,22.884879255659015,6.489316347381069e-08,0.0,6.772916495823021e-08,-3.5765934440654334e-06
602,36180.0,36180,24.61461933888715,24.61461918180346,42.84419489212238,0.0,24.61461924669635,6.489289416968057e-08,0.0,8.119305421662803e-09,-1.5708369368529627e-07
603,36240.0,36240,26.514432153215207,26.51443213677706,43.19290199703548,0.0,26.51443220166978,6.489271993844933e-08,0.0,5.501207950387951e-09,-1.6438150249579253e-08
604,36300.0,36300,26.64184367668746,26.64184367501851,43.56852311881069,0.0,26.641843739911156,6.489264849095594e-08,0.0,5.2272134532447934e-09,-1.6689493773509194e-09
605,36360.0,36360,26.62268965532191,26.622689655154087,43.94594923737766,0.0,26.622689720046704,6.489261558200718e-08,0.0,5.199374448156401e-09,-1.6782832298791316e-10
606,36420.0,36420,26.60377711340365,26.603777113387757,44.32310400732988,0.0,26.603777178280357,6.489259843835342e-08,0.0,5.1965547315496004e-09,-1.5892697145310446e-11
607,36480.0,36480,26.6100302851646,26.610030285164132,44.69999084960708,0.0,26.61003035005672,6.489258842977071e-08,0.0,5.196267299497911e-09,-4.673170904479177e-13
608,36540.0,36540,26.612108077405818,26.612108077406944,45.07696627848445,0.0,26.612108142299526,6.489258237665185e-08,0.0,5.196236876304928e-09,1.1289487818928525e-12
609,36600.0,36600,26.61399380039604,26.61399380039736,45.453971142751925,0.0,26.61399386528994,6.489257821844383e-08,0.0,5.196233015597727e-09,1.3148850666801195e-12
610,36660.0,36660,26.61116273935321,26.61116273935456,45.83100272142842,0.0,26.611162804247133,6.489257502808104e-08,0.0,5.196232240019594e-09,1.3483820439348998e-12
611,36720.0,36720,26.59782752951605,26.597827529517406,46.20799419340682,0.0,26.597827594409978,6.489257251830701e-08,0.0,5.1962320188365166e-09,1.3573028737211417e-12
612,36780.0,36780,26.578855682177718,26.578855682179075,46.58479674991253,0.0,26.578855747071643,6.489257054057819e-08,0.0,5.196231944896129e-09,1.35892334379042e-12
613,36840.0,36840,26.560535689085864,26.560535689087228,46.96133053858094,0.0,26.560535753979792,6.48925689126969e-08,0.0,5.196231894841322e-09,1.3588386795492164e-12
614,36900.0,36900,26.54505989906519,26.545059899066548,47.33760479401388,0.0,26.54505996395912,6.489256747054937e-08,0.0,5.1962318391197205e-09,1.3594567376437312e-12
615,36960.0,36960,26.53059926068715,26.530599260688515,47.7136598090882,0.0,26.53059932558108,6.48925660980784e-08,0.0,5.196231790533247e-09,1.36092708081084e-12
616,37020.0,37020,26.514604724468537,26.5146047244699,48.089509965118815,0.0,26.514604789362462,6.48925647457648e-08,0.0,5.196231765194227e-09,1.3619397474733443e-12
617,37080.0,37080,26.496636855612017,26.49663685561338,48.46513353188635,0.0,26.496636920505946,6.489256340887547e-08,0.0,5.196231756995838e-09,1.3619183677762464e-12
618,37140.0,37140,26.47813526066976,26.47813526067112,48.840502553845084,0.0,26.47813532556368,6.489256209903206e-08,0.0,5.196231749528128e-09,1.3614732187754335e-12
619,37200.0,37200,26.46073307695366,26.460733076955023,49.21560946987547,0.0,26.46073314184758,6.489256082661715e-08,0.0,5.196231735695961e-09,1.3613769443616119e-12
620,37260.0,37260,26.445057033492173,26.445057033493537,49.59046985496987,0.0,26.445057098386098,6.489255959345631e-08,0.0,5.196231720497611e-09,1.361746873609008e-12
621,37320.0,37320,26.430835271507704,26.430835271509068,49.9651081627819,0.0,26.430835336401625,6.489255839423544e-08,0.0,5.196231710766016e-09,1.3622501919628113e-12
622,37380.0,37380,26.417574915538278,26.41757491553964,50.339544995632494,0.0,26.417574980432192,6.4892557221265e-08,0.0,5.1962317083196545e-09,1.362618631359419e-12
623,37440.0,37440,26.404929333098373,26.404929333099737,50.713793973440175,0.0,26.404929397992298,6.489255606773905e-08,0.0,5.196231711035103e-09,1.3627938225781449e-12
624,37500.0,37500,26.392721308531577,26.39272130853294,51.08786380549663,0.0,26.392721373425495,6.489255492880501e-08,0.0,5.19623171599554e-09,1.362830991389986e-12
625,37560.0,37560,26.380873344786117,26.380873344787474,51.46176069053839,0.0,26.380873409680028,6.48925538014761e-08,0.0,5.196231721169618e-09,1.362796779627346e-12
626,37620.0,37620,26.369360586689112,26.369360586690476,51.835489729427096,0.0,26.36936065158303,6.489255268413996e-08,0.0,5.196231725573414e-09,1.3627312762312154e-12
627,37680.0,37680,26.358189871450787,26.35818987145215,52.20905567090942,0.0,26.358189936344704,6.489255157604169e-08,0.0,5.196231728852563e-09,1.362652846308934e-12
628,37740.0,37740,26.347387521098227,26.34738752109959,52.58246336059253,0.0,26.347387585992145,6.489255047687173e-08,0.0,5.196231730934058e-09,1.3625702346851309e-12
629,37800.0,37800,26.33698924929125,26.336989249292614,52.95571801697898,0.0,26.336989314185168,6.48925493865147e-08,0.0,5.196231731869254e-09,1.3624885297535371e-12
630,37860.0,37860,26.32703263404295,26.327032634044308,53.32882536451484,0.0,26.327032698936858,6.489254830491205e-08,0.0,5.196231731772743e-09,1.362410750421476e-12
631,37920.0,37920,26.317552889574912,26.31755288957627,53.70179166000133,0.0,26.317552954468816,6.489254723200972e-08,0.0,5.1962317307899794e-09,1.3623383337953396e-12
632,37980.0,37980,26.30858125871051,26.30858125871187,54.07462365910787,0.0,26.30858132360442,6.489254616775156e-08,0.0,5.1962317290732645e-09,1.3622715959273374e-12
633,38040.0,38040,26.300144781907917,26.300144781909275,54.4473285601105,0.0,26.300144846801825,6.489254511209972e-08,0.0,5.196231726767451e-09,1.362210236258288e-12
634,38100.0,38100,26.292266484913963,26.292266484915327,54.81991394435842,0.0,26.29226654980787,6.489254406502007e-08,0.0,5.196231724002929e-09,1.3621536549893235e-12
635,38160.0,38160,26.284965541581755,26.28496554158312,55.19238771939893,0.0,26.284965606475662,6.48925430265037e-08,0.0,5.196231720893988e-09,1.362101099788287e-12
636,38220.0,38220,26.27825733566843,26.27825733566979,55.56475806440889,0.0,26.27825740056233,6.489254199654747e-08,0.0,5.196231717539463e-09,1.3620518068958472e-12
637,38280.0,38280,26.272153498387617,26.272153498388974,55.93703337650176,0.0,26.272153563281517,6.489254097515106e-08,0.0,5.196231714024158e-09,1.362004955295887e-12
638,38340.0,38340,26.266662010430526,26.26666201043189,56.309222217566486,0.0,26.26666207532443,6.489253996231929e-08,0.0,5.196231710419746e-09,1.3619597452832358e-12
639,38400.0,38400,26.261787414928467,26.26178741492983,56.68133326255182,0.0,26.261787479822374,6.48925389580425e-08,0.0,5.196231706785373e-09,1.361915420770367e-12
640,38460.0,38460,26.257531144021744,26.2575311440231,57.05337525076753,0.0,26.257531208915644,6.489253796230038e-08,0.0,5.1962317031696396e-09,1.3618712255649753e-12
641,38520.0,38520,26.253891935268893,26.253891935270254,57.42535694181206,0.0,26.25389200016279,6.48925369750647e-08,0.0,5.196231699610082e-09,1.3618264973669287e-12
642,38580.0,38580,26.250866304360148,26.250866304361512,57.79728707739927,0.0,26.250866369254048,6.489253599629206e-08,0.0,5.196231696135069e-09,1.3617805978547128e-12
643,38640.0,38640,26.2484490409708,26.248449040972158,58.16917434988194,0.0,26.2484491058647,6.489253502593012e-08,0.0,5.1962316927644015e-09,1.361732974349252e-12
644,38700.0,38700,26.2466336988787,26.246633698880057,58.541027377799914,0.0,26.246633763772593,6.489253406391964e-08,0.0,5.196231689509962e-09,1.3616830790450918e-12
645,38760.0,38760,26.245413056383022,26.245413056384386,58.91285468837159,0.0,26.245413121276922,6.489253311020002e-08,0.0,5.196231686376311e-09,1.361630517225383e-12
646,38820.0,38820,26.244779527976593,26.244779527977954,59.28466470650791,0.0,26.244779592870493,6.489253216470169e-08,0.0,5.1962316833626765e-09,1.3615748884911173e-12
647,38880.0,38880,26.244725513231923,26.244725513233288,59.65646574965849,0.0,26.24472557812582,6.48925312273561e-08,0.0,5.196231680463073e-09,1.3615159143606764e-12
648,38940.0,38940,26.24524367449696,26.24524367449832,60.02826602760017,0.0,26.24524373939085,6.489253029810165e-08,0.0,5.196231677667772e-09,1.36145335904656e-12
649,39000.0,39000,26.246327140979588,26.246327140980952,60.40007364615977,0.0,26.24632720587348,6.489252937687426e-08,0.0,5.19623167496429e-09,1.3613871234496009e-12
650,39060.0,39060,26.24796964256841,26.247969642569768,60.77189661382787,0.0,26.2479697074623,6.489252846361882e-08,0.0,5.196231672339241e-09,1.3613171187316946e-12
651,39120.0,39120,26.25016558137979,26.250165581381147,61.14374285026848,0.0,26.25016564627368,6.489252755827303e-08,0.0,5.196231669778417e-09,1.361243318706426e-12
652,39180.0,39180,26.252910052078214,26.25291005207957,61.51562019584225,0.0,26.252910116972103,6.489252666079105e-08,0.0,5.196231667267873e-09,1.3611657695317745e-12
653,39240.0,39240,26.25619882312687,26.256198823128233,61.88753642141759,0.0,26.25619888802076,6.489252577112779e-08,0.0,5.196231664794606e-09,1.3610845342888322e-12
654,39300.0,39300,26.26002829061061,26.26002829061197,62.25949923791612,0.0,26.26002835550449,6.489252488924157e-08,0.0,5.196231662347427e-09,1.3609996702361788e-12
655,39360.0,39360,26.264395414519047,26.26439541452041,62.631516305203995,0.0,26.26439547941293,6.489252401509004e-08,0.0,5.196231659916131e-09,1.360911262728598e-12
656,39420.0,39420,26.269297645111763,26.269297645113127,63.00359524008058,0.0,26.269297710005645,6.489252314864978e-08,0.0,5.1962316574921115e-09,1.3608194133141318e-12
657,39480.0,39480,26.274732844469888,26.274732844471252,63.37574362322388,0.0,26.27473290936377,6.489252228988704e-08,0.0,5.19623165506878e-09,1.3607242113883507e-12
658,39540.0,39540,26.280699206089913,26.280699206091278,63.74796900502477,0.0,26.280699270983796,6.489252143878082e-08,0.0,5.196231652640842e-09,1.3606257118864012e-12
659,39600.0,39600,26.28719517352578,26.287195173527145,64.12027891028194,0.0,26.287195238419663,6.489252059531527e-08,0.0,5.1962316502042525e-09,1.3605240340576912e-12
660,39660.0,39660,26.294219357525847,26.29421935752721,64.49268084174444,0.0,26.294219422419733,6.489251975947937e-08,0.0,5.1962316477568145e-09,1.360419230700689e-12
661,39720.0,39720,26.301770449759633,26.30177044976099,64.86518228248029,0.0,26.30177051465351,6.489251893127347e-08,0.0,5.1962316452972376e-09,1.3603113756221887e-12
662,39780.0,39780,26.30984712976617,26.309847129767533,65.23779069702279,0.0,26.30984719466005,6.489251811070653e-08,0.0,5.196231642825478e-09,1.3602005395340819e-12
663,39840.0,39840,26.318447959757716,26.318447959759073,65.61051353119869,0.0,26.31844802465159,6.489251729780607e-08,0.0,5.19623164034257e-09,1.360086773592023e-12
664,39900.0,39900,26.32757125854751,26.32757125854887,65.98335821046616,0.0,26.32757132344139,6.489251649261e-08,0.0,5.19623163785075e-09,1.359970155712792e-12
665,39960.0,39960,26.337214940239573,26.33721494024093,66.35633213646648,0.0,26.337215005133444,6.489251569519442e-08,0.0,5.1962316353531196e-09,1.3598507563653428e-12
666,40020.0,40020,26.347376293785047,26.34737629378641,66.72944268129078,0.0,26.347376358678925,6.489251490566712e-08,0.0,5.196231632854283e-09,1.359728680020929e-12
667,40080.0,40080,26.358051663695623,26.35805166369698,67.10269717862361,0.0,26.35805172858949,6.489251412419271e-08,0.0,5.196231630360613e-09,1.359604091771616e-12
668,40140.0,40140,26.36923596664865,26.369235966650006,67.47610291036352,0.0,26.36923603154252,6.489251335101776e-08,0.0,5.196231627881234e-09,1.359477235564923e-12
669,40200.0,40200,26.38092193749076,26.380921937492126,67.84966708639529,0.0,26.380922002384633,6.489251258651351e-08,0.0,5.1962316254291045e-09,1.3593484178619382e-12
670,40260.0,40260,26.39309893058318,26.393098930584536,68.22339681368062,0.0,26.393098995477047,6.489251183123717e-08,0.0,5.1962316230221736e-09,1.3592179144032038e-12
671,40320.0,40320,26.405750986517102,26.40575098651846,68.59729904836813,0.0,26.405751051410974,6.489251108605517e-08,0.0,5.1962316206825255e-09,1.3590842688644522e-12
672,40380.0,40380,26.41885366284,26.418853662841364,68.97138052051467,0.0,26.41885372773387,6.489251035232094e-08,0.0,5.196231618406932e-09,1.3589291878358827e-12
673,40440.0,40440,26.432368714232247,26.432368714233604,69.34564761390914,0.0,26.43236877912611,6.489250963225635e-08,0.0,5.196231615885539e-09,1.3585691477670591e-12
674,40500.0,40500,26.44623485098125,26.446234850982606,69.72010617053164,0.0,26.44623491587512,6.489250892958725e-08,0.0,5.19623160974682e-09,1.3561915609074253e-12
675,40560.0,40560,26.460350909245268,26.460350909246603,70.09476116409144,0.0,26.46035097413911,6.489250825086192e-08,0.0,5.196231566404463e-09,1.3338709281875007e-12
676,40620.0,40620,26.474543123004835,26.47454312300595,70.4696161351433,0.0,26.47454318789846,6.489250760812424e-08,0.0,5.19623115350403e-09,1.1141988039783683e-12
677,40680.0,40680,26.488494800065546,26.488494800064483,70.84467216255676,0.0,26.48849486495699,6.48925070249037e-08,0.0,5.196227081861092e-09,-1.0589382515877497e-12
678,40740.0,40740,26.50157014534332,26.501570145320752,71.21992583872854,0.0,26.50157021021326,6.489250655086209e-08,0.0,5.19618679369437e-09,-2.2569280273872344e-11
679,40800.0,40800,26.51227332316026,26.512273322924752,71.59536474895813,0.0,26.51227338781726,6.489250630116739e-08,0.0,5.195788002346853e-09,-2.3551285696291453e-10
680,40860.0,40860,26.516145087071784,26.516145084726645,71.97095528753711,0.0,26.516145149619152,6.489250656935026e-08,0.0,5.1918401568583685e-09,-2.345136016522504e-09
681,40920.0,40920,26.494881502904125,26.494881479496833,72.34660067607496,0.0,26.49488154438934,6.489250813844345e-08,0.0,5.152731967935453e-09,-2.3407290002783614e-08
682,40980.0,40980,26.335735715508182,26.335735454850973,72.72194483020537,0.0,26.335735519743487,6.489251296821239e-08,0.0,4.762588331386363e-09,-2.6065720881225323e-07
683,41040.0,41040,40.000002194664354,-259.9999975184591,73.0950344156533,300.0,2.960252046456672e-08,259.9999975480617,0.0,4.182846629460422e-10,2.8687650314287964e-07
684,41100.0,41100,40.00000219466229,-259.99999751845047,68.76170112360475,300.0,2.960459927540962e-08,259.9999975480551,0.0,5.200969167715114e-09,2.868872301122489e-07
685,41160.0,41160,40.000002193272685,-259.9999975121628,64.42836783155633,300.0,3.099420905726438e-08,259.999997543157,0.0,9.983543242970547e-09,2.945645424321171e-07
686,41220.0,41220,40.000002191161975,-259.9999975017928,60.09503453960924,300.0,3.3104933744082226e-08,259.9999975348977,0.0,1.489388169815989e-08,3.0704527470064045e-07
687,41280.0,41280,40.0000021883869,-259.9999974863301,55.761701247829706,300.0,3.5880027258692617e-08,259.9999975222101,0.0,2.0012085379420532e-08,3.25283064359004e-07
688,41340.0,41340,40.00000218484493,-259.9999974625779,51.428367956300946,300.0,3.942202793557499e-08,259.99999750199987,0.0,2.5434130490451866e-08,3.525772409413336e-07
689,41400.0,41400,40.000002180323634,-259.9999974223288,47.0950346651592,300.0,4.394337497893915e-08,259.99999746627213,0.0,3.1310973641704256e-08,3.9734757785821923e-07
690,41460.0,41460,40.000002174497205,-259.999997338958,42.76170137467697,300.0,4.9769876186431537e-08,259.9999973887279,0.0,3.7933896601574427e-08,4.865447977676237e-07
691,41520.0,41520,40.00000216706089,-259.9999970617773,38.42836808556969,300.0,5.720629694452806e-08,259.99999711898363,0.0,4.604335748995467e-08,7.711617412581529e-07
692,41580.0,41580,40.000002159386334,-194.99999139377294,34.095034801063484,300.0,6.488736451359198e-08,194.99999145866033,0.0,5.889636089601516e-08,65.00000644684071
693,41640.0,41640,40.00000214249879,-2.3294418099312624e-07,30.845034944338153,54.99999999999986,8.177139952783921e-08,3.1471558469150316e-07,0.0,1.0833334996772859,14.999997624556881
694,41700.0,41700,40.000002053701294,6.578716678204514e-08,30.84503494025109,0.0,1.7058059399050137e-07,1.0479342989909109e-07,0.0,1.3333334600867655,-40.00000198791412
695,41760.0,41760,40.000001851192934,2.945719557119086e-07,30.84503494092087,0.0,3.731452950693267e-07,7.85733412478727e-08,0.0,0.6666667602883501,-40.00000155662097
696,41820.0,41820,24.91522959021218,24.915226016640286,30.84503494489731,0.0,24.915226081533405,6.489311721271006e-08,0.0,6.767810629758996e-08,-3.5735718934017896e-06
697,41880.0,41880,25.069903573425915,25.069903416376572,31.198000646637247,0.0,25.069903481269407,6.4892831698922e-08,0.0,8.118604423372363e-09,-1.570493398675354e-07
698,41940.0,41940,26.00843081925443,26.00843080282313,31.553157611540126,0.0,26.008430867715774,6.489264277349942e-08,0.0,5.501072079006996e-09,-1.6431296297290994e-08
699,42000.0,42000,25.98417405375165,25.984174052084047,31.921610381084324,0.0,25.98417411697661,6.489256360723988e-08,0.0,5.227187566071617e-09,-1.6676061071809331e-09
700,42060.0,42060,25.848015300411017,25.848015300243443,32.28971951332639,0.0,25.848015365135968,6.489252622156827e-08,0.0,5.199370377846629e-09,-1.6757326431572886e-10
701,42120.0,42120,25.735119261300195,25.735119261284325,32.65589972991739,0.0,25.735119326176832,6.489250615621191e-08,0.0,5.1965549381372446e-09,-1.5870407112358487e-11
702,42180.0,42180,25.6794559069752,25.67945590697472,33.02048058595645,0.0,25.679455971867217,6.489249447039264e-08,0.0,5.196267951766632e-09,-4.809634303064919e-13
703,42240.0,42240,25.638798350476232,25.63879835047736,33.38427287780947,0.0,25.63879841536984,6.489248716240069e-08,0.0,5.196237357961727e-09,1.1228739102966359e-12
704,42300.0,42300,25.599659809779638,25.59965980978095,33.7474891876121,0.0,25.599659874673428,6.489248228261835e-08,0.0,5.196233445376764e-09,1.3104700217055032e-12
705,42360.0,42360,25.5587381855607,25.558738185562042,34.11015103475488,0.0,25.55873825045452,6.489247885827921e-08,0.0,5.196232639621944e-09,1.3412558423490764e-12
706,42420.0,42420,25.515826187602684,25.515826187604034,34.47223315888788,0.0,25.51582625249651,6.48924763286178e-08,0.0,5.19623233635153e-09,1.3502830153450155e-12
707,42480.0,42480,25.471548126330987,25.47154812633234,34.83370736304982,0.0,25.471548191224816,6.48924743354909e-08,0.0,5.196232176398091e-09,1.3545614691620118e-12
708,42540.0,42540,25.426588381732,25.42658838173336,35.19455429467706,0.0,25.426588446625832,6.48924726584854e-08,0.0,5.196232082659307e-09,1.357054088906343e-12
709,42600.0,42600,25.381424454631897,25.381424454633255,35.55476429658916,0.0,25.381424519525723,6.489247116900922e-08,0.0,5.196232026548259e-09,1.358577437042751e-12
710,42660.0,42660,25.336364020734504,25.336364020735864,35.91433447620067,0.0,25.336364085628333,6.489246979381942e-08,0.0,5.196231992542498e-09,1.3594840176618977e-12
711,42720.0,42720,25.29166496527726,25.29166496527862,36.27326629966531,0.0,25.29166503017109,6.489246849100918e-08,0.0,5.1962319707247656e-09,1.360016434397507e-12
712,42780.0,42780,25.24756154225486,25.24756154225622,36.63156488651096,0.0,25.24756160714869,6.489246723587198e-08,0.0,5.196231955085485e-09,1.3603597773001457e-12
713,42840.0,42840,25.204225954236886,25.204225954238247,36.9892386748638,0.0,25.20422601913071,6.489246601309062e-08,0.0,5.196231942612786e-09,1.3606254089323062e-12
714,42900.0,42900,25.161747720635336,25.161747720636697,37.346298542386386,0.0,25.16174778552916,6.489246481257492e-08,0.0,5.196231932094679e-09,1.3608588901798532e-12
715,42960.0,42960,25.12015091510903,25.120150915110393,37.70275663493294,0.0,25.120150980002855,6.489246362734192e-08,0.0,5.196231923056916e-09,1.3610693748108457e-12
716,43020.0,43020,25.079425795737805,25.079425795739162,38.05862543940121,0.0,25.079425860631627,6.48924624524254e-08,0.0,5.196231915184048e-09,1.3612548945940593e-12
717,43080.0,43080,25.03955358438031,25.039553584381675,38.41391730467839,0.0,25.039553649274136,6.489246128427552e-08,0.0,5.1962319081468946e-09,1.3614144175882829e-12
718,43140.0,43140,25.000518958848705,25.000518958850066,38.768644313628,0.0,25.000519023742527,6.489246012035562e-08,0.0,5.1962319016169645e-09,1.3615503624331504e-12
719,43200.0,43200,24.962313595145567,24.962313595146927,39.122818332049256,0.0,24.96231366003939,6.489245895886013e-08,0.0,5.196231895317982e-09,1.3616671701153048e-12
720,43260.0,43260,24.924935316389373,24.924935316390737,39.47645110781805,0.0,24.924935381283195,6.489245779851796e-08,0.0,5.196231889051628e-09,1.3617696857405583e-12
721,43320.0,43320,24.888385848878535,24.8883858488799,39.829554357971126,0.0,24.888385913772357,6.48924566384251e-08,0.0,5.196231882698104e-09,1.3618620392773235e-12
722,43380.0,43380,24.85266860936436,24.852668609365722,40.18213982400113,0.0,24.85266867425818,6.48924554779345e-08,0.0,5.196231876201622e-09,1.3619473178899783e-12
723,43440.0,43440,24.817787012765162,24.817787012766523,40.53421929580469,0.0,24.817787077658977,6.489245431657297e-08,0.0,5.1962318695506e-09,1.3620276262531431e-12
724,43500.0,43500,24.783743363064474,24.783743363065835,40.88580461165642,0.0,24.783743427958292,6.489245315398752e-08,0.0,5.196231862760623e-09,1.3621042802910804e-12
725,43560.0,43560,24.7505382360723,24.75053823607366,41.23690764247073,0.0,24.75053830096611,6.489245198990163e-08,0.0,5.196231855862554e-09,1.3621779827046583e-12
726,43620.0,43620,24.718170227274737,24.7181702272761,41.58754026731931,0.0,24.718170292168548,6.489245082409387e-08,0.0,5.196231848892554e-09,1.3622490869964502e-12
727,43680.0,43680,24.686635946734686,24.686635946736047,41.9377143453766,0.0,24.686636011628497,6.489244965637102e-08,0.0,5.196231841888031e-09,1.362317611827277e-12
728,43740.0,43740,24.655930165506035,24.655930165507396,42.28744168779291,0.0,24.655930230399843,6.489244848657365e-08,0.0,5.196231834882647e-09,1.3623835037147998e-12
729,43800.0,43800,24.626046042747706,24.62604604274907,42.6367340316418,0.0,24.626046107641518,6.489244731455264e-08,0.0,5.196231827906448e-09,1.3624465477010913e-12
730,43860.0,43860,24.596975385019363,24.596975385020727,42.985603017084955,0.0,24.59697544991317,6.489244614018264e-08,0.0,5.196231820983886e-09,1.3625065557269244e-12
731,43920.0,43920,24.56870890729837,24.568708907299733,43.334060168210286,0.0,24.56870897219218,6.48924449633359e-08,0.0,5.1962318141348475e-09,1.3625632442379074e-12
732,43980.0,43980,24.541236478618732,24.541236478620096,43.68211687756791,0.0,24.541236543512536,6.489244378390185e-08,0.0,5.196231807374013e-09,1.3626164443972192e-12
733,44040.0,44040,24.514547344152017,24.51454734415338,44.0297843941859,0.0,24.514547409045825,6.48924426017717e-08,0.0,5.196231800712359e-09,1.3626659416425522e-12
734,44100.0,44100,24.488630321009083,24.488630321010447,44.37707381473228,0.0,24.488630385902887,6.489244141684933e-08,0.0,5.19623179415716e-09,1.3627115689256608e-12
735,44160.0,44160,24.463473967860985,24.46347396786235,44.723996077450806,0.0,24.46347403275479,6.48924402290404e-08,0.0,5.196231787712592e-09,1.362753191707516e-12
736,44220.0,44220,24.439066729811167,24.439066729812534,45.07056195849973,0.0,24.43906679470497,6.48924390382533e-08,0.0,5.196231781380678e-09,1.362790689260328e-12
737,44280.0,44280,24.415397060312998,24.41539706031436,45.41678207034295,0.0,24.415397125206795,6.489243784440162e-08,0.0,5.19623177516116e-09,1.3628239626727752e-12
738,44340.0,44340,24.392453521986116,24.39245352198748,45.762666861868276,0.0,24.39245358687992,6.489243664740198e-08,0.0,5.1962317690521864e-09,1.3628529777892156e-12
739,44400.0,44400,24.37022486813522,24.370224868136585,46.10822661993397,0.0,24.37022493302902,6.48924354471745e-08,0.0,5.196231763051046e-09,1.362877638390322e-12
740,44460.0,44460,24.348700106752737,24.348700106754098,46.453471472070106,0.0,24.34870017164653,6.489243424364239e-08,0.0,5.196231757153691e-09,1.362897948987071e-12
741,44520.0,44520,24.327868548831173,24.327868548832537,46.79841139008667,0.0,24.32786861372497,6.48924330367299e-08,0.0,5.196231751355689e-09,1.36291387689991e-12
742,44580.0,44580,24.307719842850815,24.30771984285218,47.143056194366004,0.0,24.307719907744612,6.489243182636434e-08,0.0,5.196231745652003e-09,1.3629254365070766e-12
743,44640.0,44640,24.28824399738852,24.288243997389884,47.48741555864395,0.0,24.288244062282313,6.489243061247133e-08,0.0,5.1962317400378115e-09,1.362932608205738e-12
744,44700.0,44700,24.2694313937548,24.26943139375616,47.831499015111184,0.0,24.269431458648594,6.48924293949796e-08,0.0,5.196231734507261e-09,1.362935430145098e-12
745,44760.0,44760,24.25127279056881,24.251272790570173,48.1753159596936,0.0,24.251272855462602,6.489242817382197e-08,0.0,5.196231729055615e-09,1.3629339092424108e-12
746,44820.0,44820,24.233759321955194,24.233759321956555,48.51887565739756,0.0,24.233759386848984,6.489242694892513e-08,0.0,5.196231723677494e-09,1.3629280793072408e-12
747,44880.0,44880,24.21688249099822,24.21688249099958,48.86218724762948,0.0,24.216882555892006,6.489242572022464e-08,0.0,5.196231718367817e-09,1.3629179648747168e-12
748,44940.0,44940,24.200634159758568,24.20063415975993,49.20525974942285,0.0,24.200634224652354,6.489242448764992e-08,0.0,5.196231713121936e-09,1.362903594660885e-12
749,45000.0,45000,24.18500653701028,24.185006537011642,49.548102066523654,0.0,24.185006601904067,6.489242325113313e-08,0.0,5.196231707935202e-09,1.3628850061682735e-12
750,45060.0,45060,24.1699921646165,24.16999216461786,49.890722992302194,0.0,24.16999222951028,6.489242201060504e-08,0.0,5.196231702803352e-09,1.362862234653631e-12
751,45120.0,45120,24.155583903221117,24.155583903222478,50.23313121447182,0.0,24.1555839681149,6.489242076600367e-08,0.0,5.196231697722428e-09,1.3628353057473151e-12
752,45180.0,45180,24.14177491783591,24.141774917837274,50.57533531960501,0.0,24.141774982729693,6.489241951725705e-08,0.0,5.196231692688338e-09,1.362804259409692e-12
753,45240.0,45240,24.128558663642266,24.12855866364363,50.91734379744525,0.0,24.128558728536046,6.489241826430044e-08,0.0,5.196231687697941e-09,1.3627691189696507e-12
754,45300.0,45300,24.115928872313887,24.115928872315248,51.25916504501774,0.0,24.115928937207663,6.489241700706598e-08,0.0,5.196231682747578e-09,1.362729924320086e-12
755,45360.0,45360,24.103879539009487,24.103879539010848,51.60080737054641,0.0,24.103879603903266,6.48924157454879e-08,0.0,5.196231677834063e-09,1.362686697654904e-12
756,45420.0,45420,24.092404910097503,24.092404910098868,51.94227899718661,0.0,24.092404974991283,6.489241447950079e-08,0.0,5.196231672954684e-09,1.3626394698205751e-12
757,45480.0,45480,24.081499471718253,24.081499471719614,52.28358806658389,0.0,24.08149953661203,6.489241320903505e-08,0.0,5.1962316681066e-09,1.3625882648749682e-12
758,45540.0,45540,24.071157939118994,24.071157939120358,52.62474264227079,0.0,24.07115800401277,6.489241193402562e-08,0.0,5.1962316632871e-09,1.3625331166013071e-12
759,45600.0,45600,24.061375246793293,24.061375246794654,52.96575071291253,0.0,24.061375311687062,6.489241065440361e-08,0.0,5.196231658493945e-09,1.362474033500249e-12
760,45660.0,45660,24.052146539375055,24.05214653937642,53.306620195413,0.0,24.052146604268827,6.489240937010431e-08,0.0,5.19623165372468e-09,1.362411058395567e-12
761,45720.0,45720,24.04346716322933,24.04346716323069,53.6473589378917,0.0,24.043467228123102,6.48924080810619e-08,0.0,5.196231648977197e-09,1.3623441866173622e-12
762,45780.0,45780,24.03533265872865,24.035332658730013,53.98797472254167,0.0,24.035332723622417,6.489240678720476e-08,0.0,5.196231644249129e-09,1.3622734787017938e-12
763,45840.0,45840,24.027738753130414,24.027738753131775,54.32847526837789,0.0,24.02773881802418,6.489240548847091e-08,0.0,5.196231639538968e-09,1.3621989037339443e-12
764,45900.0,45900,24.0206813540305,24.02068135403186,54.6688682338848,0.0,24.02068141892427,6.489240418478976e-08,0.0,5.196231634844562e-09,1.3621205142024653e-12
765,45960.0,45960,24.014156543345802,24.014156543347163,55.009161219571126,0.0,24.014156608239563,6.489240287609691e-08,0.0,5.196231630164146e-09,1.3620383130145396e-12
766,46020.0,46020,24.00816057176303,24.008160571764396,55.34936177043942,0.0,24.008160636656797,6.489240156232244e-08,0.0,5.1962316254958704e-09,1.3619523052092256e-12
767,46080.0,46080,24.002689853647414,24.002689853648775,55.68947737837696,0.0,24.002689918541176,6.489240024340231e-08,0.0,5.1962316208380975e-09,1.361862530783517e-12
768,46140.0,46140,23.997740962342565,23.997740962343926,56.02951548447452,0.0,23.997741027236323,6.489239891926487e-08,0.0,5.196231616189322e-09,1.3617689816957693e-12
769,46200.0,46200,23.993310625840646,23.993310625842007,56.3694834812786,0.0,23.993310690734404,6.489239758984643e-08,0.0,5.196231611548079e-09,1.3616716594336862e-12
770,46260.0,46260,23.98939572279809,23.98939572279945,56.70938871498225,0.0,23.989395787691848,6.489239625507569e-08,0.0,5.1962316069124755e-09,1.3615706033641152e-12
771,46320.0,46320,23.98599327884598,23.985993278847342,57.04923848755944,0.0,23.98599334373974,6.489239491488826e-08,0.0,5.1962316022813054e-09,1.3614657974657252e-12
772,46380.0,46380,23.98310046320451,23.983100463205872,57.38904005884733,0.0,23.983100528098266,6.489239356921148e-08,0.0,5.196231597653064e-09,1.3613572690388314e-12
773,46440.0,46440,23.980714585530674,23.980714585532034,57.728800648580275,0.0,23.980714650424428,6.489239221798302e-08,0.0,5.196231593026456e-09,1.3612450041536445e-12
774,46500.0,46500,23.978833093023823,23.97883309302518,58.06852743837953,0.0,23.978833157917574,6.489239086113089e-08,0.0,5.196231588399893e-09,1.3611290142912056e-12
775,46560.0,46560,23.977453567740152,23.977453567741517,58.408227573701595,0.0,23.977453632633903,6.48923894985845e-08,0.0,5.196231583772167e-09,1.3610093107281061e-12
776,46620.0,46620,23.976573724102334,23.976573724103694,58.747908165748804,0.0,23.97657378899608,6.48923881302822e-08,0.0,5.196231579141772e-09,1.3608858972191233e-12
777,46680.0,46680,23.976191406608734,23.976191406610095,59.087576293344476,0.0,23.976191471502485,6.489238675614963e-08,0.0,5.196231574507762e-09,1.3607587720831619e-12
778,46740.0,46740,23.976304587685934,23.97630458768729,59.42723900477567,0.0,23.976304652579678,6.489238537612099e-08,0.0,5.196231569868456e-09,1.3606279311700967e-12
779,46800.0,46800,23.976911365728917,23.976911365730277,59.76690331960545,0.0,23.97691143062266,6.489238399012431e-08,0.0,5.196231565222822e-09,1.3604933848400349e-12
780,46860.0,46860,23.97800996325112,23.978009963252482,60.106576230457506,0.0,23.978010028144865,6.489238259809382e-08,0.0,5.19623156056957e-09,1.3603551263661345e-12
781,46920.0,46920,23.979598725206955,23.979598725208316,60.44626470477446,0.0,23.9795987901007,6.48923811999572e-08,0.0,5.196231555907363e-09,1.36021316281689e-12
782,46980.0,46980,23.981676117401754,23.98167611740311,60.78597568655244,0.0,23.98167618229549,6.489237979564798e-08,0.0,5.196231551235126e-09,1.3600674864890306e-12
783,47040.0,47040,23.984240725044167,23.984240725045527,61.125716098053196,0.0,23.984240789937903,6.48923783850966e-08,0.0,5.196231546551482e-09,1.3599180819784877e-12
784,47100.0,47100,23.98729125140043,23.98729125140179,61.46549284149555,0.0,23.987291316294165,6.489237696822936e-08,0.0,5.196231541855398e-09,1.3597649661953491e-12
785,47160.0,47160,23.990826516543244,23.990826516544605,61.805312800727954,0.0,23.99082658143698,6.489237554498187e-08,0.0,5.196231537145452e-09,1.3596081263006141e-12
786,47220.0,47220,23.994845456218158,23.99484545621952,62.1451828428832,0.0,23.994845521111895,6.489237411528247e-08,0.0,5.196231532420526e-09,1.3594475610521872e-12
787,47280.0,47280,23.999347120773013,23.999347120774374,62.48510982001719,0.0,23.99934718566675,6.489237267905751e-08,0.0,5.196231527679544e-09,1.3592832504438409e-12
788,47340.0,47340,24.00433067420406,24.00433067420542,62.825100570732374,0.0,24.00433073909779,6.489237123624256e-08,0.0,5.196231522921127e-09,1.3591152038119254e-12
789,47400.0,47400,24.00979539327251,24.009795393273865,63.16516192178782,0.0,24.009795458166234,6.489236978676429e-08,0.0,5.196231518144243e-09,1.35894340399149e-12
790,47460.0,47460,24.015740666704378,24.015740666705735,63.505300689696746,0.0,24.015740731598104,6.489236833055381e-08,0.0,5.196231513347515e-09,1.3587678583426753e-12
791,47520.0,47520,24.022165994462267,24.022165994463627,63.845523682312624,0.0,24.022166059355992,6.489236686753914e-08,0.0,5.196231508530167e-09,1.3585885254574122e-12
792,47580.0,47580,24.029070987105058,24.029070987106415,64.18583770040506,0.0,24.02907105199878,6.489236539764865e-08,0.0,5.196231503690477e-09,1.358405438651745e-12
793,47640.0,47640,24.036455365221833,24.036455365223194,64.52624953922661,0.0,24.036455430115556,6.489236392081382e-08,0.0,5.196231498827672e-09,1.3582185466284678e-12
794,47700.0,47700,24.044318958920226,24.044318958921583,64.86676599007149,0.0,24.044319023813944,6.489236243696647e-08,0.0,5.196231493940416e-09,1.3580278588856638e-12
795,47760.0,47760,24.05266170740838,24.05266170740974,65.20739384182707,0.0,24.052661772302102,6.489236094602669e-08,0.0,5.196231489027417e-09,1.3578333704432181e-12
796,47820.0,47820,24.06148365863299,24.061483658634348,65.54813988251959,0.0,24.06148372352671,6.489235944793146e-08,0.0,5.196231484087772e-09,1.3576350530827321e-12
797,47880.0,47880,24.070784968990896,24.070784968992253,65.88901090085446,0.0,24.07078503388461,6.48923579426095e-08,0.0,5.196231479119932e-09,1.3574328955170937e-12
798,47940.0,47940,24.0805659031121,24.080565903113456,66.23001368775272,0.0,24.08056596800581,6.489235642998745e-08,0.0,5.196231474122863e-09,1.3572268866891791e-12
799,48000.0,48000,24.090826833704412,24.09082683370577,66.57115503788437,0.0,24.090826898598124,6.489235490999232e-08,0.0,5.1962314690954454e-09,1.3570170230046038e-12
800,48060.0,48060,24.101568241473224,24.10156824147458,66.91244175119941,0.0,24.101568306366932,6.489235338255693e-08,0.0,5.196231464036173e-09,1.3568032716857538e-12
801,48120.0,48120,24.11279071510172,24.112790715103078,67.25388063445784,0.0,24.11279077999543,6.48923518476076e-08,0.0,5.196231458944186e-09,1.3565856195502438e-12
802,48180.0,48180,24.124494951302683,24.124494951304037,67.59547850275935,0.0,24.124495016196388,6.489235030507375e-08,0.0,5.196231453817975e-09,1.3563640621089936e-12
803,48240.0,48240,24.136681754943055,24.136681754944412,67.9372421810737,0.0,24.13668181983676,6.489234875488406e-08,0.0,5.196231448656423e-09,1.3561385784876268e-12
804,48300.0,48300,24.149352039222723,24.14935203922408,68.27917850577295,0.0,24.149352104116428,6.489234719696519e-08,0.0,5.196231443458281e-09,1.355909129328657e-12
805,48360.0,48360,24.16250682594138,24.162506825942735,68.62129432616616,0.0,24.16250689083508,6.489234563124897e-08,0.0,5.1962314382221285e-09,1.3556757152992328e-12
806,48420.0,48420,24.17614724581212,24.176147245813475,68.9635965060379,0.0,24.17614731070582,6.489234405766064e-08,0.0,5.196231432946718e-09,1.3554383260735855e-12
807,48480.0,48480,24.190274538856123,24.190274538857476,69.30609192519114,0.0,24.19027460374982,6.489234247613204e-08,0.0,5.1962314276308856e-09,1.3551969134960874e-12
808,48540.0,48540,24.20489005487456,24.204890054875914,69.64878748099582,0.0,24.204890119768255,6.489234088658946e-08,0.0,5.196231422273168e-09,1.3549514739890716e-12
809,48600.0,48600,24.21999525396931,24.219995253970666,69.9916900899441,0.0,24.219995318863006,6.489233928896231e-08,0.0,5.196231416872275e-09,1.354701976404394e-12
810,48660.0,48660,24.2355917071543,24.235591707155653,70.3348066892129,0.0,24.23559177204799,6.489233768317862e-08,0.0,5.196231411426785e-09,1.3544484111248397e-12
811,48720.0,48720,24.25168109702652,24.251681097027873,70.67814423823515,0.0,24.25168116192021,6.489233606916949e-08,0.0,5.196231405935449e-09,1.3541907334290425e-12
812,48780.0,48780,24.268265218512905,24.26826521851426,71.02170972028058,0.0,24.268265283406596,6.489233444686264e-08,0.0,5.196231400396591e-09,1.3539289414307324e-12
813,48840.0,48840,24.285345979684767,24.285345979686117,71.36551014404706,0.0,24.285346044578453,6.489233281618433e-08,0.0,5.1962313948090454e-09,1.3536629964688758e-12
814,48900.0,48900,24.30292540264828,24.30292540264963,71.7095525452635,0.0,24.302925467541968,6.489233117706778e-08,0.0,5.1962313891713505e-09,1.3533928750677006e-12
815,48960.0,48960,24.321005624512647,24.321005624514004,72.05384398830525,0.0,24.32100568940633,6.489232952943895e-08,0.0,5.196231383481828e-09,1.3531185524215e-12
816,49020.0,49020,24.339588898411233,24.33958889841259,72.39839156782341,0.0,24.339588963304912,6.489232787322963e-08,0.0,5.19623137773927e-09,1.352839984443598e-12
817,49080.0,49080,24.3586775946179,24.35867759461925,72.74320241038846,0.0,24.358677659511578,6.489232620836959e-08,0.0,5.196231371941914e-09,1.3525571565082377e-12
818,49140.0,49140,24.37827420171532,24.378274201716675,73.08828367614977,0.0,24.378274266609,6.489232453478409e-08,0.0,5.196231366088123e-09,1.3522700416147404e-12
819,49200.0,49200,24.398381327850263,24.398381327851617,73.43364256051164,0.0,24.39838139274394,6.489232285241012e-08,0.0,5.196231360176476e-09,1.351978596941327e-12
820,49260.0,49260,24.41900170203972,24.419001702041072,73.77928629582708,0.0,24.41900176693339,6.489232116117294e-08,0.0,5.19623135420534e-09,1.3516827969166408e-12
821,49320.0,49320,24.44013817555533,24.440138175556683,74.1252221531102,0.0,24.440138240449002,6.489231946100471e-08,0.0,5.196231348172947e-09,1.3513826053702043e-12
822,49380.0,49380,24.46179372336309,24.46179372336444,74.47145744376813,0.0,24.46179378825676,6.489231775183724e-08,0.0,5.196231342077619e-09,1.351077985143538e-12
823,49440.0,49440,24.483971445625418,24.483971445626764,74.81799952135334,0.0,24.48397151051908,6.489231603360029e-08,0.0,5.196231335917635e-09,1.3507688994753157e-12
824,49500.0,49500,24.506674569249682,24.50667456925103,75.16485578333725,0.0,24.506674634143344,6.489231430622566e-08,0.0,5.1962313296911e-09,1.3504553077667395e-12
825,49560.0,49560,24.529906449483924,24.52990644948527,75.51203367290584,0.0,24.529906514377586,6.48923125696455e-08,0.0,5.196231323396163e-09,1.3501372007876207e-12
826,49620.0,49620,24.553670571548814,24.55367057155016,75.85954068077776,0.0,24.553670636442472,6.489231082379131e-08,0.0,5.196231317031232e-09,1.3498144954093714e-12
827,49680.0,49680,24.577970552283812,24.577970552285162,76.2073843470456,0.0,24.57797061717747,6.489230906859694e-08,0.0,5.1962313105941975e-09,1.349487179338825e-12
828,49740.0,49740,24.60281014180646,24.602810141807808,76.5555722630405,0.0,24.602810206700116,6.489230730399767e-08,0.0,5.1962313040831645e-09,1.3491551920621851e-12
829,49800.0,49800,24.62819322515118,24.62819322515253,76.90411207322033,0.0,24.628193290044837,6.489230552992392e-08,0.0,5.196231297496025e-09,1.3488184991841685e-12
830,49860.0,49860,24.65412382387098,24.65412382387233,77.25301147708086,0.0,24.654123888764634,6.489230374631337e-08,0.0,5.196231290830755e-09,1.3484770505153849e-12
831,49920.0,49920,24.680606097578934,24.680606097580284,77.60227823108993,0.0,24.680606162472582,6.48923019531016e-08,0.0,5.196231284085159e-09,1.3481308108833483e-12
832,49980.0,49980,24.70764434535948,24.70764434536083,77.95192015064319,0.0,24.707644410253128,6.489230015022079e-08,0.0,5.196231277257386e-09,1.3477797166921364e-12
833,50040.0,50040,24.735243007044694,24.735243007046037,78.30194511204,0.0,24.73524307193834,6.489229833761273e-08,0.0,5.1962312703449836e-09,1.3474237096840533e-12
834,50100.0,50100,24.76340666426889,24.763406664270235,78.65236105447737,0.0,24.763406729162526,6.489229651521372e-08,0.0,5.196231263345668e-09,1.3470627650576306e-12
835,50160.0,50160,24.792140041224716,24.792140041226062,79.00317598205874,0.0,24.79214010611836,6.489229468295969e-08,0.0,5.196231256257419e-09,1.3466968041003748e-12
836,50220.0,50220,24.8214480050472,24.82144800504854,79.35439796581365,0.0,24.821448069940836,6.489229284079521e-08,0.0,5.1962312490777366e-09,1.3463257866171153e-12
837,50280.0,50280,24.851335565697102,24.851335565698452,79.70603514572271,0.0,24.851335630590743,6.489229098865932e-08,0.0,5.196231241804428e-09,1.3459496351781379e-12
838,50340.0,50340,24.881807875206842,24.88180787520819,80.05809573274097,0.0,24.881807940100476,6.489228912649382e-08,0.0,5.196231234434822e-09,1.3455683016009008e-12
839,50400.0,50400,24.912870226084028,24.91287022608537,80.41058801081063,0.0,24.912870290977658,6.48922872542443e-08,0.0,5.196231226966682e-09,1.3451817444490954e-12
840,50460.0,50460,24.944528048683342,24.94452804868469,80.76352033885104,0.0,24.944528113576972,6.48922853718567e-08,0.0,5.19623121939764e-09,1.3447898658850812e-12
841,50520.0,50520,24.976786907206698,24.976786907208044,81.1169011527116,0.0,24.976786972100324,6.489228347927728e-08,0.0,5.196231211725328e-09,1.3443926077482727e-12
842,50580.0,50580,25.00965249397863,25.009652493979974,81.47073896706793,0.0,25.009652558872254,6.489228157645784e-08,0.0,5.1962312039471205e-09,1.343989927460288e-12
843,50640.0,50640,25.0431306215034,25.043130621504744,81.82504237723685,0.0,25.043130686397024,6.489227966334913e-08,0.0,5.196231196061037e-09,1.3435817096342847e-12
844,50700.0,50700,25.077227211656773,25.077227211658116,82.17982006087904,0.0,25.077227276550392,6.489227773990879e-08,0.0,5.19623118806428e-09,1.3431679344974768e-12
845,50760.0,50760,25.11194828117786,25.111948281179203,82.53508077954841,0.0,25.11194834607148,6.489227580609585e-08,0.0,5.196231179955213e-09,1.3427484852513942e-12
846,50820.0,50820,25.14729992231806,25.147299922319398,82.89083338003599,0.0,25.147299987211674,6.489227386187345e-08,0.0,5.196231171731211e-09,1.342323316339928e-12
847,50880.0,50880,25.183288277149288,25.183288277150627,83.24708679543971,0.0,25.1832883420429,6.489227190721162e-08,0.0,5.196231163390594e-09,1.3418923304212212e-12
848,50940.0,50940,25.219919503418975,25.219919503420318,83.60385004587023,0.0,25.219919568312587,6.489226994208663e-08,0.0,5.196231154931426e-09,1.3414554516810998e-12
849,51000.0,51000,25.257199729035584,25.257199729036923,83.96113223867289,0.0,25.257199793929193,6.4892267966484e-08,0.0,5.196231146352286e-09,1.3410125982116733e-12
850,51060.0,51060,25.29513499104419,25.29513499104553,84.31894256800513,0.0,25.295135055937795,6.489226598039923e-08,0.0,5.196231137651796e-09,1.340563676580264e-12
851,51120.0,51120,25.333731153047765,25.3337311530491,84.67729031354914,0.0,25.333731217941367,6.489226398384682e-08,0.0,5.19623112882888e-09,1.3401086082757641e-12
852,51180.0,51180,25.372993792131666,25.372993792133006,85.03618483805488,0.0,25.372993857025268,6.489226197686463e-08,0.0,5.196231119882937e-09,1.339647276674946e-12
853,51240.0,51240,25.412928041693153,25.412928041694492,85.39563558328098,0.0,25.41292810658675,6.489225995951397e-08,0.0,5.196231110813534e-09,1.339179593435397e-12
854,51300.0,51300,25.45353836902325,25.453538369024585,85.75565206370918,0.0,25.453538433916844,6.489225793190572e-08,0.0,5.1962311016205865e-09,1.3387054280291621e-12
855,51360.0,51360,25.494828254050358,25.494828254051697,86.1162438571079,0.0,25.494828318943952,6.489225589420517e-08,0.0,5.196231092304309e-09,1.3382246335275543e-12
856,51420.0,51420,25.536799714495118,25.536799714496457,86.47742059054451,0.0,25.53679977938871,6.4892253846682e-08,0.0,5.196231082864358e-09,1.337737016132666e-12
857,51480.0,51480,25.579452586427408,25.579452586428744,86.83919191967075,0.0,25.579452651320995,6.48922517897429e-08,0.0,5.196231073300044e-09,1.3372422313884344e-12
858,51540.0,51540,25.622783405255046,25.62278340525638,87.20156749781603,0.0,25.622783470148633,6.489224972402289e-08,0.0,5.196231063606804e-09,1.336739616815422e-12
859,51600.0,51600,25.666783616597527,25.666783616598863,87.56455692922805,0.0,25.66678368149111,6.489224765052377e-08,0.0,5.196231053771681e-09,1.3362263699821782e-12
860,51660.0,51660,25.71143663060662,25.711436630607956,87.9281696969674,0.0,25.7114366955002,6.489224557086066e-08,0.0,5.196231043736648e-09,1.3356822429930153e-12
861,51720.0,51720,25.75671281201342,25.75671281201475,88.29241504907189,0.0,25.756712876906995,6.489224348769835e-08,0.0,5.196231033108212e-09,1.3349209550978552e-12
862,51780.0,51780,25.802560630473682,25.802560630475014,88.65730181374632,0.0,25.802560695367255,6.489224140558363e-08,0.0,5.196231018388071e-09,1.3321255602849805e-12
863,51840.0,51840,25.848890282497372,25.848890282498683,89.02283808918226,0.0,25.848890347390924,6.489223933253082e-08,0.0,5.196230965793835e-09,1.3093623100449695e-12
864,51900.0,51900,25.89554149834522,25.89554149834631,89.3890307013552,0.0,25.895541563238545,6.489223728333708e-08,0.0,5.1962305426403356e-09,1.089203212386829e-12
865,51960.0,51960,25.942214859810875,25.94221485980979,89.75588420575264,0.0,25.942214924702025,6.48922352868897e-08,0.0,5.1962264590922726e-09,-1.0845201984157214e-12
866,52020.0,52020,25.98830684090168,25.988306840879083,90.12339891610415,0.0,25.988306905771317,6.489223340409952e-08,0.0,5.196186155813252e-09,-2.2595723901398186e-11
867,52080.0,52080,26.03243504946406,26.032435049228514,90.49156659618748,0.0,26.03243511412075,6.489223177635943e-08,0.0,5.195787341685041e-09,-2.35541072208405e-10
868,52140.0,52140,26.07064451961368,26.070644517268516,90.86035942588909,0.0,26.070644582160746,6.48922307685917e-08,0.0,5.191839450716012e-09,-2.3451694292160286e-09
869,52200.0,52200,26.086816918036135,26.08681689462879,91.22969355638793,0.0,26.08681695952102,6.489223141291558e-08,0.0,5.152731136501025e-09,-2.3407342243101383e-08
870,52260.0,52260,25.977670131953907,25.977669871296538,91.59925679556603,0.0,25.977669936188775,6.489223716638386e-08,0.0,4.762587067355514e-09,-2.6065736720251386e-07
871,52320.0,52320,40.000002194665015,-259.99999751846144,91.96727378524695,300.0,2.960197530264144e-08,259.9999975480634,0.0,4.182812076024895e-10,2.868735524405704e-07
872,52380.0,52380,40.00000219466297,-259.9999975184529,87.63394049319835,300.0,2.9604024567871064e-08,259.99999754805697,0.0,5.200922573815756e-09,2.868841183750319e-07
873,52440.0,52440,40.00000219327345,-259.9999975121657,83.3006072011499,300.0,3.0993562654581945e-08,259.9999975431593,0.0,9.983450894862506e-09,2.945608589511209e-07
874,52500.0,52500,40.00000219116287,-259.99999750179654,78.96727390920275,300.0,3.310418378744674e-08,259.99999753490073,0.0,1.4893734086763216e-08,3.070406110212217e-07
875,52560.0,52560,40.00000218838796,-259.99999748633525,74.63394061742314,300.0,3.587913543729588e-08,259.99999752221436,0.0,2.0011866174714314e-08,3.252768461798842e-07
876,52620.0,52620,40.000002184846224,-259.99999746258567,70.3006073258943,300.0,3.942094204982481e-08,259.99999750200664,0.0,2.5433813783674983e-08,3.5256811035348724e-07
877,52680.0,52680,40.00000218032525,-259.9999974223426,65.96727403475242,300.0,4.394202039924576e-08,259.9999974662846,0.0,3.1310510886989626e-08,3.9733219700294725e-07
878,52740.0,52740,40.00000217449926,-259.9999973389899,61.63394074426997,300.0,4.9768153460798654e-08,259.99999738875806,0.0,3.793318361573655e-08,4.865108137066811e-07
879,52800.0,52800,40.000002167063435,-259.9999970619221,57.30060745516216,300.0,5.720420194597844e-08,259.9999971191263,0.0,4.604208419649659e-08,7.710144610120451e-07
880,52860.0,52860,40.000002159389446,-99.99999160043292,52.96727417065355,260.00000000000017,6.488608837075372e-08,99.99999166531902,0.0,5.8892638972452984e-08,120.00000624017781
881,52920.0,52920,40.000002113732556,-4.672402908915307e-08,51.30060764381722,0.0,1.1054222091362284e-07,1.5726625357870664e-07,0.0,2.000000162895854,-40.00000216045659
882,52980.0,52980,40.000002053726824,6.575929021341832e-08,51.3006076427619,0.0,1.7055906302148738e-07,1.0479977558169474e-07,0.0,1.3333334602217841,-40.00000198796753
883,53040.0,53040,40.000001851313115,2.944660125764623e-07,51.30060764343126,0.0,3.730435783916013e-07,7.857756779397013e-08,0.0,0.6666667604224842,-40.0000015568471
884,53100.0,53100,24.3500871535372,24.35008357224035,51.30060764740619,0.0,24.350083637133,6.489264840725052e-08,0.0,6.780847735283325e-08,-3.5812968490198212e-06
885,53160.0,53160,26.318770981382688,26.318770824245885,51.64556716451713,0.0,26.318770889138346,6.489246346741848e-08,0.0,8.12022965232953e-09,-1.5713679975108256e-07
886,53220.0,53220,26.451635864159147,26.45163584771755,52.018416417698155,0.0,26.451635912609863,6.489231183436916e-08,0.0,5.50126089170073e-09,-1.6441599720836318e-08
887,53280.0,53280,26.283653667045936,26.283653665376825,52.39314792537835,0.0,26.283653730269066,6.489224441804516e-08,0.0,5.227212384443764e-09,-1.669114412649519e-09
888,53340.0,53340,26.264937283546306,26.264937283378487,52.7654996854754,0.0,26.2649373482707,6.489221142360435e-08,0.0,5.1993719039547854e-09,-1.6781676648409644e-10
889,53400.0,53400,26.24716668662423,26.247166686608335,53.13758629682747,0.0,26.247166751500522,6.489219266030885e-08,0.0,5.1965530390060285e-09,-1.5897636705207083e-11
890,53460.0,53460,26.245160021278473,26.24516002127799,53.50942115805862,0.0,26.245160086170166,6.489218104098688e-08,0.0,5.196266126064448e-09,-4.895310664838518e-13
891,53520.0,53520,26.25204524686279,26.25204524686389,53.88122759153093,0.0,26.252045311756063,6.489217316406083e-08,0.0,5.196235957101346e-09,1.1032646122644895e-12
892,53580.0,53580,26.260674775059858,26.26067477506114,54.25313156569904,0.0,26.260674839953307,6.489216727497381e-08,0.0,5.196232308657106e-09,1.2828862659597963e-12
893,53640.0,53640,26.267843763971577,26.267843763972884,54.625157791516614,0.0,26.26784382886505,6.489216254578783e-08,0.0,5.196231645983579e-09,1.3093409220408188e-12
894,53700.0,53700,26.272922065986712,26.272922065988027,54.997285578010434,0.0,26.272922130880183,6.489215852181794e-08,0.0,5.1962314227152606e-09,1.3157315721623092e-12
895,53760.0,53760,26.27647767591123,26.27647767591255,55.36948530711615,0.0,26.276477740804708,6.489215491193138e-08,0.0,5.1962313073751845e-09,1.3182771204987453e-12
896,53820.0,53820,26.279185161309016,26.279185161310334,55.74173540736244,0.0,26.279185226202486,6.489215153595506e-08,0.0,5.196231237520647e-09,1.3196324915518925e-12
897,53880.0,53880,26.281438169040158,26.281438169041472,56.11402386365188,0.0,26.281438233933617,6.489214829026377e-08,0.0,5.196231194220692e-09,1.320347999532444e-12
898,53940.0,53940,26.283470842996746,26.283470842998067,56.48634423755084,0.0,26.283470907890212,6.48921451179029e-08,0.0,5.196231167313253e-09,1.3206095066737137e-12
899,54000.0,54000,26.28549875921711,26.285498759218434,56.8586934076642,0.0,26.285498824110576,6.489214198741163e-08,0.0,5.1962311495216645e-09,1.320592905128283e-12
900,54060.0,54060,26.28771204407686,26.287712044078184,57.231071306590664,0.0,26.287712108970318,6.489213888022945e-08,0.0,5.196231136371965e-09,1.3204470856853978e-12
901,54120.0,54120,26.29022919352566,26.29022919352698,57.603480560385975,0.0,26.290229258419117,6.489213578420815e-08,0.0,5.196231125790709e-09,1.3202490142628659e-12
902,54180.0,54180,26.29309630585177,26.293096305853087,57.975925473798476,0.0,26.293096370745218,6.489213269065362e-08,0.0,5.196231116955697e-09,1.320018623543244e-12
903,54240.0,54240,26.296320102796432,26.29632010279775,58.3484110046356,0.0,26.296320167689878,6.48921295931088e-08,0.0,5.196231109385837e-09,1.3197543415293815e-12
904,54300.0,54300,26.299899334508403,26.299899334509725,58.72094220592944,0.0,26.299899399401852,6.489212648678445e-08,0.0,5.196231102602102e-09,1.3194546332608684e-12
905,54360.0,54360,26.30384046743306,26.303840467434384,59.09352411300586,0.0,26.303840532326504,6.489212336820033e-08,0.0,5.196231096127013e-09,1.3191233415353294e-12
906,54420.0,54420,26.30816079066697,26.30816079066829,59.46616185279872,0.0,26.30816085556041,6.489212023486761e-08,0.0,5.196231089564367e-09,1.3187676485248216e-12
907,54480.0,54480,26.312885678801102,26.312885678802413,59.838860797170724,0.0,26.312885743694533,6.489211708503582e-08,0.0,5.196231082644689e-09,1.318394969890422e-12
908,54540.0,54540,26.318044495642148,26.318044495643466,60.211626677457964,0.0,26.31804456053558,6.489211391747486e-08,0.0,5.196231075221619e-09,1.318011382058935e-12
909,54600.0,54600,26.32366708610415,26.32366708610547,60.58446564098379,0.0,26.32366715099758,6.489211073129935e-08,0.0,5.196231067245223e-09,1.3176211257966755e-12
910,54660.0,54660,26.32978136515765,26.329781365158976,60.95738425787449,0.0,26.329781430051078,6.489210752587253e-08,0.0,5.196231058728932e-09,1.3172268095169113e-12
911,54720.0,54720,26.336411927129525,26.336411927130836,61.33038949371844,0.0,26.336411992022946,6.489210430071089e-08,0.0,5.196231049722334e-09,1.3168298446859798e-12
912,54780.0,54780,26.34357943451335,26.34357943451467,61.70348866252367,0.0,26.343579499406765,6.48921010554363e-08,0.0,5.196231040292155e-09,1.3164307754636569e-12
913,54840.0,54840,26.351300541515315,26.35130054151663,62.076689371016826,0.0,26.351300606408728,6.489209778973023e-08,0.0,5.196231030508947e-09,1.316029627067409e-12
914,54900.0,54900,26.35958814994046,26.359588149941775,62.44999946185919,0.0,26.359588214833874,6.489209450332026e-08,0.0,5.196231020440079e-09,1.315626054336176e-12
915,54960.0,54960,26.368451845149213,26.36845184515053,62.82342696048757,0.0,26.368451910042623,6.489209119596569e-08,0.0,5.196231010144913e-09,1.3152195507265631e-12
916,55020.0,55020,26.377898405544396,26.377898405545714,63.19698002813141,0.0,26.377898470437806,6.489208786744094e-08,0.0,5.196230999673555e-09,1.314809548593785e-12
917,55080.0,55080,26.387932317082292,26.387932317083607,63.570666922047515,0.0,26.387932381975688,6.489208451752802e-08,0.0,5.196230989066599e-09,1.3143954398552123e-12
918,55140.0,55140,26.398556253374196,26.398556253375506,63.94449596304375,0.0,26.398556318267595,6.489208114602136e-08,0.0,5.196230978355297e-09,1.3139767033115545e-12
919,55200.0,55200,26.409771502347333,26.409771502348644,64.3184755098041,0.0,26.409771567240718,6.489207775271809e-08,0.0,5.196230967562895e-09,1.3135528278578208e-12
920,55260.0,55260,26.421578333182175,26.421578333183486,64.69261393925825,0.0,26.42157839807556,6.489207433742434e-08,0.0,5.196230956705836e-09,1.3131234069240695e-12
921,55320.0,55320,26.433976304430423,26.433976304431734,65.06691963214922,0.0,26.433976369323805,6.489207089993968e-08,0.0,5.196230945794753e-09,1.312688050275825e-12
922,55380.0,55380,26.44696451757132,26.44696451757264,65.44140096296621,0.0,26.44696458246471,6.48920674400723e-08,0.0,5.1962309348358014e-09,1.312246486967992e-12
923,55440.0,55440,26.460541821495067,26.460541821496378,65.81606629346938,0.0,26.46054188638844,6.489206395763073e-08,0.0,5.1962309238313496e-09,1.3117984441524571e-12
924,55500.0,55500,26.4747069735824,26.47470697358371,66.19092396911145,0.0,26.474707038475774,6.489206045242279e-08,0.0,5.196230912781096e-09,1.3113437192465055e-12
925,55560.0,55560,26.489458762978657,26.489458762979964,66.56598231774142,0.0,26.48945882787202,6.48920569242608e-08,0.0,5.196230901682543e-09,1.310882167675858e-12
926,55620.0,55620,26.504796101380627,26.504796101381938,66.94124965005452,0.0,26.50479616627399,6.489205337295642e-08,0.0,5.196230890532119e-09,1.310413636480853e-12
927,55680.0,55680,26.52071808649731,26.520718086498622,67.31673426132829,0.0,26.520718151390675,6.489204979832053e-08,0.0,5.196230879324701e-09,1.3099380603297819e-12
928,55740.0,55740,26.537224043095215,26.53722404309652,67.69244443405789,0.0,26.537224107988564,6.489204620017066e-08,0.0,5.196230868055122e-09,1.3094553373870019e-12
929,55800.0,55800,26.55431354623987,26.554313546241183,68.06838844117264,0.0,26.55431361113322,6.489204257831978e-08,0.0,5.1962308567179596e-09,1.3089654035234732e-12
930,55860.0,55860,26.571986430924238,26.57198643092554,68.44457454958193,0.0,26.57198649581758,6.489203893258264e-08,0.0,5.1962308453073165e-09,1.3084681999910803e-12
931,55920.0,55920,26.5902427917719,26.590242791773207,68.82101102385758,0.0,26.59024285666524,6.489203526277706e-08,0.0,5.196230833817596e-09,1.3079637088612674e-12
932,55980.0,55980,26.609082975937618,26.609082975938925,69.19770612991191,0.0,26.609083040830956,6.48920315687236e-08,0.0,5.196230822243589e-09,1.3074518928365284e-12
933,56040.0,56040,26.628507571727642,26.628507571728953,69.57466813857525,0.0,26.62850763662098,6.489202785023426e-08,0.0,5.196230810580216e-09,1.3069326805425745e-12
934,56100.0,56100,26.64851739492218,26.64851739492348,69.95190532901229,0.0,26.64851745981551,6.489202410713304e-08,0.0,5.19623079882257e-09,1.306406060499494e-12
935,56160.0,56160,26.66911347420715,26.669113474208455,70.32942599194458,0.0,26.66911353910048,6.489202033923467e-08,0.0,5.196230786965874e-09,1.3058720124094903e-12
936,56220.0,56220,26.69029703679336,26.69029703679466,70.70723843266673,0.0,26.690297101686678,6.48920165463632e-08,0.0,5.196230775006123e-09,1.3053304757695513e-12
937,56280.0,56280,26.712069494809914,26.71206949481122,71.08535097385885,0.0,26.71206955970323,6.489201272833573e-08,0.0,5.196230762939185e-09,1.3047814206639908e-12
938,56340.0,56340,26.734432432943034,26.73443243294434,71.46377195820622,0.0,26.73443249783635,6.48920088849763e-08,0.0,5.1962307507611424e-09,1.3042248135980164e-12
939,56400.0,56400,26.757387597452144,26.757387597453445,71.84250975084382,0.0,26.757387662345455,6.489200501610101e-08,0.0,5.196230738468293e-09,1.303660608827227e-12
940,56460.0,56460,26.780936886661106,26.78093688666241,72.22157274164528,0.0,26.78093695155441,6.48920011215363e-08,0.0,5.196230726057108e-09,1.3030887476093183e-12
941,56520.0,56520,26.80508234286109,26.80508234286239,72.6009693473772,0.0,26.80508240775439,6.489199720110517e-08,0.0,5.196230713524272e-09,1.3025091946689183e-12
942,56580.0,56580,26.829826145563896,26.8298261455652,72.98070801373864,0.0,26.829826210457192,6.489199325462852e-08,0.0,5.196230700865954e-09,1.3019218983172017e-12
943,56640.0,56640,26.855170605956346,26.855170605957646,73.360797217305,0.0,26.855170670849635,6.489198928193003e-08,0.0,5.196230688079269e-09,1.3013267976953529e-12
944,56700.0,56700,26.88111816245396,26.881118162455266,73.74124546739363,0.0,26.88111822734725,6.489198528283547e-08,0.0,5.196230675160689e-09,1.3007238374050761e-12
945,56760.0,56760,26.907671377193356,26.907671377194657,74.12206130786595,0.0,26.907671442086638,6.489198125717161e-08,0.0,5.196230662106855e-09,1.3001129454815621e-12
946,56820.0,56820,26.934832933350854,26.93483293335215,74.50325331888041,0.0,26.934832998244133,6.489197720476212e-08,0.0,5.1962306489144526e-09,1.2994940860797532e-12
947,56880.0,56880,26.962605633148048,26.962605633149348,74.8848301186071,0.0,26.96260569804132,6.489197312543447e-08,0.0,5.196230635580039e-09,1.2988671689973764e-12
948,56940.0,56940,26.99099239645604,26.99099239645734,75.26680036491426,0.0,26.99099246134931,6.489196901902026e-08,0.0,5.196230622100211e-09,1.298232128993257e-12
949,57000.0,57000,27.01999625984158,27.01999625984288,75.64917275703495,0.0,27.019996324734844,6.489196488534455e-08,0.0,5.196230608471442e-09,1.2975889011326125e-12
950,57060.0,57060,27.04962037602976,27.04962037603106,76.03195603722025,0.0,27.049620440923018,6.489196072423998e-08,0.0,5.19623059469007e-09,1.296937405312982e-12
951,57120.0,57120,27.079868013597196,27.079868013598492,76.4151589923849,0.0,27.079868078490442,6.489195653553573e-08,0.0,5.1962305807524805e-09,1.296277560544349e-12
952,57180.0,57180,27.110742556876836,27.110742556878137,76.79879045574843,0.0,27.110742621770083,6.489195231906857e-08,0.0,5.196230566654843e-09,1.2956092974496252e-12
953,57240.0,57240,27.142247505937114,27.142247505938414,77.18285930847506,0.0,27.142247570830353,6.489194807467079e-08,0.0,5.196230552393368e-09,1.2949325057214886e-12
954,57300.0,57300,27.174386476537716,27.17438647653901,77.56737448131341,0.0,27.174386541430952,6.489194380217812e-08,0.0,5.196230537963967e-09,1.2942471224078042e-12
955,57360.0,57360,27.207163199980013,27.207163199981306,77.95234495623525,0.0,27.207163264873248,6.48919395014287e-08,0.0,5.196230523362507e-09,1.2935530550245715e-12
956,57420.0,57420,27.240581522686746,27.240581522688046,78.33777976807252,0.0,27.240581587579978,6.489193517226273e-08,0.0,5.196230508584855e-09,1.2928501932489668e-12
957,57480.0,57480,27.274645405417317,27.274645405418614,78.72368800614812,0.0,27.274645470310542,6.489193081452183e-08,0.0,5.196230493626492e-09,1.2921384603178431e-12
958,57540.0,57540,27.309358921912825,27.30935892191411,79.11007881589578,0.0,27.309358986806043,6.489192642805135e-08,0.0,5.196230478483242e-09,1.2914177445486444e-12
959,57600.0,57600,27.344726256809817,27.344726256811104,79.49696140046044,0.0,27.34472632170302,6.489192201269803e-08,0.0,5.196230463150413e-09,1.290687956694364e-12
960,57660.0,57660,27.380751702542533,27.380751702543822,79.88434502226946,0.0,27.380751767435733,6.4891917568309e-08,0.0,5.196230447623442e-09,1.2899489688625024e-12
961,57720.0,57720,27.417439654977304,27.41743965497859,80.27223900455971,0.0,27.417439719870504,6.489191309473891e-08,0.0,5.196230431897465e-09,1.2892006900550993e-12
962,57780.0,57780,27.454794607371582,27.454794607372865,80.66065273284278,0.0,27.454794672264775,6.489190859184521e-08,0.0,5.196230415967832e-09,1.2884430095819702e-12
963,57840.0,57840,27.492821142212858,27.492821142214144,81.04959565628475,0.0,27.49282120710605,6.489190405948668e-08,0.0,5.196230399829637e-09,1.2876758141738992e-12
964,57900.0,57900,27.531523920324606,27.531523920325895,81.43907728897034,0.0,27.531523985217795,6.489189949752524e-08,0.0,5.196230383478144e-09,1.2868989796591103e-12
965,57960.0,57960,27.570907666495202,27.57090766649649,81.82910721101248,0.0,27.570907731388385,6.489189490583484e-08,0.0,5.196230366908316e-09,1.2861123962402622e-12
966,58020.0,58020,27.61097715058882,27.61097715059011,82.21969506945872,0.0,27.610977215482,6.489189028428635e-08,0.0,5.196230350115462e-09,1.2853159556627209e-12
967,58080.0,58080,27.65173716283505,27.651737162836337,82.61085057892963,0.0,27.651737227728226,6.489188563276199e-08,0.0,5.196230333095061e-09,1.284509519461514e-12
968,58140.0,58140,27.693192481457356,27.693192481458638,83.00258352190735,0.0,27.69319254635052,6.489188095115533e-08,0.0,5.196230315842507e-09,1.2836929863492604e-12
969,58200.0,58200,27.735347830103,27.735347830104274,83.39490374856555,0.0,27.735347894996153,6.489187623936309e-08,0.0,5.196230298353669e-09,1.2828662055038964e-12
970,58260.0,58260,27.778207821478883,27.77820782148016,83.78782117599624,0.0,27.77820788637203,6.489187149729468e-08,0.0,5.196230280624327e-09,1.282029078302698e-12
971,58320.0,58320,27.821776881836932,27.821776881838208,84.18134578663809,0.0,27.82177694673008,6.489186672488018e-08,0.0,5.196230262651123e-09,1.2811815121004502e-12
972,58380.0,58380,27.866059148311287,27.866059148312562,84.57548762563499,0.0,27.866059213204423,6.489186192206658e-08,0.0,5.196230244431476e-09,1.2803233489524178e-12
973,58440.0,58440,27.911058326713455,27.911058326714734,84.9702567967403,0.0,27.911058391606595,6.489185708882872e-08,0.0,5.196230225963145e-09,1.2794545149480561e-12
974,58500.0,58500,27.95677749022197,27.956777490223246,85.36566345620629,0.0,27.9567775551151,6.48918522251742e-08,0.0,5.196230207245099e-09,1.2785749278850057e-12
975,58560.0,58560,28.003218787623705,28.00321878762498,85.76171780382201,0.0,28.003218852516824,6.489184733116947e-08,0.0,5.196230188278285e-09,1.2776845490516569e-12
976,58620.0,58620,28.050383010001777,28.050383010003053,86.15843006981756,0.0,28.050383074894892,6.489184240695468e-08,0.0,5.196230169065457e-09,1.276783357748828e-12
977,58680.0,58680,28.098268931474855,28.098268931476134,86.55581049563014,0.0,28.09826899636797,6.489183745278055e-08,0.0,5.1962301496123406e-09,1.2758713980216581e-12
978,58740.0,58740,28.14687228241986,28.14687228242114,86.95386930533026,0.0,28.146872347312968,6.489183246908032e-08,0.0,5.196230129928449e-09,1.2749485902928983e-12
979,58800.0,58800,28.196184112952714,28.196184112953986,87.35261666250209,0.0,28.19618417784581,6.48918274565637e-08,0.0,5.196230110024802e-09,1.2740132978968295e-12
980,58860.0,58860,28.246188120668776,28.24618812067005,87.75206260393982,0.0,28.246188185561873,6.489182241641265e-08,0.0,5.19623008988797e-09,1.273048561571556e-12
981,58920.0,58920,28.296856164159074,28.296856164160346,88.15221693548685,0.0,28.296856229052164,6.489181735060971e-08,0.0,5.19623006922407e-09,1.2718865111862449e-12
982,58980.0,58980,28.34814046409459,28.34814046409586,88.55308906431667,0.0,28.34814052898767,6.489181226256281e-08,0.0,5.196230044942499e-09,1.2688690804626623e-12
983,59040.0,59040,28.3999594056989,28.39995940570015,88.95468772072888,0.0,28.39995947059196,6.489180715832714e-08,0.0,5.196229986317678e-09,1.2475945669098666e-12
984,59100.0,59100,28.45216999565978,28.452169995660824,89.35702047881384,0.0,28.45217006055263,6.489180204912352e-08,0.0,5.196229589257512e-09,1.0457249077018426e-12
985,59160.0,59160,28.504509393042866,28.504509393041925,89.76009288692325,0.0,28.50450945793372,6.489179695694791e-08,0.0,5.196225844021637e-09,-9.436921423654913e-13
986,59220.0,59220,28.556453557255463,28.556453557234843,90.16390676982887,0.0,28.556453622126632,6.489179192820224e-08,0.0,5.196188958307654e-09,-2.0627921886398666e-11
987,59280.0,59280,28.60680424715664,28.606804246941156,90.5684565283939,0.0,28.606804311832946,6.489178707006702e-08,0.0,5.1958240188174854e-09,-2.1548595408961416e-10
988,59340.0,59340,28.652106500987337,28.652106498841526,90.97371958839645,0.0,28.65210656373331,6.489178265213331e-08,0.0,5.19221146443705e-09,-2.145808909550076e-09
989,59400.0,59400,28.678127782092172,28.678127760688792,91.37962443030091,0.0,28.67812782558057,6.48917793585772e-08,0.0,5.1564269063654844e-09,-2.1403381937660055e-08
990,59460.0,59460,28.593572023200867,28.593571788196037,91.7858979067482,0.0,28.593571853087813,6.489177838635391e-08,0.0,4.799683137978769e-09,-2.350048310945521e-07
991,59520.0,59520,40.00000215937918,-109.99999760562756,92.19097350691852,150.0,6.489161783225675e-08,109.99999767051918,0.0,8.829189648570988e-10,2.3499327349488925e-07
992,59580.0,59580,40.00000215937916,-109.99999781922956,90.35764021332893,150.0,6.489163241204256e-08,109.99999788412119,0.0,4.7996868198169e-09,2.1391287677979092e-08
993,59640.0,59640,40.000002159379164,-109.99999783848688,88.52430691617931,150.0,6.489163130265736e-08,109.9999979033785,0.0,5.156425234234805e-09,2.1339610777427575e-09
994,59700.0,59700,40.000002159379186,-109.9999978404171,86.69097361870874,150.0,6.489162909243026e-08,109.99999790530875,0.0,5.192208552775169e-09,2.0370297132153079e-10
995,59760.0,59760,40.00000215937919,-109.99999784061194,84.85764032120599,150.0,6.48916269437201e-08,109.99999790550359,0.0,5.195820972319321e-09,8.854513575648662e-12
996,59820.0,59820,40.00000215937921,-109.99999784063161,83.02430702369999,150.0,6.4891624912551e-08,109.99999790552323,0.0,5.1961859620932205e-09,-1.0829897544442465e-11
997,59880.0,59880,40.00000215937922,-109.9999978406336,81.19097372619368,150.0,6.489162297343397e-08,109.99999790552522,0.0,5.196222919784217e-09,-1.2820797847596865e-11
998,59940.0,59940,40.000002159379235,-109.99999784063378,79.35764042868732,150.0,6.489162110733948e-08,109.9999979055254,0.0,5.196226735796353e-09,-1.3024162179315744e-11
999,60000.0,60000,40.00000215937925,-109.99999784063381,77.52430713118096,150.0,6.489161930388976e-08,109.99999790552543,0.0,5.196227201017845e-09,-1.3046779040738713e-11
1000,60060.0,60060,40.00000215937926,-109.99999784063378,75.6909738336746,150.0,6.48916175582911e-08,109.99999790552539,0.0,5.196227326523171e-09,-1.3050976077610569e-11
1001,60120.0,60120,40.00000215937927,-109.99999784063377,73.85764053616823,150.0,6.489161586942976e-08,109.99999790552539,0.0,5.196227417929971e-09,-1.3053137025038713e-11
1002,60180.0,60180,40.000002159379285,-109.99999784063377,72.02430723866188,150.0,6.48916142390769e-08,109.99999790552539,0.0,5.196227507794394e-09,-1.3054715457148568e-11
1003,60240.0,60240,40.00000215937929,-109.99999784063377,70.19097394115552,150.0,6.489161267189707e-08,109.99999790552539,0.0,5.196227604436829e-09,-1.3053948442642454e-11
1004,60300.0,60300,40.0000021593793,-109.99999784063374,68.35764064364916,150.0,6.489161117627309e-08,109.99999790552533,0.0,5.196227745541704e-09,-1.3032047175291424e-11
1005,60360.0,60360,40.000002159379314,-109.99999784063348,66.5243073461428,150.0,6.489160976592178e-08,109.99999790552509,0.0,5.196228281905916e-09,-1.2803554571688684e-11
1006,60420.0,60420,40.00000215937932,-109.9999978406312,64.69097404863646,150.0,6.489160846158357e-08,109.99999790552282,0.0,5.196232655122312e-09,-1.053493155509729e-11
1007,60480.0,60480,40.000002159379335,-109.99999784060876,62.85764075113015,150.0,6.489160728570039e-08,109.99999790550035,0.0,5.196274864548437e-09,1.1905502423063877e-11
1008,60540.0,60540,40.00000215937934,-109.99999784038687,61.0243074536242,150.0,6.489160618661857e-08,109.99999790527849,0.0,5.196691092546058e-09,2.33791716848683e-10
1009,60600.0,60600,40.00000215937935,-109.99999783819413,59.19097415612195,150.0,6.489160430314068e-08,109.99999790308573,0.0,5.200805301284519e-09,2.4265289877860752e-09
1010,60660.0,60660,40.00000215937938,-109.99999781663323,57.357640858656254,150.0,6.489159341180393e-08,109.99999788152482,0.0,5.241463628333169e-09,2.3987402621255873e-08
1011,60720.0,60720,40.00000215937976,-109.99999762270497,55.52430756154991,150.0,6.489141263230748e-08,109.99999768759638,0.0,5.641453789347463e-09,2.1791527701611848e-07
1012,60780.0,60780,40.00000215930594,-4.999988709817279,53.6909742676757,150.0,6.497124171893066e-08,4.999988774788524,0.0,9.273409743474639e-09,105.00000913087678
1013,60840.0,60840,40.00000211346544,-4.6104639160947664e-08,53.60764112234942,15.0,1.1081436308493265e-07,1.5691900505978493e-07,0.0,1.7500001614548928,-25.00000215957008
1014,60900.0,60900,40.00000205302283,6.664700922290713e-08,53.60764112130374,0.0,1.7127915321744845e-07,1.0463214602172876e-07,0.0,1.333333458795552,-40.00000198637582
1015,60960.0,60960,40.0000018417496,3.1336409285451226e-07,53.607641121986084,0.0,3.9184082285641766e-07,7.847673112782304e-08,0.0,0.6666667590227325,-40.00000152838551
1016,61020.0,61020,29.18272243476603,29.182718908345407,53.607641126228984,0.0,29.182718973237048,6.48916400786137e-08,0.0,6.688303841499871e-08,-3.5264206209723194e-06
1017,61080.0,61080,29.277110122693124,29.27710996614761,54.02106297726809,0.0,29.27711003103926,6.489164976387201e-08,0.0,8.109393467308393e-09,-1.565455115552197e-07
1018,61140.0,61140,29.29608696765388,29.296086951263284,54.43582203495938,0.0,29.29608701615493,6.489164561334323e-08,0.0,5.500298449196956e-09,-1.6390596952132314e-08
1019,61200.0,61200,29.30261668534484,29.302616683681013,54.85084993327314,0.0,29.302616748572653,6.489164115619782e-08,0.0,5.227103223837106e-09,-1.6638283602785652e-09
1020,61260.0,61260,29.306021877649073,29.30602187748197,55.26597033612949,0.0,29.306021942373604,6.489163695644082e-08,0.0,5.199352195462927e-09,-1.6710166117456142e-10
1021,61320.0,61320,29.30833189835166,29.30833189833589,55.68113897923136,0.0,29.308331963227523,6.489163291579108e-08,0.0,5.196546418459235e-09,-1.5768232092609288e-11
1022,61380.0,61380,29.310289799605503,29.31028979960503,56.096340347628654,0.0,29.31028986449666,6.489162895012374e-08,0.0,5.196262850618859e-09,-4.751950032400185e-13
1023,61440.0,61440,29.31229278926285,29.312292789263918,56.5115694529606,0.0,29.312292854155547,6.489162501264735e-08,0.0,5.196234170072597e-09,1.0701083569588484e-12
1024,61500.0,61500,29.314569709516395,29.31456970951762,56.92682693397938,0.0,29.314569774409236,6.489162107675683e-08,0.0,5.1962312498541754e-09,1.2261204213677133e-12
1025,61560.0,61560,29.317234043004472,29.31723404300571,57.342116671368416,0.0,29.317234107897324,6.489161712603745e-08,0.0,5.196230935412503e-09,1.2416858339924621e-12
1026,61620.0,61620,29.320330640798797,29.320330640800044,57.75744415348187,0.0,29.320330705691656,6.489161314965382e-08,0.0,5.196230886120059e-09,1.2430084361645188e-12
1027,61680.0,61680,29.323876496569955,29.3238764965712,58.17281550406407,0.0,29.32387656146281,6.489160914022556e-08,0.0,5.196230864757592e-09,1.2428449313131537e-12
1028,61740.0,61740,29.32788519580458,29.32788519580582,58.588237087603034,0.0,29.32788526069743,6.489160509271447e-08,0.0,5.196230846745517e-09,1.2424907048326604e-12
1029,61800.0,61800,29.332376267550625,29.33237626755187,59.00371546104782,0.0,29.332376332443474,6.489160100368678e-08,0.0,5.196230829114322e-09,1.2420851452439201e-12
1030,61860.0,61860,29.337375873258363,29.337375873259603,59.41925745800902,0.0,29.337375938151197,6.489159687083104e-08,0.0,5.196230811227901e-09,1.2416507546550563e-12
1031,61920.0,61920,29.34291419591358,29.342914195914815,59.83487028271774,0.0,29.34291426080641,6.48915926925786e-08,0.0,5.196230792827585e-09,1.241196527575785e-12
1032,61980.0,61980,29.349022395080485,29.34902239508172,60.250561566997405,0.0,29.34902245997331,6.489158846786329e-08,0.0,5.196230773801582e-09,1.2407281396158737e-12
1033,62040.0,62040,29.355730213328908,29.355730213330144,60.66633938409859,0.0,29.355730278221728,6.489158419593746e-08,0.0,5.196230754127892e-09,1.2402492284367846e-12
1034,62100.0,62100,29.363064441239036,29.363064441240272,61.08221222862498,0.0,29.36306450613185,6.489157987625699e-08,0.0,5.196230733838501e-09,1.2397618654528573e-12
1035,62160.0,62160,29.371048122137754,29.371048122138998,61.498188974713415,0.0,29.371048187030574,6.489157550840865e-08,0.0,5.196230712994234e-09,1.2392670688831094e-12
1036,62220.0,62220,29.379700301935458,29.379700301936698,61.914278822947914,0.0,29.37970036682827,6.489157109205114e-08,0.0,5.196230691668185e-09,1.2387651317026322e-12
1037,62280.0,62280,29.389036142757828,29.38903614275907,62.330491243729554,0.0,29.389036207650634,6.489156662689348e-08,0.0,5.196230669934266e-09,1.238255880933465e-12
1038,62340.0,62340,29.399067255412845,29.39906725541408,62.74683592225618,0.0,29.39906732030564,6.489156211266945e-08,0.0,5.196230647862212e-09,1.2377388502747464e-12
1039,62400.0,62400,29.40980214347026,29.409802143471495,63.1633227082121,0.0,29.409802208363047,6.489155754912973e-08,0.0,5.196230625512118e-09,1.2372134875709373e-12
1040,62460.0,62460,29.421246684765396,29.421246684766633,63.57996157174881,0.0,29.421246749658188,6.489155293602775e-08,0.0,5.196230602935424e-09,1.2366791295148399e-12
1041,62520.0,62520,29.43340460323824,29.433404603239477,63.99676256628722,0.0,29.433404668131026,6.489154827312312e-08,0.0,5.196230580172939e-09,1.2361351351357325e-12
1042,62580.0,62580,29.446277904499983,29.44627790450122,64.41373579800398,0.0,29.44627796939276,6.489154356017929e-08,0.0,5.196230557256217e-09,1.235580936813194e-12
1043,62640.0,62640,29.459867262893813,29.459867262895056,64.83089140148863,0.0,29.45986732778659,6.489153879695206e-08,0.0,5.19623053420876e-09,1.2350159648514253e-12
1044,62700.0,62700,29.474172356783512,29.47417235678474,65.24823952088383,0.0,29.47417242167628,6.489153398320314e-08,0.0,5.19623051104667e-09,1.2344397596784825e-12
1045,62760.0,62760,29.48919215362645,29.489192153627688,65.66579029577582,0.0,29.48919221851921,6.489152911869147e-08,0.0,5.196230487779718e-09,1.233851901639722e-12
1046,62820.0,62820,29.504925148612315,29.504925148613548,66.08355385112309,0.0,29.50492521350507,6.489152420317769e-08,0.0,5.1962304644130685e-09,1.2332520428729595e-12
1047,62880.0,62880,29.521369561159993,29.521369561161222,66.50154029056598,0.0,29.52136962605275,6.48915192364266e-08,0.0,5.196230440947582e-09,1.232639851646963e-12
1048,62940.0,62940,29.53852349360609,29.538523493607325,66.91975969251997,0.0,29.538523558498838,6.489151421819473e-08,0.0,5.19623041738085e-09,1.2320150856901854e-12
1049,63000.0,63000,29.556385056148578,29.556385056149807,67.33822210851696,0.0,29.55638512104132,6.489150914825238e-08,0.0,5.196230393707878e-09,1.2313775251959886e-12
1050,63060.0,63060,29.5749524620085,29.574952462009733,67.75693756331663,0.0,29.574952526901235,6.489150402636194e-08,0.0,5.1962303699221236e-09,1.2307269681127125e-12
1051,63120.0,63120,29.59422409670147,29.5942240967027,68.17591605636596,0.0,29.5942241615942,6.489149885229611e-08,0.0,5.196230346014932e-09,1.2300632723027641e-12
1052,63180.0,63180,29.61419856531065,29.614198565311884,68.59516756424013,0.0,29.614198630203376,6.489149362583034e-08,0.0,5.196230321977481e-09,1.2293862907750768e-12
1053,63240.0,63240,29.63487472159285,29.634874721594077,69.0147020437529,0.0,29.634874786485568,6.489148834673738e-08,0.0,5.196230297799783e-09,1.2286959148161845e-12
1054,63300.0,63300,29.656251682610613,29.656251682611842,69.43452943547969,0.0,29.656251747503322,6.489148301479748e-08,0.0,5.196230273472152e-09,1.2279920424633923e-12
1055,63360.0,63360,29.67832883227296,29.678328832274186,69.85465966748755,0.0,29.678328897165663,6.489147762979302e-08,0.0,5.1962302489841275e-09,1.227274566104092e-12
1056,63420.0,63420,29.70110581685822,29.70110581685945,70.27510265911565,0.0,29.701105881750923,6.489147219151497e-08,0.0,5.196230224325939e-09,1.2265434100489862e-12
1057,63480.0,63480,29.724582535035676,29.72458253503691,70.69586832469203,0.0,29.724582599928375,6.489146669974773e-08,0.0,5.1962301994875116e-09,1.2257984867909744e-12
1058,63540.0,63540,29.748759124531368,29.74875912453259,71.11696657710925,0.0,29.748759189424057,6.489146115428777e-08,0.0,5.196230174459333e-09,1.2250396923707581e-12
1059,63600.0,63600,29.773635947033476,29.773635947034702,71.538407331211,0.0,29.773636011926158,6.489145555493434e-08,0.0,5.196230149231718e-09,1.2242669567433141e-12
1060,63660.0,63660,29.799213572554812,29.799213572556038,71.96020050696487,0.0,29.799213637447487,6.489144990148734e-08,0.0,5.196230123795455e-09,1.2234801738341346e-12
1061,63720.0,63720,29.825492764085677,29.825492764086903,72.38235603241361,0.0,29.825492828978348,6.489144419374876e-08,0.0,5.196230098141244e-09,1.2226792568168445e-12
1062,63780.0,63780,29.852474463086622,29.85247446308784,72.80488384640904,0.0,29.85247452797928,6.489143843153196e-08,0.0,5.196230072260348e-09,1.2218641012658916e-12
1063,63840.0,63840,29.88015977614414,29.880159776145366,73.22779390114033,0.0,29.8801598410368,6.489143261464612e-08,0.0,5.196230046143769e-09,1.2210345987455797e-12
1064,63900.0,63900,29.90854996292101,29.90854996292223,73.65109616447326,0.0,29.908550027813657,6.489142674290911e-08,0.0,5.196230019782726e-09,1.220190647645878e-12
1065,63960.0,63960,29.937646425481525,29.937646425482747,74.07480062211887,0.0,29.937646490374167,6.489142081614287e-08,0.0,5.196229993168438e-09,1.2193321139380998e-12
1066,64020.0,64020,29.96745069890605,29.967450698907268,74.49891727965075,0.0,29.967450763798677,6.489141483417037e-08,0.0,5.196229966292036e-09,1.2184588829891775e-12
1067,64080.0,64080,29.99796444315213,29.99796444315335,74.92345616438946,0.0,29.99796450804476,6.489140879682497e-08,0.0,5.1962299391445675e-09,1.2175708352961315e-12
1068,64140.0,64140,30.02918943603036,30.029189436031576,75.34842732717168,0.0,30.02918950092298,6.489140270394064e-08,0.0,5.196229911717164e-09,1.2166678248530212e-12
1069,64200.0,64200,30.061127567178783,30.06112756718,75.77384084401966,0.0,30.0611276320714,6.489139655535521e-08,0.0,5.196229884000571e-09,1.2157496970702387e-12
1070,64260.0,64260,30.093780832941295,30.093780832942507,76.19970681772558,0.0,30.093780897833895,6.489139035091852e-08,0.0,5.196229855985318e-09,1.2148163277149039e-12
1071,64320.0,64320,30.127151332003905,30.12715133200512,76.62603537936313,0.0,30.127151396896497,6.489138409048043e-08,0.0,5.19622982766202e-09,1.2138675517990184e-12
1072,64380.0,64380,30.161241261707787,30.161241261708998,77.0528366897374,0.0,30.161241326600372,6.489137777389628e-08,0.0,5.196229799020906e-09,1.212903215850972e-12
1073,64440.0,64440,30.196052914942104,30.19605291494332,77.4801209407825,0.0,30.196052979834693,6.489137140103661e-08,0.0,5.196229770051818e-09,1.211923124315274e-12
1074,64500.0,64500,30.231588677513614,30.231588677514825,77.90789835691506,0.0,30.23158874240619,6.48913649717671e-08,0.0,5.1962297407440345e-09,1.2109271446839593e-12
1075,64560.0,64560,30.267851025945724,30.26785102594694,78.33617919635073,0.0,30.26785109083829,6.489135848596792e-08,0.0,5.1962297110872265e-09,1.2099150672367754e-12
1076,64620.0,64620,30.304842525615335,30.304842525616543,78.76497375238917,0.0,30.304842590507892,6.4891351943523e-08,0.0,5.196229681070158e-09,1.2088867112990564e-12
1077,64680.0,64680,30.342565829177413,30.34256582917862,79.19429235467294,0.0,30.342565894069967,6.489134534433453e-08,0.0,5.196229650681336e-09,1.2078418621923986e-12
1078,64740.0,64740,30.381023675227222,30.38102367522843,79.62414537042383,0.0,30.381023740119772,6.48913386882968e-08,0.0,5.1962296199087065e-09,1.2067803402022319e-12
1079,64800.0,64800,30.420218887149403,30.420218887150604,80.05454320566044,0.0,30.42021895204193,6.489133197532684e-08,0.0,5.196229588739958e-09,1.2057019200185355e-12
1080,64860.0,64860,30.460154372121913,30.46015437212312,80.48549630639928,0.0,30.46015443701444,6.489132520534402e-08,0.0,5.1962295571621775e-09,1.2046063865184985e-12
1081,64920.0,64920,30.500833120213812,30.500833120215013,80.9170151598419,0.0,30.500833185106334,6.489131837828397e-08,0.0,5.196229525162019e-09,1.2034934817858322e-12
1082,64980.0,64980,30.542258203581024,30.542258203582225,81.34911029554914,0.0,30.542258268473535,6.489131149409295e-08,0.0,5.1962294927253644e-09,1.2023630035375084e-12
1083,65040.0,65040,30.584432775700687,30.58443277570188,81.7817922866041,0.0,30.584432840593188,6.489130455272035e-08,0.0,5.1962294598377916e-09,1.201214679861718e-12
1084,65100.0,65100,30.627360070626867,30.627360070628065,82.21507175076408,0.0,30.627360135519364,6.489129755413656e-08,0.0,5.1962294264840205e-09,1.200048272252352e-12
1085,65160.0,65160,30.671043402255183,30.671043402256384,82.64895935160219,0.0,30.671043467147673,6.489129049832607e-08,0.0,5.196229392648639e-09,1.19886348238088e-12
1086,65220.0,65220,30.71548616354852,30.715486163549716,83.08346579963836,0.0,30.715486228440998,6.489128338527819e-08,0.0,5.19622935831473e-09,1.1976600368872048e-12
1087,65280.0,65280,30.76069182574113,30.76069182574233,83.51860185345951,0.0,30.760691890633606,6.489127621500432e-08,0.0,5.19622932346529e-09,1.1964376563003342e-12
1088,65340.0,65340,30.806663937463576,30.806663937464773,83.9543783208284,0.0,30.806664002356037,6.48912689875344e-08,0.0,5.196229288082111e-09,1.1951960326790875e-12
1089,65400.0,65400,30.85340612379354,30.85340612379473,84.39080605978002,0.0,30.853406188685994,6.489126170290872e-08,0.0,5.196229252146465e-09,1.1939348549489902e-12
1090,65460.0,65460,30.900922085221282,30.900922085222476,84.82789597970464,0.0,30.90092215011373,6.489125436118618e-08,0.0,5.196229215638898e-09,1.1926537735009716e-12
1091,65520.0,65520,30.949215596489612,30.94921559649081,85.26565904241616,0.0,30.949215661382055,6.489124696244976e-08,0.0,5.1962291785385295e-09,1.191352456128197e-12
1092,65580.0,65580,30.99829050531701,30.998290505318195,85.70410626320398,0.0,30.998290570209438,6.489123950679417e-08,0.0,5.196229140823708e-09,1.1900305491834627e-12
1093,65640.0,65640,31.048150730976147,31.048150730977337,86.14324871186686,0.0,31.04815079586857,6.489123199434305e-08,0.0,5.196229102471964e-09,1.188687679746171e-12
1094,65700.0,65700,31.098800262710782,31.098800262711965,86.58309751372657,0.0,31.09880032760319,6.48912244252393e-08,0.0,5.196229063459663e-09,1.1873234583140489e-12
1095,65760.0,65760,31.15024315799182,31.150243157993003,87.0236638506192,0.0,31.150243222884217,6.489121679964859e-08,0.0,5.196229023761838e-09,1.1859374671596369e-12
1096,65820.0,65820,31.202483540569197,31.202483540570384,87.46495896186164,0.0,31.20248360546159,6.489120911776407e-08,0.0,5.196228983352274e-09,1.1845292964964276e-12
1097,65880.0,65880,31.255525598324553,31.25552559832574,87.9069941451906,0.0,31.255525663216932,6.489120137980551e-08,0.0,5.196228942203679e-09,1.1830985087546579e-12
1098,65940.0,65940,31.309373580910272,31.30937358091146,88.34978075767107,0.0,31.309373645802655,6.48911935860215e-08,0.0,5.19622890028734e-09,1.1816446174336281e-12
1099,66000.0,66000,31.364031797130565,31.364031797131744,88.79333021657153,0.0,31.36403186202293,6.489118573668997e-08,0.0,5.1962288575727814e-09,1.1801671664913904e-12
1100,66060.0,66060,31.41950461207585,31.41950461207703,89.23765400020176,0.0,31.41950467696821,6.48911778321219e-08,0.0,5.196228814028275e-09,1.1786656386963412e-12
1101,66120.0,66120,31.475796443963727,31.475796443964907,89.68276364871039,0.0,31.475796508856078,6.489116987266509e-08,0.0,5.19622876962029e-09,1.1771394948381134e-12
1102,66180.0,66180,31.532911760687217,31.53291176068839,90.12867076483742,0.0,31.53291182557955,6.489116185869701e-08,0.0,5.196228724313267e-09,1.1755882098834813e-12
1103,66240.0,66240,31.590855076025424,31.590855076026596,90.57538701461806,0.0,31.59085514091775,6.489115379064258e-08,0.0,5.19622867807023e-09,1.174011182829561e-12
1104,66300.0,66300,31.64963094550317,31.64963094550434,91.02292412803264,0.0,31.649631010395492,6.489114566896295e-08,0.0,5.196228630852007e-09,1.172407808332087e-12
1105,66360.0,66360,31.709243961877277,31.70924396187845,91.47129389959815,0.0,31.709244026769582,6.489113749416364e-08,0.0,5.19622858261697e-09,1.1707774481068525e-12
1106,66420.0,66420,31.76969875019057,31.769698750191736,91.92050818889562,0.0,31.76969881508287,6.489112926679877e-08,0.0,5.1962285333214265e-09,1.169119438446739e-12
1107,66480.0,66480,31.830999962394046,31.830999962395214,92.37057892102754,0.0,31.83100002728634,6.489112098746961e-08,0.0,5.196228482919317e-09,1.1674330779472554e-12
1108,66540.0,66540,31.893152271491893,31.893152271493058,92.82151808699902,0.0,31.893152336384173,6.4891112656836e-08,0.0,5.196228431361782e-09,1.1657176062563293e-12
1109,66600.0,66600,31.956160365149422,31.956160365150584,93.27333774401605,0.0,31.956160430041688,6.489110427560734e-08,0.0,5.1962283785967354e-09,1.1639722838847282e-12
1110,66660.0,66660,32.020028938750116,32.020028938751274,93.7260500156932,0.0,32.02002900364237,6.489109584455573e-08,0.0,5.19622832457011e-09,1.162196262011565e-12
1111,66720.0,66720,32.08476268784857,32.084762687849725,94.17966709216304,0.0,32.08476275274081,6.489108736452143e-08,0.0,5.196228269223707e-09,1.1603886818256481e-12
1112,66780.0,66780,32.1503662999455,32.15036629994666,94.63420123007846,0.0,32.15036636483774,6.489107883640947e-08,0.0,5.1962282124958815e-09,1.1585486561641976e-12
1113,66840.0,66840,32.21684444557237,32.21684444557353,95.08966475249856,0.0,32.2168445104646,6.489107026119617e-08,0.0,5.196228154321806e-09,1.1566752023860872e-12
1114,66900.0,66900,32.28420176859529,32.28420176859644,95.5460700486484,0.0,32.2842018334875,6.489106163994254e-08,0.0,5.196228094632131e-09,1.1547673347983789e-12
1115,66960.0,66960,32.35244287567262,32.35244287567377,96.00342957354106,0.0,32.35244294056483,6.489105297378605e-08,0.0,5.196228033353634e-09,1.1528239546753912e-12
1116,67020.0,67020,32.42157232482889,32.42157232483003,96.46175584745063,0.0,32.421572389721085,6.489104426395854e-08,0.0,5.196227970407927e-09,1.150843956035735e-12
1117,67080.0,67080,32.49159461302846,32.491594613029605,96.92106145522325,0.0,32.491594677920645,6.489103551178552e-08,0.0,5.1962279057122294e-09,1.148826139895597e-12
1118,67140.0,67140,32.56251416269548,32.56251416269662,97.38135904541204,0.0,32.56251422758765,6.489102671869098e-08,0.0,5.19622783917795e-09,1.1467692257638229e-12
1119,67200.0,67200,32.63433530707744,32.63433530707859,97.8426613292211,0.0,32.634335371969605,6.489101788621392e-08,0.0,5.196227770710904e-09,1.1446718871503018e-12
1120,67260.0,67260,32.70706227434825,32.7070622743494,98.30498107924227,0.0,32.70706233924041,6.48910090160053e-08,0.0,5.196227700210661e-09,1.142532695973327e-12
1121,67320.0,67320,32.7806991703688,32.78069917036994,98.7683311279664,0.0,32.78069923526094,6.489100010984658e-08,0.0,5.1962276275699915e-09,1.1403501394515567e-12
1122,67380.0,67380,32.855249959948,32.85524995994914,99.23272436605086,0.0,32.85525002484013,6.489099116964662e-08,0.0,5.196227552674606e-09,1.1381226021341228e-12
1123,67440.0,67440,32.93071844652473,32.930718446525866,99.698173740321,0.0,32.93071851141685,6.489098219746513e-08,0.0,5.196227475401949e-09,1.1358484017789886e-12
1124,67500.0,67500,33.00710825008178,33.00710825008291,100.16469225148433,0.0,33.007108314973884,6.489097319551235e-08,0.0,5.196227395621546e-09,1.1335256866544522e-12
1125,67560.0,67560,33.08442278317476,33.08442278317589,100.63229295153135,0.0,33.08442284806685,6.489096416616753e-08,0.0,5.196227313193191e-09,1.131152520502601e-12
1126,67620.0,67620,33.16266522490147,33.1626652249026,101.10098894079722,0.0,33.16266528979355,6.489095511198735e-08,0.0,5.196227227966652e-09,1.1287268540768982e-12
1127,67680.0,67680,33.24183849260776,33.24183849260889,101.57079336465421,0.0,33.24183855749984,6.489094603571923e-08,0.0,5.196227139781405e-09,1.126246464488671e-12
1128,67740.0,67740,33.32194521115984,33.32194521116097,102.0417194098037,0.0,33.321945276051906,6.48909369403186e-08,0.0,5.19622704846466e-09,1.1237089689319004e-12
1129,67800.0,67800,33.4029876795321,33.402987679533226,102.5137803001327,0.0,33.40298774442415,6.489092782896545e-08,0.0,5.196226953830885e-09,1.1211118680990447e-12
1130,67860.0,67860,33.48496783449611,33.484967834497226,102.98698929209695,0.0,33.484967899388145,6.489091870508183e-08,0.0,5.196226855680729e-09,1.118452441040348e-12
1131,67920.0,67920,33.56788721111612,33.56788721111723,103.46135966958985,0.0,33.56788727600814,6.489090957234052e-08,0.0,5.196226753799689e-09,1.1157277721945976e-12
1132,67980.0,67980,33.65174689978358,33.6517468997847,103.93690473825156,0.0,33.651746964675596,6.489090043470527e-08,0.0,5.196226647956644e-09,1.112934739822026e-12
1133,68040.0,68040,33.736547499427225,33.73654749942833,104.41363781916937,0.0,33.736547564319224,6.489089129643912e-08,0.0,5.196226537902354e-09,1.1100699971520054e-12
1134,68100.0,68100,33.82228906659171,33.822289066592816,104.89157224191548,0.0,33.8222891314837,6.489088216212641e-08,0.0,5.196226423367816e-09,1.107129940318361e-12
1135,68160.0,68160,33.90897105993423,33.90897105993533,105.37072133686306,0.0,33.908971124826216,6.48908730367172e-08,0.0,5.196226304062636e-09,1.1041106695915024e-12
1136,68220.0,68220,33.9965922797332,33.9965922797343,105.85109842671635,0.0,33.99659234462517,6.489086392553795e-08,0.0,5.1962261796727875e-09,1.1010079862884137e-12
1137,68280.0,68280,34.08515080190723,34.08515080190833,106.33271681718347,0.0,34.08515086679918,6.489085483433355e-08,0.0,5.196226049858153e-09,1.0978173661161444e-12
1138,68340.0,68340,34.17464390600276,34.17464390600385,106.8155897867147,0.0,34.17464397089469,6.48908457693069e-08,0.0,5.196225914250253e-09,1.0945339152788505e-12
1139,68400.0,68400,34.26506799654261,34.2650679965437,107.29973057522061,0.0,34.26506806143454,6.489083673714406e-08,0.0,5.19622577244961e-09,1.0911523276404294e-12
1140,68460.0,68460,34.356418517065094,34.35641851706618,107.78515237167584,0.0,34.356418581957,6.489082774507108e-08,0.0,5.19622562402218e-09,1.0876668448436028e-12
1141,68520.0,68520,34.44868985611439,34.44868985611548,108.27186830050515,0.0,34.4486899210063,6.489081880089977e-08,0.0,5.196225468496212e-09,1.0840712637982482e-12
1142,68580.0,68580,34.541875244325944,34.541875244327024,108.75989140663764,0.0,34.541875309217836,6.489080991307424e-08,0.0,5.196225305358758e-09,1.0803587782766282e-12
1143,68640.0,68640,34.63596664168912,34.6359666416902,109.24923463910314,0.0,34.635966706581,6.489080109072668e-08,0.0,5.1962251340505496e-09,1.0765220471608121e-12
1144,68700.0,68700,34.73095461394411,34.73095461394517,109.73991083303126,0.0,34.730954678835964,6.489079234375648e-08,0.0,5.196224953961871e-09,1.0725530241881265e-12
1145,68760.0,68760,34.82682819694708,34.826828196948156,110.2319326898997,0.0,34.82682826183894,6.489078368287929e-08,0.0,5.196224764427086e-09,1.0684429833982754e-12
1146,68820.0,68820,34.923574747721815,34.92357474772288,110.72531275586064,0.0,34.92357481261366,6.4890775119725e-08,0.0,5.196224564718956e-09,1.0641823656366945e-12
1147,68880.0,68880,35.021179780746365,35.021179780747424,111.2200633979576,0.0,35.021179845638194,6.48907666669064e-08,0.0,5.196224354041459e-09,1.059760731946476e-12
1148,68940.0,68940,35.11962678789332,35.119626787894376,111.71619677802241,0.0,35.11962685278514,6.489075833813483e-08,0.0,5.196224131523149e-09,1.055166710757308e-12
1149,69000.0,69000,35.21889704024887,35.21889704024992,112.21372482402177,0.0,35.21889710514068,6.48907501483011e-08,0.0,5.196223896208857e-09,1.050387758136166e-12
1150,69060.0,69060,35.318969369882275,35.31896936988332,112.71265919859616,0.0,35.31896943477407,6.489074211361843e-08,0.0,5.196223647049914e-09,1.0454102303329712e-12
1151,69120.0,69120,35.41981992943175,35.41981992943279,113.21301126450703,0.0,35.419819994323525,6.48907342517344e-08,0.0,5.196223382895157e-09,1.0402190891231025e-12
1152,69180.0,69180,35.521421927229746,35.52142192723078,113.7147920466782,0.0,35.52142199212151,6.48907265818817e-08,0.0,5.196223102478704e-09,1.0347979004951342e-12
1153,69240.0,69240,35.623745335483086,35.62374533548412,114.21801219048481,0.0,35.62374540037483,6.489071912504182e-08,0.0,5.196222804408971e-09,1.0291285654506317e-12
1154,69300.0,69300,35.72675656894805,35.72675656894907,114.72268191590838,0.0,35.726756633839784,6.489071190411366e-08,0.0,5.196222487153186e-09,1.023191292001157e-12
1155,69360.0,69360,35.830418131404464,35.83041813140549,115.22881096713934,0.0,35.83041819629619,6.48907049441179e-08,0.0,5.196222149024895e-09,1.0169642752644336e-12
1156,69420.0,69420,35.93468822725492,35.934688227255926,115.73640855717179,0.0,35.934688292146625,6.489069827240245e-08,0.0,5.196221788165544e-09,1.0104236532358338e-12
1157,69480.0,69480,36.03952033572119,36.03952033572219,116.24548330689544,0.0,36.03952040061288,6.489069191889637e-08,0.0,5.196221402528677e-09,1.0035432855454018e-12
1158,69540.0,69540,36.144862745359866,36.14486274536086,116.75604317815569,0.0,36.144862810251546,6.489068591635671e-08,0.0,5.196220989860569e-09,9.962945268801682e-13
1159,69600.0,69600,36.25065804715562,36.250658047156605,117.26809540021915,0.0,36.25065811204729,6.489068030066022e-08,0.0,5.196220547681238e-09,9.886460889437927e-13
1160,69660.0,69660,36.35684258536544,36.35684258536642,117.78164638905808,0.0,36.3568426502571,6.489067511111158e-08,0.0,5.196220073263483e-09,9.805639488145895e-13
1161,69720.0,69720,36.463345866481056,36.46334586648204,118.29670165885499,0.0,36.4633459313727,6.489067039079326e-08,0.0,5.19621956361373e-09,9.720111060076064e-13
1162,69780.0,69780,36.57008992858309,36.570089928584046,118.81326572513434,0.0,36.57008999347472,6.489066618690237e-08,0.0,5.196219015451409e-09,9.629476325198865e-13
1163,69840.0,69840,36.67698867586827,36.676988675869225,119.33134199896014,0.0,36.67698874075989,6.489066255115627e-08,0.0,5.196218425191779e-09,9.533306001876687e-13
1164,69900.0,69900,36.78394718652607,36.783947186527016,119.85093267170582,0.0,36.78394725141767,6.489065954018519e-08,0.0,5.19621778893095e-09,9.431142650265346e-13
1165,69960.0,69960,36.89086100655865,36.89086100655958,120.37203859001917,0.0,36.89086107145024,6.489065721593275e-08,0.0,5.196217102436842e-09,9.322502372403678e-13
1166,70020.0,70020,36.997615447763316,36.99761544776424,120.89465912078295,0.0,36.997615512654896,6.489065564608367e-08,0.0,5.1962163611463425e-09,9.206880280813333e-13
1167,70080.0,70080,37.10408491502791,37.10408491502883,121.41879200613047,0.0,37.104084979919485,6.489065490444841e-08,0.0,5.196215560175337e-09,9.083755968037143e-13
1168,70140.0,70140,37.21013229640204,37.21013229640294,121.94443320893092,0.0,37.210132361293596,6.489065507133995e-08,0.0,5.196214694340708e-09,8.952604155234556e-13
1169,70200.0,70200,37.315608459054666,37.315608459055554,122.47157674963412,0.0,37.3156085239462,6.489065623387063e-08,0.0,5.196213758203637e-09,8.812906494335507e-13
1170,70260.0,70260,37.42035190497256,37.42035190497342,123.00021453597496,0.0,37.420351969864086,6.48906584861712e-08,0.0,5.196212746135296e-09,8.664168303349529e-13
1171,70320.0,70320,37.52418865149878,37.52418865149964,123.5303361877996,0.0,37.524188716390306,6.48906619294765e-08,0.0,5.196211652412888e-09,8.505938714003921e-13
1172,70380.0,70380,37.62693241277382,37.62693241277465,124.06192886020004,0.0,37.626932477665314,6.489066667204081e-08,0.0,5.196210471350245e-09,8.337833292698484e-13
1173,70440.0,70440,37.728385167429295,37.72838516743011,124.59497706921854,0.0,37.72838523232079,6.489067282880656e-08,0.0,5.196209197467313e-09,8.159561203264889e-13
1174,70500.0,70500,37.82833820360866,37.828338203609455,125.12946252559468,0.0,37.828338268500126,6.489068052081228e-08,0.0,5.19620782570245e-09,7.970951653777333e-13
1175,70560.0,70560,37.92657373228306,37.92657373228384,125.66536398331665,0.0,37.92657379717453,6.489068987422773e-08,0.0,5.196206351666628e-09,7.771980020017437e-13
1176,70620.0,70620,38.02286715111289,38.022867151113644,126.20265711102822,0.0,38.02286721600434,6.489070101900289e-08,0.0,5.196204771934077e-09,7.562787380730637e-13
1177,70680.0,70680,38.11699002095726,38.116990020958,126.74131439550654,0.0,38.11699008584871,6.489071408709167e-08,0.0,5.196203084358044e-09,7.34369241842034e-13
1178,70740.0,70740,38.20871378329851,38.208713783299224,127.28130508730764,0.0,38.20871384818996,6.489072921018551e-08,0.0,5.196201288393252e-09,7.115184451487341e-13
1179,70800.0,70800,38.297814197890055,38.297814197890744,127.82259519907524,0.0,38.297814262781486,6.48907465170553e-08,0.0,5.196199385391937e-09,6.877897195832218e-13
1180,70860.0,70860,38.384076416997566,38.384076416998234,128.36514756671622,0.0,38.384076481889,6.489076613050723e-08,0.0,5.196197378836775e-09,6.632552401080663e-13
1181,70920.0,70920,38.467300539053284,38.46730053905392,128.9089219824612,0.0,38.467300603944715,6.489078816410864e-08,0.0,5.196195274458011e-09,6.379871852661219e-13
1182,70980.0,70980,38.54730740783689,38.5473074078375,129.45387540660198,0.0,38.547307472728306,6.489081271889395e-08,0.0,5.196193080180213e-09,6.120454135080727e-13
1183,71040.0,71040,38.623944353965754,38.623944353966344,129.99996226138387,0.0,38.62394441885718,6.489083988031182e-08,0.0,5.196190805839537e-09,5.854619910729299e-13
1184,71100.0,71100,38.697090526801276,38.69709052680184,130.54713480623593,0.0,38.69709059169271,6.48908697157267e-08,0.0,5.19618846261951e-09,5.582225976711186e-13
1185,71160.0,71160,38.766661450343136,38.76666145034366,131.09534358853648,0.0,38.76666151523457,6.489090227289048e-08,0.0,5.19618606216026e-09,5.302461182323418e-13
1186,71220.0,71220,38.83261246785984,38.832612467860336,131.64453795892052,0.0,38.83261253275128,6.489093757971757e-08,0.0,5.196183615315918e-09,5.01362306863134e-13
1187,71280.0,71280,38.89494082249986,38.89494082250033,132.19466663538606,0.0,38.89494088739131,6.48909756457806e-08,0.0,5.196181130541735e-09,4.71287505992809e-13
1188,71340.0,71340,38.953686253461896,38.95368625346234,132.7456782968757,0.0,38.953686318353355,6.489101646582854e-08,0.0,5.196178611892954e-09,4.3959576789627387e-13
1189,71400.0,71400,39.00893015995816,39.00893015995857,133.2975221853039,0.0,39.00893022484963,6.489106002566446e-08,0.0,5.196176056576988e-09,4.0567951839139506e-13
1190,71460.0,71460,39.06079358477335,39.06079358477372,133.85014869574087,0.0,39.06079364966483,6.489110631071679e-08,0.0,5.196173451910162e-09,3.6868600730695177e-13
1191,71520.0,71520,39.10943448508144,39.10943448508176,134.40350993802932,0.0,39.10943454997292,6.489115531785205e-08,0.0,5.196170771302039e-09,3.2739424289922773e-13
1192,71580.0,71580,39.155044995764726,39.15504499576501,134.95756025973887,0.0,39.15504506065622,6.48912070713708e-08,0.0,5.196167968313672e-09,2.798645820355663e-13
1193,71640.0,71640,39.197849692490266,39.19784969249049,135.51225673034972,0.0,39.19784975738175,6.489126164517993e-08,0.0,5.196164965050677e-09,2.2156934091798222e-13
1194,71700.0,71700,39.23810635165392,39.238106351654054,136.06755960083083,0.0,39.23810641654537,6.489131919509584e-08,0.0,5.196161609652152e-09,1.2995162384735105e-13
1195,71760.0,71760,39.276111693862184,39.276111693862,136.62343277398347,0.0,39.27611175875339,6.489138000961755e-08,0.0,5.1961573768103385e-09,-1.822649489367421e-13
1196,71820.0,71820,39.3122168915693,39.31221689156679,137.1798443561507,0.0,39.312216956458236,6.48914445973844e-08,0.0,5.196148624076928e-09,-2.505966526266533e-12
1197,71880.0,71880,39.346863430201545,39.346863430177095,137.73676742861878,0.0,39.346863495068604,6.489151385440272e-08,0.0,5.196101867791459e-09,-2.4448798728936337e-11
1198,71940.0,71940,39.38066557728659,39.38066557704652,138.29418132705044,0.0,39.38066564193811,6.489158942081564e-08,0.0,5.195690175501725e-09,-2.400716190063018e-10
1199,72000.0,72000,39.41461026992598,39.41461026755242,138.85207408922946,0.0,39.41461033244409,6.489167452016727e-08,0.0,5.191685623721505e-09,-2.373559486383863e-09
1200,72060.0,72060,39.45060187329027,39.45060184961887,139.41044773452398,0.0,39.45060191451064,6.489177607164344e-08,0.0,5.152123933590747e-09,-2.3671400466254327e-08
1201,72120.0,72120,39.493804428090584,39.49380416401629,139.96933126056445,0.0,39.493804228908196,6.489191127084428e-08,0.0,4.757599673757263e-09,-2.6407429565367806e-07
1202,72180.0,72180,40.00000219877832,-259.9999975272714,140.5288268193922,300.0,2.7249676261852336e-08,259.99999755452103,0.0,3.563652852934517e-10,2.739502953915251e-07
1203,72240.0,72240,40.000002198892275,-259.99999752780406,136.1954935272026,300.0,2.711951166282541e-08,259.99999755492354,0.0,4.9217463026297126e-09,2.7330362783528526e-07
1204,72300.0,72300,40.000002197937924,-259.9999975232375,131.86216023500444,300.0,2.821224408597586e-08,259.99999755144967,0.0,9.475901281003235e-09,2.7882456728050285e-07
1205,72360.0,72360,40.00000219647385,-259.9999975157362,127.52882694287966,300.0,2.989961073654806e-08,259.9999975456358,0.0,1.4121799726564723e-08,2.877899132132066e-07
1206,72420.0,72420,40.000002194580276,-259.9999975049918,123.19549365087569,300.0,3.2102015601082604e-08,259.9999975370938,0.0,1.8916917405257057e-08,3.0042785228774486e-07
1207,72480.0,72480,40.000002192227726,-259.9999974895939,118.86216035904526,300.0,3.487021372018923e-08,259.99999752446405,0.0,2.392250133480386e-08,3.181783646900652e-07
1208,72540.0,72540,40.000002189327525,-259.99999746635365,114.52882706746458,300.0,3.83325306984216e-08,259.9999975046861,0.0,2.9223784333155655e-08,3.4431878255183e-07
1209,72600.0,72600,40.000002185735546,-259.9999974274518,110.19549377626255,300.0,4.269869559907954e-08,259.99999747015045,0.0,3.496061400708941e-08,3.868126534565338e-07
1210,72660.0,72660,40.000002181251524,-259.9999973480825,105.86216048569797,300.0,4.8274055662082146e-08,259.99999739635655,0.0,4.140555910411012e-08,4.7066591581992665e-07
1211,72720.0,72720,40.00000217572335,-259.9999970931108,101.5288271964423,300.0,5.5346023601819757e-08,259.9999971484567,0.0,4.9247950351028574e-08,7.311658531924081e-07
1212,72780.0,72780,40.000002170195266,-91.53233788417977,97.19549391141847,260.00000000000017,6.285507689673766e-08,91.53233794703483,0.0,6.143190168941378e-08,128.4676599456251
1213,72840.0,72840,40.00000214213852,-5.757390859961575e-08,95.6699549465247,0.0,1.0367999265334364e-07,1.6125386186314496e-07,0.0,2.1411277271900784,-40.00000219971247
1214,72900.0,72900,40.00000211304983,4.82398055510284e-08,95.66995494530565,0.0,1.547864941804055e-07,1.0654664827861391e-07,0.0,1.4744610238592344,-40.00000206481007
1215,72960.0,72960,40.00000205206023,2.2586506693935426e-07,95.66995494572238,0.0,3.054184492154539e-07,7.955334144492185e-08,0.0,0.807794322776585,-40.0000018261952
1216,73020.0,73020,40.000001811233496,31.532344797675243,95.66995494872296,0.0,31.5323448605403,6.286507351218092e-08,0.0,0.14112762567106182,-8.46765701355822
1217,73080.0,73080,40.00000182890663,40.00000160722624,96.11666316653256,0.0,40.00000167029368,6.30674446982853e-08,0.0,8.77848518397593e-09,-2.2168039923574195e-07
1218,73140.0,73140,40.000001828907216,40.00000154547519,96.6833298558103,0.0,40.0000016085422,6.306700551974709e-08,0.0,5.0838561842429735e-09,-2.8343202005864614e-07
1219,73200.0,73200,40.00000220025236,-259.99999753392314,97.24999654421323,300.0,2.557201201929557e-08,259.99999755949517,0.0,3.6004659024739165e-10,2.6582454493713724e-07
1220,73260.0,73260,40.00000220040536,-259.99999753458616,92.91666325191696,300.0,2.5398614911514092e-08,259.9999975599848,0.0,4.792391167608727e-09,2.650085012501105e-07
1221,73320.0,73320,40.000002199593276,-259.9999975310116,88.58332995961007,300.0,2.6320523429622057e-08,259.99999755733216,0.0,9.210775312268596e-09,2.6939513481265494e-07
1222,73380.0,73380,40.000002198334776,-259.9999975251648,84.24999666736043,300.0,2.7757214389144552e-08,259.999997552922,0.0,1.3702043432239877e-08,2.765004437297104e-07
1223,73440.0,73440,40.00000219671332,-259.99999751700716,79.91666337520466,300.0,2.962273400931546e-08,259.99999754662997,0.0,1.8311561834031992e-08,2.862794932320971e-07
1224,73500.0,73500,40.000002194715805,-259.9999975058052,75.58333008318019,300.0,3.194363809543007e-08,259.99999753774887,0.0,2.308392344741899e-08,2.994790082454129e-07
1225,73560.0,73560,40.0000021922811,-259.9999974899748,71.24999679133661,300.0,3.480699971246459e-08,259.99999752478186,0.0,2.8076155806713377e-08,3.1774408846711717e-07
1226,73620.0,73620,40.00000218930547,-259.9999974661599,66.91666349974973,300.0,3.835903600487629e-08,259.99999750451894,0.0,3.337269907848948e-08,3.445346002763762e-07
1227,73680.0,73680,40.00000218563509,-259.9999974261566,62.58333020855086,300.0,4.282197089947318e-08,259.99999746897856,0.0,3.911565455902355e-08,3.8820833963496164e-07
1228,73740.0,73740,40.000002181062825,-259.99999734354043,58.24999691800756,300.0,4.8511606898188746e-08,259.999997392052,0.0,4.5586418146911515e-08,4.7539671663232564e-07
1229,73800.0,73800,40.0000021754753,-259.9999970634222,53.91666362882699,300.0,5.566863485820729e-08,259.9999971190909,0.0,5.351024144803103e-08,7.611025118786481e-07
1230,73860.0,73860,40.00000216989674,-24.999931789520982,49.583330344297146,185.0000000000001,6.305790194152862e-08,24.999931852578886,0.0,6.619575533617576e-08,120.00006604058238
1231,73920.0,73920,40.000002141104396,-5.1985690930348346e-08,49.16666481431386,0.0,1.0532688925384883e-07,1.5731258609645935e-07,0.0,2.0000011668725186,-40.00000219309008
1232,73980.0,73980,40.00000211115194,5.363917282128833e-08,49.166664813183814,0.0,1.584584461401794e-07,1.0481927857834701e-07,0.0,1.333334463654697,-40.000002057512766
1233,74040.0,74040,40.00000204750367,2.410463394021863e-07,49.166664813681365,0.0,3.196346057938762e-07,7.858827077960955e-08,0.0,0.6666677626964448,-40.00000180645733
1234,74100.0,74100,40.00000182869982,39.99993840540237,49.16666481689942,0.0,39.99993846846658,6.306421808664887e-08,0.0,1.0659224109203602e-06,-6.342329745505385e-05
1235,74160.0,74160,40.00000182892628,40.000001631714056,49.733330610818,0.0,40.00000169478098,6.306693151092794e-08,0.0,8.867582358280552e-09,-1.9721222709747608e-07
1236,74220.0,74220,40.000001828926365,40.000001808198384,50.299997300442655,0.0,40.000001871265184,6.306680467866864e-08,0.0,5.58078071428558e-09,-2.0727978522239442e-08
1237,74280.0,74280,40.00000182892558,40.0000018268131,50.8666639925675,0.0,40.00000188987982,6.306672814934676e-08,0.0,5.235361887706608e-09,-2.112483067625068e-09
1238,74340.0,74340,40.00000182892502,40.00000182870776,51.433330684956054,0.0,40.00000189177445,6.306669635118824e-08,0.0,5.20020513718349e-09,-2.172603121277831e-10
1239,74400.0,74400,40.000001828925235,40.00000182890026,51.99999737737146,0.0,40.00000189196694,6.306667879192488e-08,0.0,5.196634973502771e-09,-2.497218722108504e-11
1240,74460.0,74460,40.00000182892584,40.00000182892043,52.56666406978957,0.0,40.0000018919871,6.306666835099762e-08,0.0,5.196270025803365e-09,-5.407860360922294e-12
1241,74520.0,74520,40.00000182892657,40.00000182892318,53.13333076220798,0.0,40.00000189198985,6.306666096953166e-08,0.0,5.196231150571367e-09,-3.3847969624675834e-12
1242,74580.0,74580,40.00000182892736,40.000001828924205,53.69999745462643,0.0,40.000001891990856,6.306665505619161e-08,0.0,5.196225988614611e-09,-3.1560354949020307e-12
1243,74640.0,74640,40.00000182892816,40.00000182892504,54.266664147044885,0.0,40.0000018919917,6.306664987947063e-08,0.0,5.196224674953915e-09,-3.110629166576456e-12
1244,74700.0,74700,40.00000182892896,40.00000182892586,54.83333083946336,0.0,40.000001891992504,6.306664536833739e-08,0.0,5.196224199669753e-09,-3.0913686390461375e-12
1245,74760.0,74760,40.000001828929705,40.000001828926614,55.39999753188184,0.0,40.00000189199326,6.306664130624472e-08,0.0,5.1962241400880405e-09,-3.0889010027436527e-12
1246,74820.0,74820,40.000001828930436,40.00000182892734,55.966664224300345,0.0,40.000001891993975,6.306663756999522e-08,0.0,5.196224208740878e-09,-3.093523762977899e-12
1247,74880.0,74880,40.00000182893115,40.00000182892804,56.53333091671885,0.0,40.00000189199468,6.306663404517712e-08,0.0,5.1962242835235236e-09,-3.1001026809873094e-12
1248,74940.0,74940,40.00000182893184,40.000001828928745,57.09999760913737,0.0,40.000001891995375,6.306663069575081e-08,0.0,5.196224334071735e-09,-3.102620583629209e-12
1249,75000.0,75000,40.00000182893255,40.00000182892944,57.6666643015559,0.0,40.00000189199607,6.306662749452813e-08,0.0,5.196224431554835e-09,-3.1032760856137643e-12
1250,75060.0,75060,40.00000182893322,40.00000182893011,58.23333099397443,0.0,40.000001891996746,6.306662436950659e-08,0.0,5.196224608961685e-09,-3.1060355997833217e-12
1251,75120.0,75120,40.00000182893387,40.000001828930756,58.79999768639298,0.0,40.00000189199738,6.30666212863925e-08,0.0,5.1962248283957195e-09,-3.111190674155516e-12
1252,75180.0,75180,40.00000182893449,40.00000182893137,59.36666437881153,0.0,40.00000189199798,6.306661826420819e-08,0.0,5.196225044852666e-09,-3.117799939222134e-12
1253,75240.0,75240,40.00000182893509,40.000001828931964,59.93333107123009,0.0,40.00000189199858,6.306661533645731e-08,0.0,5.196225231808591e-09,-3.124246427793193e-12
1254,75300.0,75300,40.00000182893568,40.000001828932554,60.49999776364866,0.0,40.00000189199916,6.306661252820735e-08,0.0,5.1962253920810515e-09,-3.1294800817376665e-12
1255,75360.0,75360,40.00000182893626,40.00000182893313,61.06666445606723,0.0,40.000001891999744,6.306660984309148e-08,0.0,5.19622554650902e-09,-3.133843240124749e-12
1256,75420.0,75420,40.000001828936846,40.000001828933705,61.633331148485816,0.0,40.00000189200031,6.306660726647714e-08,0.0,5.196225710380038e-09,-3.1380002324921245e-12
1257,75480.0,75480,40.00000182893741,40.00000182893426,62.199997840904416,0.0,40.00000189200087,6.3066604776981e-08,0.0,5.1962258873754015e-09,-3.142303650013013e-12
1258,75540.0,75540,40.000001828937954,40.000001828934806,62.76666453332302,0.0,40.000001892001414,6.30666023552233e-08,0.0,5.1962260734317304e-09,-3.146925441486286e-12
1259,75600.0,75600,40.00000182893847,40.00000182893532,63.33333122574163,0.0,40.00000189200192,6.306659999166584e-08,0.0,5.196226259537736e-09,-3.151709577468128e-12
1260,75660.0,75660,40.00000182893898,40.000001828935815,63.89999791816025,0.0,40.00000189200241,6.306659769076486e-08,0.0,5.196226439065856e-09,-3.1560831013226725e-12
1261,75720.0,75720,40.00000182893945,40.00000182893629,64.46666461057887,0.0,40.00000189200289,6.306659545975018e-08,0.0,5.196226616537664e-09,-3.159897180318437e-12
1262,75780.0,75780,40.000001828939915,40.00000182893675,65.03333130299751,0.0,40.00000189200334,6.306659329872684e-08,0.0,5.19622680017191e-09,-3.163756104329011e-12
1263,75840.0,75840,40.00000182894037,40.0000018289372,65.59999799541616,0.0,40.000001892003795,6.306659120597744e-08,0.0,5.196226988457299e-09,-3.1679143391928636e-12
1264,75900.0,75900,40.0000018289408,40.00000182893763,66.1666646878348,0.0,40.00000189200422,6.306658918184533e-08,0.0,5.196227175587909e-09,-3.172086880944346e-12
1265,75960.0,75960,40.00000182894121,40.00000182893804,66.73333138025345,0.0,40.000001892004626,6.306658722766839e-08,0.0,5.1962273602592005e-09,-3.1761119033434178e-12
1266,76020.0,76020,40.00000182894161,40.00000182893843,67.2999980726721,0.0,40.00000189200502,6.306658534477627e-08,0.0,5.196227543650101e-09,-3.1800192837465537e-12
1267,76080.0,76080,40.00000182894199,40.00000182893881,67.86666476509076,0.0,40.00000189200539,6.30665835344108e-08,0.0,5.196227726358966e-09,-3.1838544630676e-12
1268,76140.0,76140,40.00000182894235,40.00000182893917,68.43333145750944,0.0,40.00000189200575,6.306658179787988e-08,0.0,5.1962279082271215e-09,-3.1876265262464007e-12
1269,76200.0,76200,40.00000182894271,40.00000182893952,68.9999981499281,0.0,40.0000018920061,6.306658013654109e-08,0.0,5.196228088971923e-09,-3.1913248897430018e-12
1270,76260.0,76260,40.00000182894304,40.000001828939844,69.56666484234678,0.0,40.00000189200642,6.30665785516228e-08,0.0,5.196228268513001e-09,-3.1949368494132154e-12
1271,76320.0,76320,40.00000182894336,40.00000182894016,70.13333153476546,0.0,40.000001892006736,6.306657704408684e-08,0.0,5.196228446992065e-09,-3.1984538639721866e-12
1272,76380.0,76380,40.00000182894366,40.00000182894046,70.69999822718414,0.0,40.000001892007035,6.306657561454278e-08,0.0,5.19622862468436e-09,-3.2018718651743987e-12
1273,76440.0,76440,40.00000182894395,40.000001828940746,71.26666491960283,0.0,40.00000189200732,6.306657426327333e-08,0.0,5.196228801908002e-09,-3.205190020219191e-12
1274,76500.0,76500,40.00000182894422,40.00000182894101,71.83333161202152,0.0,40.00000189200759,6.306657299030054e-08,0.0,5.196228978961737e-09,-3.208409454444403e-12
1275,76560.0,76560,40.00000182894448,40.00000182894126,72.39999830444022,0.0,40.00000189200783,6.306657179548907e-08,0.0,5.196229156092785e-09,-3.211532156152285e-12
1276,76620.0,76620,40.00000182894471,40.00000182894149,72.96666499685892,0.0,40.000001892008065,6.306657067863608e-08,0.0,5.196229333489476e-09,-3.214560538548178e-12
1277,76680.0,76680,40.00000182894493,40.00000182894172,73.53333168927762,0.0,40.00000189200829,6.30665696395439e-08,0.0,5.196229511283491e-09,-3.2174986341211607e-12
1278,76740.0,76740,40.00000182894514,40.00000182894192,74.09999838169634,0.0,40.000001892008484,6.306656867811197e-08,0.0,5.196229689533502e-09,-3.2203658387499567e-12
1279,76800.0,76800,40.00000182894533,40.0000018289421,74.66666507411504,0.0,40.00000189200867,6.306656779443915e-08,0.0,5.196229867975676e-09,-3.2233333336569504e-12
1280,76860.0,76860,40.00000182894551,40.000001828942274,75.23333176653375,0.0,40.00000189200884,6.306656698902818e-08,0.0,5.1962300434992186e-09,-3.2280694297094337e-12
1281,76920.0,76920,40.00000182894566,40.00000182894241,75.79999845895246,0.0,40.000001892008974,6.306656626317636e-08,0.0,5.196230185195129e-09,-3.251051957599339e-12
1282,76980.0,76980,40.000001828945805,40.000001828942345,76.3666651513712,0.0,40.00000189200891,6.306656561981501e-08,0.0,5.19622998752915e-09,-3.4553415774813498e-12
1283,77040.0,77040,40.000001828945926,40.00000182894047,76.9333318437899,0.0,40.00000189200704,6.306656506527722e-08,0.0,5.196226427290001e-09,-5.455021206702297e-12
1284,77100.0,77100,40.00000182894603,40.0000018289208,77.4999985362086,0.0,40.00000189198737,6.30665646130849e-08,0.0,5.1961895798813155e-09,-2.5228128045260636e-11
1285,77160.0,77160,40.000001828946125,40.00000182872517,78.066665228627,0.0,40.00000189179173,6.306656428917748e-08,0.0,5.195823220203347e-09,-2.2095670228548304e-10
1286,77220.0,77220,40.0000018289462,40.00000182678628,78.63333192104265,0.0,40.00000188985284,6.306656409939354e-08,0.0,5.192194757679501e-09,-2.1599268756383885e-09
1287,77280.0,77280,40.00000182894625,40.00000180744152,79.19999861343082,0.0,40.000001870508086,6.306656344119716e-08,0.0,5.156250188602459e-09,-2.150473418314055e-08
1288,77340.0,77340,40.000001828945905,40.0000015927132,79.76666530554495,0.0,40.000001655779755,6.306655302307139e-08,0.0,4.7978925030817555e-09,-2.3623270417809723e-07
1289,77400.0,77400,40.00000216988637,-109.9999975939013,80.33333199461708,150.0,6.306395346626949e-08,109.99999765696526,0.0,8.607389333010391e-10,2.3621231301705199e-07
1290,77460.0,77460,40.00000216988634,-109.99999780862925,78.49999870122743,150.0,6.306396883382836e-08,109.99999787169324,0.0,4.7978922762222414e-09,2.1484402974381063e-08
1291,77520.0,77520,40.00000216988634,-109.9999978279741,76.66666540425899,150.0,6.306396958913224e-08,109.99999789103808,0.0,5.15625071855456e-09,2.1395553001176463e-09
1292,77580.0,77580,40.00000216988634,-109.99999782991306,74.83333210696813,150.0,6.306396928957533e-08,109.99999789297705,0.0,5.192195364882392e-09,2.0059416319649506e-10
1293,77640.0,77640,40.00000216988634,-109.99999783010878,72.99999880964495,150.0,6.306396903328754e-08,109.99999789317278,0.0,5.195824050925563e-09,4.8684134951385305e-12
1294,77700.0,77700,40.00000216988634,-109.99999783012855,71.16666551231852,150.0,6.306396887658093e-08,109.99999789319253,0.0,5.196190675620433e-09,-1.4904030988427587e-11
1295,77760.0,77760,40.00000216988634,-109.99999783013055,69.33333221499173,150.0,6.306396879631065e-08,109.99999789319453,0.0,5.196227791120999e-09,-1.690331283773855e-11
1296,77820.0,77820,40.00000216988634,-109.99999783013077,67.49999891766493,150.0,6.306396877373231e-08,109.99999789319472,0.0,5.196231615401303e-09,-1.710705509635693e-11
1297,77880.0,77880,40.00000216988634,-109.99999783013078,65.66666562033811,150.0,6.306396879723529e-08,109.99999789319475,0.0,5.1962320727260795e-09,-1.7129266553937417e-11
1298,77940.0,77940,40.00000216988634,-109.99999783013078,63.83333232301131,150.0,6.306396885985906e-08,109.99999789319477,0.0,5.196232187172327e-09,-1.7132993523480678e-11
1299,78000.0,78000,40.00000216988634,-109.99999783013078,61.9999990256845,150.0,6.306396895773625e-08,109.99999789319477,0.0,5.1962322653748865e-09,-1.7134702342819425e-11
1300,78060.0,78060,40.00000216988634,-109.99999783013078,60.16666572835769,150.0,6.306396908937539e-08,109.99999789319477,0.0,5.19623233954889e-09,-1.7136056811473557e-11
1301,78120.0,78120,40.00000216988634,-109.99999783013078,58.33333243103088,150.0,6.306396925529854e-08,109.99999789319477,0.0,5.196232414207173e-09,-1.713726530701227e-11
1302,78180.0,78180,40.00000216988634,-109.99999783013078,56.49999913370408,150.0,6.306396945760744e-08,109.99999789319477,0.0,5.196232490422294e-09,-1.713856236714684e-11
1303,78240.0,78240,40.000002169886336,-109.99999783013078,54.66666583637727,150.0,6.306396969938598e-08,109.99999789319477,0.0,5.196232565423145e-09,-1.7141694886363147e-11
1304,78300.0,78300,40.000002169886336,-109.99999783013084,52.83333253905046,150.0,6.306396998453626e-08,109.99999789319479,0.0,5.1962326074326806e-09,-1.7163648230566412e-11
1305,78360.0,78360,40.000002169886336,-109.99999783013104,50.99999924172365,150.0,6.306397031844953e-08,109.999997893195,0.0,5.196232301671524e-09,-1.7372238771531297e-11
1306,78420.0,78420,40.000002169886336,-109.9999978301331,49.16666594439683,150.0,6.306397070824882e-08,109.99999789319706,0.0,5.196228536486114e-09,-1.942362891677572e-11
1307,78480.0,78480,40.00000216988633,-109.99999783015335,47.33333264706999,150.0,6.306397114049626e-08,109.9999978932173,0.0,5.196190599039413e-09,-3.9656931656100554e-11
1308,78540.0,78540,40.00000216988633,-109.99999783035297,45.4999993497428,150.0,6.306397131362307e-08,109.99999789341696,0.0,5.195815475501974e-09,-2.3931751544419423e-10
1309,78600.0,78600,40.000002169886336,-109.9999978323259,43.666666052412296,150.0,6.306396811424005e-08,109.99999789538987,0.0,5.192112892911901e-09,-2.2122509283507287e-09
1310,78660.0,78660,40.00000216988644,-109.99999785194473,41.8333327550489,150.0,6.306389882852452e-08,109.99999791500862,0.0,5.155529815953646e-09,-2.183116380325263e-08
1311,78720.0,78720,40.00000216988668,-9.999998072706584,39.99999945735852,50.00000000000014,6.306470168282493e-08,9.99999813577129,0.0,4.7919595427583575e-09,-2.425931223542266e-07
1312,78780.0,78780,40.00000219721458,-259.99999751960917,39.83333282265545,300.0,2.904445459487823e-08,259.9999975486536,0.0,7.490560375974952e-10,2.8317626659384345e-07
1313,78840.0,78840,40.0000021970989,-259.9999975190155,35.49999953058905,300.0,2.9177803995145322e-08,259.99999754819333,0.0,5.470118562139029e-09,2.8388559076259115e-07
1314,78900.0,78900,40.00000219590406,-259.9999975126352,31.166666238532212,300.0,3.056016402822822e-08,259.99999754319543,0.0,1.0202749393358651e-08,2.9146070374493477e-07
1315,78960.0,78960,40.000002194134645,-259.99999750226544,26.833332946578253,300.0,3.262387530353625e-08,259.9999975348893,0.0,1.5061450306303412e-08,3.0359997159068615e-07
1316,79020.0,79020,40.00000219184682,-259.9999974868436,22.499999654791964,300.0,3.5322030264070786e-08,259.99999752216564,0.0,2.012232867671922e-08,3.213095847461746e-07
1317,79080.0,79080,40.00000218897928,-259.99999746315996,18.166666363255963,300.0,3.875227094463413e-08,259.9999975019123,0.0,2.5478246826264325e-08,3.478607271075615e-07
1318,79140.0,79140,40.00000218539835,-259.9999974229944,13.833333072106113,300.0,4.3113328474002684e-08,259.9999974661077,0.0,3.127657951079143e-08,3.9160726747102574e-07
1319,79200.0,79200,40.000002180909,-259.99999733965547,9.49999978161479,300.0,4.870599910838986e-08,259.99999738836146,0.0,3.780392867593485e-08,4.794355042050918e-07
1320,79260.0,79260,40.000002175377304,-259.9999970620074,5.166666492498467,300.0,5.5796427198602054e-08,259.99999711780384,0.0,4.579499908196267e-08,7.626152766035175e-07
1321,79320.0,79320,40.000002169897236,-49.9999908071548,0.8333332079918837,249.99999999999983,6.305659514665991e-08,49.9999908702114,0.0,5.850565866629129e-08,160.00000702294784
1322,79380.0,79380,40.00000214110515,-7.377390398616176e-08,2.77146950419308e-08,0.0,9.994948784540648e-08,1.737233968932039e-07,0.0,2.6666668422217947,-40.000002214879046
1323,79440.0,79440,40.0000021111537,1.5439782694537948e-08,2.6234966431646003e-08,0.0,1.3585092230110234e-07,1.2041114389340686e-07,0.0,2.0000001386407718,-40.00000209571391
1324,79500.0,79500,40.000002047509774,1.19747591364374e-07,2.6152396230062184e-08,0.0,2.1189683169588188e-07,9.214924387869732e-08,0.0,1.3333334370457954,-40.000001927762185
1325,79560.0,79560,40.0000018202098,4.1356557967879025e-07,2.761819490083465e-08,0.0,4.880070709717221e-07,7.444149401788897e-08,0.0,0.6666667382499574,-40.00000140664422
1326,79620.0,79620,35.74098419285616,35.7409817722751,3.329070520057349e-08,0.0,35.74098183716757,6.489246951697754e-08,0.0,4.813937458148163e-08,-2.420581060481419e-06
1327,79680.0,79680,33.9097349657222,33.90973482595521,0.5063306082354774,0.0,33.9097348908476,6.489239014205846e-08,0.0,7.796413522061883e-09,-1.397669896774222e-07
1328,79740.0,79740,32.17375167957217,32.17375166498021,0.9867185181073852,0.0,32.173751729872556,6.489234588312013e-08,0.0,5.466958604154546e-09,-1.4591960488592206e-08
1329,79800.0,79800,30.74235292158485,30.742352920104032,1.442513333198814,0.0,30.74235298499637,6.489233139706969e-08,0.0,5.22373894998549e-09,-1.4808171082841985e-09
1330,79860.0,79860,29.474470255516536,29.474470255367617,1.8780299994044973,0.0,29.474470320259943,6.489232844917144e-08,0.0,5.199036433045741e-09,-1.4892119529592046e-10
1331,79920.0,79920,28.3886346749163,28.38863467490223,2.2955849945264153,0.0,28.388634739794565,6.489233141025965e-08,0.0,5.196531804294564e-09,-1.4071990544069075e-11
1332,79980.0,79980,27.443204109664073,27.443204109663732,2.697757318925073,0.0,27.443204174556072,6.489233717015088e-08,0.0,5.196274426386124e-09,-3.3741848398147385e-13
1333,80040.0,80040,26.602126646292838,26.602126646293947,3.0865360436495193,0.0,26.602126711186287,6.48923442422018e-08,0.0,5.196245823308899e-09,1.1076037339364566e-12
1334,80100.0,80100,25.851041540974045,25.851041540975327,3.46339950430956,0.0,25.851041605867678,6.489235193053578e-08,0.0,5.196241218821358e-09,1.286927366321191e-12
1335,80160.0,80160,25.176118161594818,25.176118161596143,3.8296225926442546,0.0,25.1761182264885,6.489235985820219e-08,0.0,5.196239536291296e-09,1.3268926665961392e-12
1336,80220.0,80220,24.56409084296973,24.564090842971076,4.186284266437743,0.0,24.564090907863445,6.489236781761664e-08,0.0,5.196238464477922e-09,1.3466563686173483e-12
1337,80280.0,80280,24.00670614321739,24.006706143218754,4.534275553217376,0.0,24.00670620811113,6.489237568772403e-08,0.0,5.196237675432274e-09,1.360478315461374e-12
1338,80340.0,80340,23.49893310125097,23.49893310125234,4.8743705567505184,0.0,23.498933166144724,6.489238338985956e-08,0.0,5.196237075571998e-09,1.3705685174849107e-12
1339,80400.0,80400,23.034824453530877,23.034824453532256,5.207272108855804,0.0,23.034824518424646,6.489239088040218e-08,0.0,5.196236606394442e-09,1.377694478565874e-12
1340,80460.0,80460,22.606209971415232,22.606209971416614,5.533598788451721,0.0,22.606210036309015,6.489239815147458e-08,0.0,5.196236222501797e-09,1.3827461189544977e-12
1341,80520.0,80520,22.206101206347554,22.20610120634894,5.853853429551,0.0,22.206101271241344,6.489240521489132e-08,0.0,5.196235893787328e-09,1.3866316649822439e-12
1342,80580.0,80580,21.831396324352696,21.83139632435409,6.168439863145154,0.0,21.8313963892465,6.489241208055833e-08,0.0,5.196235604714637e-09,1.3899127527575565e-12
1343,80640.0,80640,21.481062413972634,21.48106241397403,6.477717977577714,0.0,21.48106247886645,6.489241875239741e-08,0.0,5.196235347827076e-09,1.392990509972942e-12
1344,80700.0,80700,21.153786811672227,21.153786811673623,6.78203302827989,0.0,21.15378687656605,6.489242523349001e-08,0.0,5.1962351206504345e-09,1.3961249765198062e-12
1345,80760.0,80760,20.847386821969323,20.84738682197072,7.081711674616143,0.0,20.847386886863152,6.489243152856649e-08,0.0,5.1962349237580105e-09,1.399244527790958e-12
1346,80820.0,80820,20.55943193353779,20.559431933539194,7.377049654431606,0.0,20.55943199843163,6.489243764345438e-08,0.0,5.196234756849207e-09,1.4020648079186979e-12
1347,80880.0,80880,20.287877518691893,20.2878775186933,7.668308273327621,0.0,20.287877583585743,6.489244358451188e-08,0.0,5.1962346161488454e-09,1.4043685819851663e-12
1348,80940.0,80940,20.031157547389384,20.03115754739079,7.955719871346653,0.0,20.03115761228324,6.489244935894338e-08,0.0,5.196234494763677e-09,1.4062038222033492e-12
1349,81000.0,81000,19.78796363759133,19.787963637592735,8.239494603105566,0.0,19.787963702485193,6.48924549749443e-08,0.0,5.196234386268421e-09,1.4077604228752984e-12
1350,81060.0,81060,19.557091017360772,19.55709101736218,8.519824087809008,0.0,19.55709108225464,6.489246044126317e-08,0.0,5.196234287044887e-09,1.4091715148142625e-12
1351,81120.0,81120,19.33743375990059,19.337433759902005,8.796882877059183,0.0,19.337433824794466,6.489246576654421e-08,0.0,5.196234195535766e-09,1.4104879326757942e-12
1352,81180.0,81180,19.128024956188707,19.12802495619012,9.070829855162003,0.0,19.12802502108259,6.489247095876797e-08,0.0,5.196234110955964e-09,1.4117246735480293e-12
1353,81240.0,81240,18.92805014020095,18.92805014020236,9.341810208545576,0.0,18.928050205094838,6.489247602500999e-08,0.0,5.19623403270317e-09,1.4128881904545734e-12
1354,81300.0,81300,18.736825823358124,18.73682582335954,9.609957585369319,0.0,18.73682588825202,6.489248097147354e-08,0.0,5.196233960211142e-09,1.41398380468975e-12
1355,81360.0,81360,18.553761558884464,18.553761558885878,9.87539595103779,0.0,18.553761623778364,6.48924858037096e-08,0.0,5.196233892929998e-09,1.4150169426263644e-12
1356,81420.0,81420,18.378324051962505,18.37832405196392,10.138240906292886,0.0,18.378324116856408,6.48924905268783e-08,0.0,5.196233830332885e-09,1.4159933036114162e-12
1357,81480.0,81480,18.210013065480425,18.210013065481842,10.398600496866583,0.0,18.21001313037434,6.489249514593972e-08,0.0,5.1962337719293686e-09,1.4169191759556777e-12
1358,81540.0,81540,18.048350755019676,18.048350755021097,10.656575681798454,0.0,18.048350819913598,6.489249966574367e-08,0.0,5.19623371728433e-09,1.417801220980724e-12
1359,81600.0,81600,17.892881256130636,17.892881256132053,10.912260650665463,0.0,17.892881321024557,6.489250409103808e-08,0.0,5.196233666034453e-09,1.418646000504679e-12
1360,81660.0,81660,17.74317556863725,17.743175568638666,11.165743134964877,0.0,17.743175633531173,6.48925084264042e-08,0.0,5.196233617895884e-09,1.4194592256854381e-12
1361,81720.0,81720,17.598837179391676,17.598837179393097,11.41710478869147,0.0,17.59883724428561,6.489251267618009e-08,0.0,5.1962335726575646e-09,1.4202452003806578e-12
1362,81780.0,81780,17.459505519534787,17.459505519536208,11.666421648570417,0.0,17.459505584428726,6.489251684439982e-08,0.0,5.196233530162329e-09,1.4210065288690814e-12
1363,81840.0,81840,17.324856310403423,17.324856310404847,11.913764643268056,0.0,17.324856375297365,6.489252093476472e-08,0.0,5.196233490283061e-09,1.4217443945619142e-12
1364,81900.0,81900,17.194599341894847,17.194599341896268,12.159200107503002,0.0,17.194599406788793,6.489252495064624e-08,0.0,5.196233452899918e-09,1.4224588714341402e-12
1365,81960.0,81960,17.068474915851777,17.068474915853198,12.402790264684075,0.0,17.06847498074573,6.489252889512138e-08,0.0,5.196233417884359e-09,1.4231491736163655e-12
1366,82020.0,82020,16.946250185927475,16.946250185928903,12.644593659162874,0.0,16.946250250821436,6.489253277100231e-08,0.0,5.196233385085076e-09,1.4238137650718517e-12
1367,82080.0,82080,16.827716268819838,16.827716268821263,12.88466553663441,0.0,16.8277163337138,6.489253658087874e-08,0.0,5.19623335431757e-09,1.4244499010245177e-12
1368,82140.0,82140,16.712686620099667,16.712686620101092,13.123058183613587,0.0,16.712686684993635,6.489254032713479e-08,0.0,5.19623332534607e-09,1.4250524518151641e-12
1369,82200.0,82200,16.60099700402875,16.600997004030173,13.359821243902562,0.0,16.600997068922716,6.489254401193485e-08,0.0,5.1962332978478115e-09,1.425611785779499e-12
1370,82260.0,82260,16.49250764679596,16.492507646797385,13.595002034630536,0.0,16.492507711689935,6.489254763715681e-08,0.0,5.196233271344326e-09,1.4261103142017262e-12
1371,82320.0,82320,16.387109039983553,16.387109039984978,13.82864589279771,0.0,16.38710910487753,6.489255120420884e-08,0.0,5.196233245077642e-09,1.426519039996143e-12
1372,82380.0,82380,16.28473409729693,16.284734097298355,14.060796604035039,0.0,16.284734162190908,6.489255471370599e-08,0.0,5.196233217825785e-09,1.4268007865068443e-12
1373,82440.0,82440,16.185378277171225,16.185378277172653,14.29149700358431,0.0,16.18537834206521,6.489255816494743e-08,0.0,5.196233187752324e-09,1.4269396002355659e-12
1374,82500.0,82500,16.089116744451797,16.08911674445322,14.520789862348467,0.0,16.089116809345786,6.48925615555284e-08,0.0,5.196233152692041e-09,1.427024797396231e-12
1375,82560.0,82560,15.996072694805166,15.996072694806593,14.748719016065765,0.0,15.996072759699155,6.489256488233059e-08,0.0,5.1962331117503294e-09,1.4273501494306706e-12
1376,82620.0,82620,15.906267096290751,15.906267096292177,14.975330045746402,0.0,15.906267161184747,6.489256814515768e-08,0.0,5.19623306852816e-09,1.4282807983477119e-12
1377,82680.0,82680,15.819391063827984,15.819391063829414,15.200668829448082,0.0,15.819391128721985,6.489257135015989e-08,0.0,5.19623303237913e-09,1.4297344354582888e-12
1378,82740.0,82740,15.734807024476149,15.734807024477579,15.424776869356545,0.0,15.734807089370154,6.48925745070996e-08,0.0,5.196233011561941e-09,1.4310212541971106e-12
1379,82800.0,82800,15.651972803606132,15.651972803607565,15.647686635374187,0.0,15.651972868500144,6.489257762281816e-08,0.0,5.196233003686361e-09,1.4316752705156327e-12
1380,82860.0,82860,15.57073378588301,15.570733785884444,15.869422916596172,0.0,15.570733850777025,6.48925806991818e-08,0.0,5.1962329990545455e-09,1.4319019510328128e-12
1381,82920.0,82920,15.491158445465981,15.491158445467414,16.090008311733747,0.0,15.491158510359996,6.489258373571832e-08,0.0,5.1962329912267045e-09,1.4320445092438627e-12
1382,82980.0,82980,15.413332224432585,15.413332224434019,16.309466389548746,0.0,15.413332289326606,6.489258673185368e-08,0.0,5.1962329791793094e-09,1.432251588228333e-12
1383,83040.0,83040,15.33729340801575,15.33729340801718,16.527821929232438,0.0,15.337293472909773,6.489258968749522e-08,0.0,5.196232964161197e-09,1.4325394468492442e-12
1384,83100.0,83100,15.263035908453965,15.263035908455397,16.745100252350223,0.0,15.26303597334799,6.48925926029777e-08,0.0,5.196232947593995e-09,1.4328860714456468e-12
1385,83160.0,83160,15.190524142032658,15.190524142034093,16.961326594224218,0.0,15.190524206926687,6.489259547890376e-08,0.0,5.1962329305006725e-09,1.4332675153654415e-12
1386,83220.0,83220,15.119705834120557,15.119705834121989,17.176525686073916,0.0,15.119705899014589,6.489259831603585e-08,0.0,5.196232913503646e-09,1.4336661151508138e-12
1387,83280.0,83280,15.050520919536782,15.050520919538219,17.39072151856152,0.0,15.050520984430818,6.489260111521392e-08,0.0,5.196232896940491e-09,1.4340703489832732e-12
1388,83340.0,83340,14.982907098791523,14.982907098792957,17.603937231425856,0.0,14.982907163685558,6.489260387732402e-08,0.0,5.196232880967467e-09,1.434473297679212e-12
1389,83400.0,83400,14.916802980188061,14.916802980189495,17.816195081829633,0.0,14.9168030450821,6.489260660325914e-08,0.0,5.196232865635413e-09,1.4348711055187063e-12
1390,83460.0,83460,14.852149657909308,14.852149657910745,18.02751645721986,0.0,14.852149722803352,6.489260929391086e-08,0.0,5.196232850937915e-09,1.4352617809298574e-12
1391,83520.0,83520,14.78889136299119,14.788891362992626,18.237921910544472,0.0,14.788891427885236,6.489261195014977e-08,0.0,5.1962328368402765e-09,1.4356444783380392e-12
1392,83580.0,83580,14.726975605798426,14.726975605799861,18.44743120469108,0.0,14.726975670692475,6.489261457282476e-08,0.0,5.19623282329773e-09,1.436019007008365e-12
1393,83640.0,83640,14.666353060844962,14.6663530608464,18.656063358944124,0.0,14.666353125739017,6.489261716276197e-08,0.0,5.196232810263784e-09,1.4363854855863604e-12
1394,83700.0,83700,14.606977335199295,14.606977335200733,18.863836693810324,0.0,14.606977400093353,6.489261972075589e-08,0.0,5.196232797695779e-09,1.436744228773713e-12
1395,83760.0,83760,14.548804696844309,14.548804696845744,19.07076887256321,0.0,14.548804761738367,6.489262224757999e-08,0.0,5.196232785556521e-09,1.4370955714138147e-12
1396,83820.0,83820,14.491793802975566,14.491793802977002,19.276876938939402,0.0,14.491793867869628,6.489262474397295e-08,0.0,5.196232773815233e-09,1.43743983756865e-12
1397,83880.0,83880,14.435905447926393,14.435905447927832,19.482177350985786,0.0,14.43590551282046,6.489262721065865e-08,0.0,5.1962327624459154e-09,1.4377773439865557e-12
1398,83940.0,83940,14.381102339076312,14.381102339077751,19.68668601133564,0.0,14.38110240397038,6.489262964832791e-08,0.0,5.196232751428248e-09,1.4381083242999892e-12
1399,84000.0,84000,14.327348902423722,14.327348902425161,19.89041829431012,0.0,14.327348967317791,6.489263205766465e-08,0.0,5.196232740745615e-09,1.4384329625534273e-12
1400,84060.0,84060,14.274611115937264,14.274611115938702,20.093389070265356,0.0,14.274611180831338,6.489263443932321e-08,0.0,5.196232730384803e-09,1.438751385926186e-12
1401,84120.0,84120,14.222856366966061,14.2228563669675,20.2956127275787,0.0,14.222856431860137,6.489263679394996e-08,0.0,5.196232720335004e-09,1.4390636942824344e-12
1402,84180.0,84180,14.172053329493274,14.172053329494716,20.49710319261495,0.0,14.172053394387353,6.489263912217202e-08,0.0,5.196232710587353e-09,1.439369911126033e-12
1403,84240.0,84240,14.122171857414173,14.122171857415612,20.69787394795367,0.0,14.122171922308254,6.489264142460652e-08,0.0,5.196232701134531e-09,1.4396700518595916e-12
1404,84300.0,84300,14.073182890887248,14.073182890888686,20.8979380491046,0.0,14.07318295578133,6.489264370185988e-08,0.0,5.19623269197008e-09,1.4399640736000707e-12
1405,84360.0,84360,14.025058373984834,14.025058373986276,21.097308139896402,0.0,14.025058438878919,6.48926459545272e-08,0.0,5.196232683088319e-09,1.4402519070578258e-12
1406,84420.0,84420,13.977771183081376,13.977771183082815,21.295996466698753,0.0,13.977771247975463,6.48926481831953e-08,0.0,5.1962326744842115e-09,1.440533417151847e-12
1407,84480.0,84480,13.931295066247863,13.931295066249305,21.49401489162997,0.0,13.931295131141953,6.489265038844204e-08,0.0,5.196232666151989e-09,1.4408084688133806e-12
1408,84540.0,84540,13.885604594311912,13.885604594313357,21.691374904906045,0.0,13.885604659206008,6.489265257084183e-08,0.0,5.196232658086443e-09,1.4410768158872129e-12
1409,84600.0,84600,13.84067512358009,13.84067512358153,21.888087636496362,0.0,13.840675188474181,6.489265473096601e-08,0.0,5.196232650280685e-09,1.441338177723306e-12
1410,84660.0,84660,13.796482768279109,13.796482768280551,22.084163867251313,0.0,13.796482833173208,6.489265686937967e-08,0.0,5.19623264272671e-09,1.4415922175810314e-12
1411,84720.0,84720,13.753004377148471,13.753004377149916,22.279614039639497,0.0,13.753004442042574,6.489265898666277e-08,0.0,5.196232635414486e-09,1.4418385162481365e-12
1412,84780.0,84780,13.710217502896914,13.710217502898356,22.47444826815333,0.0,13.710217567791016,6.489266108342036e-08,0.0,5.196232628331488e-09,1.4420765923585284e-12
1413,84840.0,84840,13.66810034540629,13.668100345407732,22.668676349281938,0.0,13.668100410300394,6.489266316030332e-08,0.0,5.196232621462433e-09,1.442305858069425e-12
1414,84900.0,84900,13.626631639441467,13.626631639442907,22.862307770679426,0.0,13.626631704335571,6.489266521805446e-08,0.0,5.196232614788296e-09,1.4425256573024991e-12
1415,84960.0,84960,13.585790444999102,13.585790445000542,23.05535171874241,0.0,13.58579050989321,6.489266725756814e-08,0.0,5.196232608285872e-09,1.4427350927435613e-12
1416,85020.0,85020,13.545555782492166,13.545555782493611,23.24781708321746,0.0,13.54555584738628,6.489266927999973e-08,0.0,5.19623260192516e-09,1.4429329419497647e-12
1417,85080.0,85080,13.505906032647646,13.50590603264909,23.43971245664033,0.0,13.505906097541759,6.489267128690202e-08,0.0,5.196232595665349e-09,1.4431172829322473e-12
1418,85140.0,85140,13.466817984794083,13.466817984795528,23.631046125273734,0.0,13.466818049688204,6.4892673280499e-08,0.0,5.196232589443808e-09,1.4432847508283568e-12
1419,85200.0,85200,13.428265350645386,13.428265350646827,23.82182604656255,0.0,13.428265415539505,6.489267526407428e-08,0.0,5.196232583154338e-09,1.4434277595226558e-12
1420,85260.0,85260,13.390216428121832,13.390216428123276,24.012059805534257,0.0,13.39021649301595,6.489267724268161e-08,0.0,5.196232576578089e-09,1.4435162934810926e-12
1421,85320.0,85320,13.352630324968462,13.352630324969903,24.20175453810355,0.0,13.352630389862584,6.489267922440622e-08,0.0,5.196232569011716e-09,1.4433349143346964e-12
1422,85380.0,85380,13.315450560130161,13.3154505601316,24.390916800878163,0.0,13.315450625024281,6.489268122271081e-08,0.0,5.196232556178929e-09,1.4409034053841303e-12
1423,85440.0,85440,13.278593532299867,13.278593532301283,24.579552350317574,0.0,13.278593597193966,6.489268326111491e-08,0.0,5.1962325008190514e-09,1.4169139777387834e-12
1424,85500.0,85500,13.241926225416305,13.241926225417487,24.767665758529386,0.0,13.24192629031017,6.489268538303228e-08,0.0,5.1962320438944825e-09,1.1808293394947088e-12
1425,85560.0,85560,13.205219829563354,13.205219829562202,24.95525971322701,0.0,13.205219894454888,6.489268767409754e-08,0.0,5.196227650761698e-09,-1.152228471561757e-12
1426,85620.0,85620,13.168045742164107,13.168045742139869,25.142333660650024,0.0,13.16804580703256,6.489269031757835e-08,0.0,5.196184372150521e-09,-2.4237967351904606e-11
1427,85680.0,85680,13.129520360713432,13.12952036046067,25.32888097516788,0.0,13.129520425353363,6.489269374829084e-08,0.0,5.195756330406992e-09,-2.5276104533547847e-10
1428,85740.0,85740,13.087565439135657,13.08756543661881,25.514882513445286,0.0,13.087565501511511,6.489269914755799e-08,0.0,5.191519571762202e-09,-2.516846789267915e-09
1429,85800.0,85800,13.03568985273481,13.035689827598532,25.7002896903016,0.0,13.035689892491243,6.489271045759166e-08,0.0,5.149548072777534e-09,-2.5136280275344233e-08
1430,85860.0,85860,12.933631347341983,12.933631063787553,25.88496196269679,0.0,12.933631128680304,6.489274916661277e-08,0.0,4.7305862748961156e-09,-2.835544306429304e-07
1431,,85920,,,,,,,,,
