,time,time_x,P_Grid,P_BTMS,E_BTMS,P_Charge,P_BTMS_Ch,P_BTMS_DCh,"param: btms size, a,b_sys,b_cap,c"
0,60.0,60,52.83899621621914,52.838996216219144,9.678936074167584e-14,0.0,52.838997018010346,8.017912052514177e-07,420.1269766045323
1,120.0,120,52.83899621621942,52.83899621621942,0.748552444392121,0.0,52.83899701801029,8.017908739957475e-07,0.558904109589041
2,180.0,180,52.838996216219975,52.838996216219975,1.4971048887841452,0.0,52.83899701801019,8.017902114856374e-07,0.03397260273972603
3,240.0,240,52.838996216220806,52.838996216220806,2.245657333176181,0.0,52.83899701801003,8.017892177238171e-07,0.023148148148148147
4,300.0,300,52.83899621622193,52.83899621622193,2.9942097775682317,0.0,52.83899701800982,8.017878927139468e-07,0.12
5,360.0,360,52.83899621622332,52.83899621622332,3.742762221960301,0.0,52.83899701800956,8.017862364615163e-07,0.0
6,420.0,420,52.83899621622499,52.83899621622499,4.491314666352395,0.0,52.838997018009245,8.017842489730056e-07,0.0
7,480.0,480,52.838996216226946,52.838996216226946,5.239867110744517,0.0,52.838997018008875,8.017819302561246e-07,0.0
8,540.0,540,52.83899621622917,52.83899621622917,5.988419555136671,0.0,52.838997018008456,8.017792803200535e-07,0.0
9,600.0,600,52.83899621623168,52.83899621623168,6.736971999528865,0.0,52.83899701800798,8.01776299175292e-07,0.0
10,660.0,660,52.83899621623447,52.83899621623447,7.485524443921101,0.0,52.83899701800746,8.0177298683348e-07,0.0
11,720.0,720,52.838996216237526,52.83899621623754,8.234076888313385,0.0,52.83899701800688,8.017693433077127e-07,0.0
12,780.0,780,52.83899621624088,52.83899621624088,8.982629332705722,0.0,52.838997018006246,8.017653686123898e-07,0.0
13,840.0,840,52.838996216244496,52.838996216244496,9.731181777098115,0.0,52.838997018005564,8.017610627629463e-07,0.0
14,900.0,900,52.8389962162484,52.8389962162484,10.47973422149057,0.0,52.838997018004825,8.01756425776722e-07,0.0
15,960.0,960,52.83899621625258,52.83899621625258,11.228286665883092,0.0,52.83899701800404,8.01751457671672e-07,0.0
16,1020.0,1020,52.83899621625703,52.83899621625703,11.976839110275687,0.0,52.8389970180032,8.01746158467356e-07,0.0
17,1080.0,1080,52.83899621626177,52.83899621626177,12.725391554668358,0.0,52.8389970180023,8.01740528184804e-07,0.0
18,1140.0,1140,52.838996216266786,52.838996216266786,13.47394399906111,0.0,52.83899701800135,8.017345668460508e-07,0.0
19,1200.0,1200,52.83899621627208,52.83899621627208,14.222496443453947,0.0,52.83899701800035,8.017282744746914e-07,0.0
20,1260.0,1260,52.83899621627764,52.83899621627764,14.971048887846877,0.0,52.8389970179993,8.017216510954455e-07,0.0
21,1320.0,1320,52.83899621628349,52.83899621628349,15.7196013322399,0.0,52.83899701799819,8.017146967343381e-07,0.0
22,1380.0,1380,52.838996216289615,52.838996216289615,16.468153776633027,0.0,52.83899701799702,8.01707411418744e-07,0.0
23,1440.0,1440,52.83899621629602,52.83899621629602,17.216706221026254,0.0,52.83899701799581,8.01699795177538e-07,0.0
24,1500.0,1500,52.83899621630269,52.83899621630269,17.965258665419594,0.0,52.83899701799454,8.016918480404649e-07,0.0
25,1560.0,1560,52.838996216309646,52.838996216309646,18.713811109813044,0.0,52.838997017993215,8.016835700390847e-07,0.0
26,1620.0,1620,52.83899621631688,52.83899621631688,19.46236355420662,0.0,52.83899701799184,8.016749612056322e-07,0.0
27,1680.0,1680,52.83899621632439,52.83899621632439,20.210915998600314,0.0,52.83899701799041,8.01666021574292e-07,0.0
28,1740.0,1740,52.83899621633218,52.83899621633218,20.95946844299414,0.0,52.83899701798893,8.016567511801041e-07,0.0
29,1800.0,1800,52.838996216340234,52.838996216340234,21.7080208873881,0.0,52.83899701798739,8.016471500597433e-07,0.0
30,1860.0,1860,52.83899621634858,52.83899621634858,22.456573331782195,0.0,52.8389970179858,8.016372182508593e-07,0.0
31,1920.0,1920,52.838996216357195,52.838996216357195,23.205125776176438,0.0,52.83899701798415,8.01626955792572e-07,0.0
32,1980.0,1980,52.838996216366084,52.838996216366084,23.953678220570822,0.0,52.83899701798245,8.016163627253211e-07,0.0
33,2040.0,2040,52.83899621637526,52.83899621637526,24.702230664965363,0.0,52.838997017980695,8.016054390907614e-07,0.0
34,2100.0,2100,52.8389962163847,52.8389962163847,25.45078310936006,0.0,52.83899701797889,8.015941849319427e-07,0.0
35,2160.0,2160,52.83899621639442,52.83899621639442,26.199335553754924,0.0,52.83899701797702,8.015826002931446e-07,0.0
36,2220.0,2220,52.83899621640442,52.83899621640442,26.947887998149948,0.0,52.8389970179751,8.015706852199671e-07,0.0
37,2280.0,2280,52.838996216414685,52.838996216414685,27.696440442545146,0.0,52.83899701797312,8.015584397594047e-07,0.0
38,2340.0,2340,52.83899621642524,52.83899621642524,28.444992886940522,0.0,52.838997017971096,8.015458639594874e-07,0.0
39,2400.0,2400,52.83899621643606,52.83899621643606,29.193545331336075,0.0,52.83899701796901,8.015329578698797e-07,0.0
40,2460.0,2460,52.83899621644714,52.83899621644715,29.942097775731813,0.0,52.83899701796687,8.015197215412514e-07,0.0
41,2520.0,2520,52.83899621645852,52.83899621645852,30.690650220127743,0.0,52.83899701796468,8.015061550257124e-07,0.0
42,2580.0,2580,52.838996216470164,52.838996216470164,31.439202664523865,0.0,52.83899701796242,8.014922583767671e-07,0.0
43,2640.0,2640,52.83899621648208,52.83899621648209,32.18775510892019,0.0,52.83899701796012,8.014780316490454e-07,0.0
44,2700.0,2700,52.83899621649427,52.83899621649427,32.93630755331672,0.0,52.83899701795775,8.014634748985269e-07,0.0
45,2760.0,2760,52.838996216506736,52.838996216506736,33.68485999771347,0.0,52.83899701795533,8.014485881824663e-07,0.0
46,2820.0,2820,52.838996216519476,52.838996216519476,34.433412442110416,0.0,52.83899701795285,8.014333715596334e-07,0.0
47,2880.0,2880,52.838996216532486,52.838996216532486,35.181964886507586,0.0,52.83899701795032,8.014178250897428e-07,0.0
48,2940.0,2940,52.83899621654578,52.83899621654578,35.930517330904976,0.0,52.83899701794772,8.01401948833934e-07,0.0
49,3000.0,3000,52.83899621655934,52.83899621655934,36.6790697753026,0.0,52.838997017945076,8.01385742854787e-07,0.0
50,3060.0,3060,52.83899621657316,52.83899621657316,37.42762221970045,0.0,52.838997017942376,8.013692072160362e-07,0.0
51,3120.0,3120,52.83899621658727,52.83899621658727,38.176174664098546,0.0,52.83899701793961,8.013523419827665e-07,0.0
52,3180.0,3180,52.838996216601636,52.83899621660164,38.92472710849688,0.0,52.83899701793679,8.013351472213372e-07,0.0
53,3240.0,3240,52.83899621661629,52.83899621661629,39.673279552895465,0.0,52.83899701793391,8.01317622999368e-07,0.0
54,3300.0,3300,52.83899621663121,52.83899621663121,40.4218319972943,0.0,52.83899701793098,8.012997693859338e-07,0.0
55,3360.0,3360,52.83899834141343,-97.16100165858656,41.17038444169339,150.0,8.272479878840705e-07,97.16100248583456,0.0
56,3420.0,3420,52.83899834143234,-97.16100165856767,39.551034411982215,150.0,8.272549183982021e-07,97.16100248582258,0.0
57,3480.0,3480,52.83899834145033,-97.16100165854968,37.93168438227134,150.0,8.272616145227638e-07,97.1610024858113,0.0
58,3540.0,3540,52.8389983414674,-97.16100165853258,36.312334352560754,150.0,8.272680762430256e-07,97.16100248580067,0.0
59,3600.0,3600,52.83899834148356,-97.16100165851644,34.692984322850435,150.0,8.272743035450677e-07,97.16100248579075,0.0
60,3660.0,3660,52.8389983414988,-97.16100165850118,33.07363429314037,150.0,8.2728029641596e-07,97.16100248578148,0.0
61,3720.0,3720,52.838998394432124,-397.16100160556783,31.45428426343054,450.0,6.789102776846507e-07,397.1610022844782,0.0
62,3780.0,3780,52.838998394434405,-397.1610016055656,24.834934234973865,450.0,6.789100557285584e-07,397.16100228447567,0.0
63,3840.0,3840,52.83899839443613,-397.16100160556385,18.21558420651722,450.0,6.789098946390763e-07,397.1610022844738,0.0
64,3900.0,3900,52.838998394437326,-397.16100160556266,11.59623417806061,450.0,6.789097944169694e-07,397.16100228447254,0.0
65,3960.0,3960,52.83899839443798,-397.16100160556203,4.976884149604019,450.0,6.789097550623876e-07,397.1610022844718,0.0
66,4020.0,4020,52.83899839443809,-397.1610016055619,-1.6424658788525608,450.0,6.789097765753235e-07,397.16100228447164,0.0
67,4080.0,4080,52.83899839443766,-397.1610016055623,-8.26181590730914,450.0,6.789098589552072e-07,397.16100228447215,0.0
68,4140.0,4140,52.83899839443669,-397.1610016055633,-14.881165935765726,450.0,6.789100022011009e-07,397.1610022844733,0.0
69,4200.0,4200,52.83899839443518,-397.1610016055648,-21.500515964222327,450.0,6.789102063117149e-07,397.161002284475,0.0
70,4260.0,4260,52.83898325136895,-562.161016748631,-28.119865992678957,615.0,2.2018635876338883e-05,562.161038767267,0.0
71,4320.0,4320,52.83899839443051,-397.1610016055695,-37.48921632686934,450.0,6.78910791340015e-07,397.16100228448033,0.0
72,4380.0,4380,52.83899839442734,-397.1610016055726,-44.10856635532605,450.0,6.78911172253036e-07,397.16100228448386,0.0
73,4440.0,4440,52.83899839442363,-397.1610016055764,-50.727916383782805,450.0,6.789116140212672e-07,397.16100228448795,0.0
74,4500.0,4500,52.83899839441939,-397.1610016055806,-57.34726641223963,450.0,6.789121166411312e-07,397.16100228449267,0.0
75,4560.0,4560,52.83899837166422,-352.16100162833584,-63.96661644069653,405.0,7.117455032598755e-07,352.16100234008127,0.0
76,4620.0,4620,52.83899835711382,-247.16100164288616,-69.83596646961476,300.0,7.10891993560038e-07,247.16100235377814,0.0
77,4680.0,4680,52.838998357101815,-247.16100164289819,-73.95531649877336,300.0,7.108955319759074e-07,247.16100235379372,0.0
78,4740.0,4740,52.838998357088805,-247.16100164291117,-78.07466652793218,300.0,7.108992160925723e-07,247.1610023538104,0.0
79,4800.0,4800,52.83899835707477,-247.16100164292524,-82.19401655709123,300.0,7.109030458995552e-07,247.16100235382825,0.0
80,4860.0,4860,52.83899587384272,37.83899587384273,-86.3133665862505,15.0,37.83899663677884,7.629361100519646e-07,0.0
81,4920.0,4920,52.83899621743929,52.83899621743929,-85.77731414661167,0.0,52.83899701898582,8.015465389788398e-07,0.0
82,4980.0,4980,52.83899621749646,52.83899621749646,-85.02876170220175,0.0,52.8389970190829,8.015864430193776e-07,0.0
83,5040.0,5040,52.83899621755395,52.83899621755395,-84.28020925779113,0.0,52.83899701917998,8.016260245184781e-07,0.0
84,5100.0,5100,52.838996217611744,52.838996217611744,-83.53165681337978,0.0,52.83899701927703,8.016652833083523e-07,0.0
85,5160.0,5160,52.838996217669845,52.838996217669845,-82.78310436896773,0.0,52.838997019374055,8.01704219222276e-07,0.0
86,5220.0,5220,52.838996217728244,52.838996217728244,-82.03455192455493,0.0,52.83899701947108,8.017428320948002e-07,0.0
87,5280.0,5280,52.83899621778695,52.838996217786956,-81.28599948014143,0.0,52.838997019568076,8.017811217619156e-07,0.0
88,5340.0,5340,52.83899621784596,52.83899621784596,-80.53744703572717,0.0,52.83899701966505,8.018190880605132e-07,0.0
89,5400.0,5400,52.83899621790528,52.83899621790528,-79.78889459131217,0.0,52.83899701976202,8.018567308290738e-07,0.0
90,5460.0,5460,52.838996217964905,52.838996217964905,-79.04034214689642,0.0,52.83899701985895,8.018940499072784e-07,0.0
91,5520.0,5520,52.838996218024825,52.838996218024825,-78.29178970247993,0.0,52.83899701995587,8.019310451358429e-07,0.0
92,5580.0,5580,52.83899621808505,52.83899621808505,-77.54323725806269,0.0,52.838997020052766,8.019677163569379e-07,0.0
93,5640.0,5640,52.838996218145574,52.838996218145574,-76.79468481364466,0.0,52.83899702014964,8.020040634140544e-07,0.0
94,5700.0,5700,52.838996218206404,52.838996218206404,-76.04613236922589,0.0,52.838997020246495,8.020400861516133e-07,0.0
95,5760.0,5760,52.83899621826753,52.83899621826753,-75.29757992480634,0.0,52.83899702034332,8.020757844158804e-07,0.0
96,5820.0,5820,52.838996218328965,52.838996218328965,-74.54902748038602,0.0,52.838997020440125,8.021111580537664e-07,0.0
97,5880.0,5880,52.83899621839069,52.83899621839069,-73.80047503596491,0.0,52.8389970205369,8.021462069137124e-07,0.0
98,5940.0,5940,52.83899621845271,52.83899621845272,-73.05192259154302,0.0,52.838997020633656,8.021809308455389e-07,0.0
99,6000.0,6000,52.83899621851505,52.83899621851505,-72.30337014712033,0.0,52.838997020730375,8.022153297001169e-07,0.0
100,6060.0,6060,52.83899621857767,52.83899621857767,-71.55481770269687,0.0,52.83899702082707,8.022494033298471e-07,0.0
101,6120.0,6120,52.83899621864059,52.83899621864059,-70.80626525827257,0.0,52.838997020923735,8.022831515880454e-07,0.0
102,6180.0,6180,52.838996218703805,52.838996218703805,-70.05771281384747,0.0,52.83899702102038,8.023165743295275e-07,0.0
103,6240.0,6240,52.83899621876732,52.83899621876732,-69.30916036942158,0.0,52.83899702111699,8.023496714104892e-07,0.0
104,6300.0,6300,52.83899621883112,52.83899621883113,-68.56060792499486,0.0,52.838997021213565,8.023824426881163e-07,0.0
105,6360.0,6360,52.83899621889523,52.83899621889523,-67.81205548056731,0.0,52.838997021310114,8.024148880209896e-07,0.0
106,6420.0,6420,52.83899621895962,52.83899621895962,-67.06350303613893,0.0,52.838997021406634,8.024470072689797e-07,0.0
107,6480.0,6480,52.83899621902432,52.83899621902432,-66.31495059170973,0.0,52.83899702150311,8.024788002932775e-07,0.0
108,6540.0,6540,52.838996219089296,52.838996219089296,-65.56639814727968,0.0,52.83899702159956,8.025102669561837e-07,0.0
109,6600.0,6600,52.83899621915457,52.83899621915457,-64.8178457028488,0.0,52.83899702169598,8.025414071214542e-07,0.0
110,6660.0,6660,52.838996219220135,52.838996219220135,-64.06929325841708,0.0,52.83899702179236,8.025722206539394e-07,0.0
111,6720.0,6720,52.838996219285995,52.838996219285995,-63.32074081398449,0.0,52.8389970218887,8.026027074199902e-07,0.0
112,6780.0,6780,52.83899621935215,52.83899621935215,-62.57218836955105,0.0,52.838997021985016,8.026328672870074e-07,0.0
113,6840.0,6840,52.83899621941858,52.83899621941858,-61.823635925116754,0.0,52.83899702208128,8.026627001239066e-07,0.0
114,6900.0,6900,52.8389962194853,52.8389962194853,-61.07508348068159,0.0,52.838997022177516,8.026922058004885e-07,0.0
115,6960.0,6960,52.83899621955232,52.83899621955232,-60.32653103624555,0.0,52.8389970222737,8.027213841882639e-07,0.0
116,7020.0,7020,52.838996219619624,52.838996219619624,-59.57797859180864,0.0,52.83899702236986,8.027502351598984e-07,0.0
117,7080.0,7080,52.83899621968721,52.83899621968721,-58.82942614737083,0.0,52.83899702246597,8.027787585891977e-07,0.0
118,7140.0,7140,52.83899621975509,52.83899621975509,-58.08087370293216,0.0,52.83899702256204,8.028069543512725e-07,0.0
119,7200.0,7200,52.838996219823244,52.838996219823244,-57.332321258492584,0.0,52.83899702265807,8.028348223226734e-07,0.0
120,7260.0,7260,52.83899621989169,52.83899621989169,-56.583768814052114,0.0,52.83899702275405,8.028623623809861e-07,0.0
121,7320.0,7320,52.83899621996042,52.83899621996042,-55.83521636961075,0.0,52.838997022849995,8.028895744054913e-07,0.0
122,7380.0,7380,52.83899622002943,52.83899622002943,-55.08666392516847,0.0,52.8389970229459,8.029164582762797e-07,0.0
123,7440.0,7440,52.83899622009873,52.83899622009873,-54.33811148072528,0.0,52.83899702304174,8.029430138750617e-07,0.0
124,7500.0,7500,52.838996220168305,52.838996220168305,-53.58955903628119,0.0,52.838997023137544,8.029692410844332e-07,0.0
125,7560.0,7560,52.838996220238165,52.838996220238165,-52.84100659183616,0.0,52.83899702323331,8.029951397888797e-07,0.0
126,7620.0,7620,52.83899622030831,52.83899622030831,-52.092454147390214,0.0,52.83899702332902,8.030207098736669e-07,0.0
127,7680.0,7680,52.838996220378725,52.838996220378725,-51.34390170294334,0.0,52.83899702342468,8.030459512255903e-07,0.0
128,7740.0,7740,52.838996220449424,52.838996220449424,-50.59534925849554,0.0,52.838997023520285,8.030708637324955e-07,0.0
129,7800.0,7800,52.8389962205204,52.8389962205204,-49.84679681404678,0.0,52.838997023615846,8.030954472838932e-07,0.0
130,7860.0,7860,52.83899622059166,52.83899622059166,-49.09824436959709,0.0,52.83899702371136,8.03119701770209e-07,0.0
131,7920.0,7920,52.838996220663184,52.838996220663184,-48.34969192514644,0.0,52.83899702380681,8.031436270833085e-07,0.0
132,7980.0,7980,52.83899622073499,52.83899622073499,-47.60113948069484,0.0,52.838997023902216,8.031672231165421e-07,0.0
133,8040.0,8040,52.838996220807076,52.838996220807076,-46.85258703624229,0.0,52.838997023997564,8.031904897641756e-07,0.0
134,8100.0,8100,52.83899622087942,52.83899622087942,-46.104034591788775,0.0,52.83899702409286,8.032134269219443e-07,0.0
135,8160.0,8160,52.83899622095206,52.83899622095206,-45.355482147334286,0.0,52.838997024188096,8.032360344870541e-07,0.0
136,8220.0,8220,52.83899622102496,52.83899622102496,-44.60692970287884,0.0,52.83899702428328,8.032583123575953e-07,0.0
137,8280.0,8280,52.83899622109814,52.83899622109814,-43.8583772584224,0.0,52.83899702437839,8.032802604333684e-07,0.0
138,8340.0,8340,52.838996221171584,52.838996221171584,-43.10982481396499,0.0,52.838997024473464,8.033018786151792e-07,0.0
139,8400.0,8400,52.8389962212453,52.8389962212453,-42.36127236950658,0.0,52.83899702456847,8.03323166805348e-07,0.0
140,8460.0,8460,52.83899622131929,52.83899622131929,-41.612719925047195,0.0,52.83899702466341,8.033441249071404e-07,0.0
141,8520.0,8520,52.83899622139354,52.83899622139354,-40.86416748058681,0.0,52.83899702475829,8.033647528255019e-07,0.0
142,8580.0,8580,52.838996221468065,52.838996221468065,-40.11561503612542,0.0,52.838997024853114,8.033850504664881e-07,0.0
143,8640.0,8640,52.83899622154286,52.83899622154286,-39.367062591663014,0.0,52.83899702494788,8.034050177375044e-07,0.0
144,8700.0,8700,52.83899622161791,52.83899622161791,-38.61851014719961,0.0,52.83899702504257,8.034246545471563e-07,0.0
145,8760.0,8760,52.838996221693236,52.838996221693236,-37.86995770273519,0.0,52.838997025137196,8.034439608054294e-07,0.0
146,8820.0,8820,52.838996221768824,52.83899622176883,-37.12140525826976,0.0,52.83899702523176,8.034629364235089e-07,0.0
147,8880.0,8880,52.83899622184468,52.83899622184468,-36.3728528138033,0.0,52.838997025326265,8.034815813141856e-07,0.0
148,8940.0,8940,52.83899622192079,52.83899622192079,-35.62430036933581,0.0,52.83899702542069,8.034998953911197e-07,0.0
149,9000.0,9000,52.83899622199717,52.83899622199717,-34.87574792486729,0.0,52.83899702551504,8.03517878569427e-07,0.0
150,9060.0,9060,52.8389962220738,52.8389962220738,-34.12719548039773,0.0,52.83899702560934,8.035355307657527e-07,0.0
151,9120.0,9120,52.838996222150705,52.838996222150705,-33.378643035927134,0.0,52.838997025703556,8.035528518976121e-07,0.0
152,9180.0,9180,52.83899622222786,52.83899622222786,-32.630090591455485,0.0,52.8389970257977,8.03569841884231e-07,0.0
153,9240.0,9240,52.838996222305276,52.838996222305276,-31.881538146982788,0.0,52.83899702589178,8.035865006459746e-07,0.0
154,9300.0,9300,52.83899622238295,52.83899622238295,-31.13298570250904,0.0,52.83899702598578,8.036028281043784e-07,0.0
155,9360.0,9360,52.838996222460885,52.838996222460885,-30.38443325803423,0.0,52.83899702607971,8.036188241823729e-07,0.0
156,9420.0,9420,52.83899622253907,52.83899622253907,-29.63588081355835,0.0,52.83899702617356,8.036344888042833e-07,0.0
157,9480.0,9480,52.83899622261751,52.83899622261751,-28.88732836908141,0.0,52.838997026267336,8.036498218956501e-07,0.0
158,9540.0,9540,52.83899622269621,52.83899622269621,-28.138775924603397,0.0,52.838997026361035,8.036648233833187e-07,0.0
159,9600.0,9600,52.83899622277516,52.83899622277516,-27.390223480124305,0.0,52.83899702645465,8.036794931954246e-07,0.0
160,9660.0,9660,52.83899622285436,52.83899622285436,-26.64167103564413,0.0,52.83899702654819,8.03693831261453e-07,0.0
161,9720.0,9720,52.838996222933815,52.838996222933815,-25.89311859116287,0.0,52.83899702664165,8.037078375121644e-07,0.0
162,9780.0,9780,52.83899622301352,52.83899622301352,-25.14456614668052,0.0,52.83899702673503,8.037215118795641e-07,0.0
163,9840.0,9840,52.838996223093474,52.838996223093474,-24.396013702197077,0.0,52.838997026828324,8.037348542969325e-07,0.0
164,9900.0,9900,52.83899622317367,52.83899622317367,-23.64746125771253,0.0,52.83899702692154,8.03747864699215e-07,0.0
165,9960.0,9960,52.83899622325412,52.83899622325412,-22.898908813226882,0.0,52.83899702701467,8.037605430221519e-07,0.0
166,10020.0,10020,52.83899622333482,52.83899622333482,-22.15035636874012,0.0,52.83899702710771,8.037728892030584e-07,0.0
167,10080.0,10080,52.838996223415755,52.838996223415755,-21.401803924252253,0.0,52.83899702720066,8.0378490318051e-07,0.0
168,10140.0,10140,52.83899622349695,52.83899622349695,-20.653251479763266,0.0,52.83899702729354,8.03796584894447e-07,0.0
169,10200.0,10200,52.83899622357838,52.83899622357838,-19.904699035273158,0.0,52.838997027386306,8.038079342859347e-07,0.0
170,10260.0,10260,52.83899622366005,52.83899622366005,-19.15614659078193,0.0,52.838997027479,8.038189512976135e-07,0.0
171,10320.0,10320,52.838996223741965,52.838996223741965,-18.40759414628957,0.0,52.8389970275716,8.038296358732185e-07,0.0
172,10380.0,10380,52.83899622382412,52.83899622382412,-17.65904170179607,0.0,52.83899702766411,8.038399879578652e-07,0.0
173,10440.0,10440,52.83899622390652,52.83899622390652,-16.91048925730144,0.0,52.83899702775653,8.038500074978988e-07,0.0
174,10500.0,10500,52.83899622398915,52.83899622398915,-16.161936812805664,0.0,52.83899702784885,8.038596944411647e-07,0.0
175,10560.0,10560,52.83899622407203,52.83899622407203,-15.41338436830874,0.0,52.83899702794107,8.038690487365129e-07,0.0
176,10620.0,10620,52.83899622415513,52.83899622415513,-14.664831923810668,0.0,52.83899702803321,8.038780703344139e-07,0.0
177,10680.0,10680,52.83899622423848,52.83899622423848,-13.91627947931144,0.0,52.838997028125235,8.038867591865229e-07,0.0
178,10740.0,10740,52.83899622432206,52.83899622432206,-13.167727034811055,0.0,52.83899702821718,8.038951152456351e-07,0.0
179,10800.0,10800,52.83899622440587,52.83899622440588,-12.419174590309504,0.0,52.83899702830902,8.039031384660459e-07,0.0
180,10860.0,10860,52.838996224489925,52.838996224489925,-11.670622145806789,0.0,52.838997028400755,8.039108288034603e-07,0.0
181,10920.0,10920,52.838996224574196,52.838996224574196,-10.9220697013029,0.0,52.838997028492386,8.039181862145738e-07,0.0
182,10980.0,10980,52.83899622465871,52.83899622465871,-10.173517256797838,0.0,52.83899702858392,8.039252106576565e-07,0.0
183,11040.0,11040,52.838996224743454,52.838996224743454,-9.424964812291593,0.0,52.83899702867535,8.039319020921037e-07,0.0
184,11100.0,11100,52.83899622482842,52.83899622482842,-8.676412367784168,0.0,52.83899702876668,8.039382604788704e-07,0.0
185,11160.0,11160,52.838996224913615,52.838996224913615,-7.927859923275553,0.0,52.8389970288579,8.03944285779857e-07,0.0
186,11220.0,11220,52.838996224999036,52.838996224999036,-7.179307478765747,0.0,52.83899702894901,8.039499779585986e-07,0.0
187,11280.0,11280,52.838996225084685,52.838996225084685,-6.430755034254744,0.0,52.838997029040016,8.039553369798305e-07,0.0
188,11340.0,11340,52.838996225170554,52.838996225170554,-5.682202589742542,0.0,52.83899702913092,8.039603628094578e-07,0.0
189,11400.0,11400,52.83899622525665,52.83899622525665,-4.933650145229136,0.0,52.83899702922171,8.039650554149156e-07,0.0
190,11460.0,11460,52.83899622534297,52.83899622534297,-4.185097700714522,0.0,52.83899702931238,8.039694147648242e-07,0.0
191,11520.0,11520,52.83899622542951,52.83899622542951,-3.436545256198696,0.0,52.83899702940295,8.039734408290938e-07,0.0
192,11580.0,11580,52.83899622551627,52.83899622551627,-2.6879928116816547,0.0,52.8389970294934,8.039771335790744e-07,0.0
193,11640.0,11640,52.838996225603246,52.838996225603246,-1.939440367163393,0.0,52.83899702958374,8.039804929873013e-07,0.0
194,11700.0,11700,52.83899622569044,52.83899622569044,-1.1908879226439077,0.0,52.838997029673955,8.039835190276446e-07,0.0
195,11760.0,11760,52.83899622577785,52.83899622577785,-0.4423354781231949,0.0,52.838997029764066,8.039862116753393e-07,0.0
196,11820.0,11820,52.83899622586548,52.83899622586548,0.30621696639874946,0.0,52.83899702985405,8.039885709069257e-07,0.0
197,11880.0,11880,52.83899622595332,52.83899622595332,1.0547694109219294,0.0,52.83899702994392,8.039905967000388e-07,0.0
198,11940.0,11940,52.83899622604138,52.83899622604138,1.8033218554463484,0.0,52.83899703003367,8.039922890339638e-07,0.0
199,12000.0,12000,52.83899622612965,52.83899622612965,2.5518742999720114,0.0,52.838997030123295,8.039936478890057e-07,0.0
200,12060.0,12060,52.83899622621812,52.83899622621813,3.3004267444989206,0.0,52.8389970302128,8.039946732471048e-07,0.0
201,12120.0,12120,52.83899622630682,52.83899622630682,4.048979189027081,0.0,52.83899703030219,8.03995365091146e-07,0.0
202,12180.0,12180,52.838996226395714,52.838996226395714,4.797531633556495,0.0,52.83899703039144,8.039957234055444e-07,0.0
203,12240.0,12240,52.838996226484824,52.838996226484824,5.546084078087168,0.0,52.83899703048057,8.039957481760203e-07,0.0
204,12300.0,12300,52.83899622657414,52.83899622657414,6.294636522619105,0.0,52.83899703056957,8.039954393894184e-07,0.0
205,12360.0,12360,52.83899622666365,52.83899622666366,7.043188967152306,0.0,52.838997030658454,8.039947970342191e-07,0.0
206,12420.0,12420,52.83899622675337,52.83899622675338,7.791741411686777,0.0,52.8389970307472,8.039938211000273e-07,0.0
207,12480.0,12480,52.8389962268433,52.8389962268433,8.540293856222522,0.0,52.83899703083582,8.039925115776179e-07,0.0
208,12540.0,12540,52.83899622693343,52.83899622693343,9.288846300759541,0.0,52.8389970309243,8.039908684592063e-07,0.0
209,12600.0,12600,52.83899622702376,52.83899622702376,10.037398745297846,0.0,52.83899703101265,8.039888917385073e-07,0.0
210,12660.0,12660,52.838996227114286,52.838996227114286,10.785951189837434,0.0,52.838997031100874,8.039865814102409e-07,0.0
211,12720.0,12720,52.838996227205016,52.838996227205016,11.534503634378309,0.0,52.83899703118895,8.039839374705072e-07,0.0
212,12780.0,12780,52.83899622729594,52.83899622729594,12.283056078920477,0.0,52.838997031276904,8.039809599169363e-07,0.0
213,12840.0,12840,52.838996227387064,52.838996227387064,13.03160852346394,0.0,52.83899703136471,8.03977648748193e-07,0.0
214,12900.0,12900,52.838996227478376,52.838996227478376,13.780160968008703,0.0,52.83899703145239,8.039740039644874e-07,0.0
215,12960.0,12960,52.83899622756988,52.838996227569886,14.528713412554767,0.0,52.83899703153991,8.039700255670495e-07,0.0
216,13020.0,13020,52.83899622766159,52.83899622766159,15.277265857102138,0.0,52.8389970316273,8.039657135587295e-07,0.0
217,13080.0,13080,52.83899622775348,52.83899622775348,16.02581830165082,0.0,52.83899703171455,8.03961067943487e-07,0.0
218,13140.0,13140,52.83899622784556,52.83899622784556,16.774370746200812,0.0,52.838997031801654,8.039560887266321e-07,0.0
219,13200.0,13200,52.838996227937834,52.838996227937834,17.522923190752124,0.0,52.83899703188862,8.039507759148099e-07,0.0
220,13260.0,13260,52.8389962280303,52.8389962280303,18.271475635304757,0.0,52.838997031975424,8.039451295160751e-07,0.0
221,13320.0,13320,52.83899622812294,52.83899622812294,19.020028079858715,0.0,52.838997032062096,8.03939149539563e-07,0.0
222,13380.0,13380,52.83899622821577,52.83899622821578,19.768580524413995,0.0,52.83899703214861,8.039328359958482e-07,0.0
223,13440.0,13440,52.83899622830879,52.83899622830879,20.517132968970607,0.0,52.83899703223497,8.039261888968859e-07,0.0
224,13500.0,13500,52.83899622840199,52.83899622840199,21.265685413528555,0.0,52.83899703232119,8.039192082557409e-07,0.0
225,13560.0,13560,52.83899622849536,52.83899622849537,22.014237858087846,0.0,52.838997032407256,8.039118940870231e-07,0.0
226,13620.0,13620,52.83899622858892,52.83899622858892,22.76279030264847,0.0,52.83899703249317,8.039042464064975e-07,0.0
227,13680.0,13680,52.83899622868266,52.83899622868266,23.511342747210442,0.0,52.83899703257892,8.038962652312789e-07,0.0
228,13740.0,13740,52.83899622877658,52.83899622877658,24.25989519177376,0.0,52.83899703266453,8.038879505797573e-07,0.0
229,13800.0,13800,52.83899622887066,52.83899622887066,25.008447636338428,0.0,52.838997032749965,8.038793024716724e-07,0.0
230,13860.0,13860,52.83899622896493,52.83899622896493,25.757000080904454,0.0,52.83899703283525,8.038703209281595e-07,0.0
231,13920.0,13920,52.838996229059376,52.838996229059376,26.505552525471835,0.0,52.83899703292038,8.03861005971373e-07,0.0
232,13980.0,13980,52.83899622915399,52.83899622915399,27.25410497004058,0.0,52.83899703300534,8.038513576251631e-07,0.0
233,14040.0,14040,52.83899622924877,52.83899622924877,28.00265741461069,0.0,52.83899703309015,8.038413759143996e-07,0.0
234,14100.0,14100,52.83899622934373,52.83899622934373,28.751209859182165,0.0,52.838997033174785,8.038310608653021e-07,0.0
235,14160.0,14160,52.83899622943885,52.83899622943885,29.499762303755013,0.0,52.83899703325927,8.038204125055609e-07,0.0
236,14220.0,14220,52.83899622953414,52.83899622953414,30.248314748329236,0.0,52.83899703334358,8.038094308639905e-07,0.0
237,14280.0,14280,52.8389962296296,52.8389962296296,30.99686719290483,0.0,52.83899703342772,8.037981159708008e-07,0.0
238,14340.0,14340,52.83899622972522,52.83899622972522,31.745419637481806,0.0,52.838997033511696,8.037864678574167e-07,0.0
239,14400.0,14400,52.83899622982101,52.83899622982101,32.49397208206017,0.0,52.8389970335955,8.037744865566881e-07,0.0
240,14460.0,14460,52.83899622991695,52.83899622991695,33.24252452663992,0.0,52.83899703367912,8.037621721028446e-07,0.0
241,14520.0,14520,52.83899623001306,52.83899623001306,33.99107697122106,0.0,52.83899703376259,8.037495245310911e-07,0.0
242,14580.0,14580,52.83899623010933,52.83899623010933,34.73962941580359,0.0,52.83899703384588,8.037365438782975e-07,0.0
243,14640.0,14640,52.83899623020575,52.83899623020576,35.48818186038752,0.0,52.83899703392899,8.037232301824434e-07,0.0
244,14700.0,14700,52.83899623030234,52.83899623030234,36.236734304972856,0.0,52.838997034011925,8.037095834828588e-07,0.0
245,14760.0,14760,52.83899623039908,52.83899623039908,36.98528674955958,0.0,52.83899703409468,8.036956038201334e-07,0.0
246,14820.0,14820,52.838996230495965,52.838996230495965,37.73383919414771,0.0,52.83899703417726,8.036812912362518e-07,0.0
247,14880.0,14880,52.83899623059301,52.83899623059301,38.48239163873726,0.0,52.83899703425966,8.03666645774459e-07,0.0
248,14940.0,14940,52.83899623069021,52.83899623069021,39.23094408332822,0.0,52.83899703434188,8.036516674792598e-07,0.0
249,15000.0,15000,52.83899623078756,52.83899623078756,39.97949652792058,0.0,52.83899703442392,8.036363563966136e-07,0.0
250,15060.0,15060,52.83899623088505,52.83899623088505,40.72804897251437,0.0,52.838997034505766,8.036207125735155e-07,0.0
251,15120.0,15120,52.838996230982694,52.838996230982694,41.47660141710958,0.0,52.83899703458743,8.036047360586551e-07,0.0
252,15180.0,15180,52.838996231080486,52.838996231080486,42.225153861706204,0.0,52.838997034668914,8.035884269014421e-07,0.0
253,15240.0,15240,52.83899623117842,52.83899623117842,42.973706306304265,0.0,52.83899703475021,8.035717851531914e-07,0.0
254,15300.0,15300,52.8389962312765,52.8389962312765,43.72225875090375,0.0,52.83899703483131,8.035548108662374e-07,0.0
255,15360.0,15360,52.838996231374715,52.838996231374715,44.47081119550467,0.0,52.838997034912225,8.0353750409413e-07,0.0
256,15420.0,15420,52.83899623147308,52.83899623147308,45.21936364010703,0.0,52.83899703499294,8.03519864891919e-07,0.0
257,15480.0,15480,52.83899623157157,52.83899623157157,45.96791608471082,0.0,52.83899703507347,8.03501893315869e-07,0.0
258,15540.0,15540,52.838996231670215,52.838996231670215,46.71646852931605,0.0,52.8389970351538,8.034835894235195e-07,0.0
259,15600.0,15600,52.83899623176899,52.83899623176899,47.46502097392272,0.0,52.83899703523394,8.034649532737755e-07,0.0
260,15660.0,15660,52.83899623186789,52.83899623186789,48.21357341853084,0.0,52.83899703531388,8.034459849266815e-07,0.0
261,15720.0,15720,52.83899623196693,52.83899623196693,48.962125863140415,0.0,52.838997035393625,8.034266844438272e-07,0.0
262,15780.0,15780,52.83899623206611,52.83899623206611,49.71067830775144,0.0,52.83899703547316,8.034070518878523e-07,0.0
263,15840.0,15840,52.838996232165414,52.838996232165414,50.4592307523639,0.0,52.8389970355525,8.033870873229713e-07,0.0
264,15900.0,15900,52.83899623226485,52.83899623226485,51.20778319697783,0.0,52.83899703563164,8.03366790814344e-07,0.0
265,15960.0,15960,52.83899623236441,52.83899623236441,51.95633564159322,0.0,52.83899703571058,8.0334616242878e-07,0.0
266,16020.0,16020,52.8389962324641,52.8389962324641,52.70488808621007,0.0,52.838997035789305,8.033252022341689e-07,0.0
267,16080.0,16080,52.83899623256391,52.83899623256391,53.45344053082839,0.0,52.83899703586782,8.033039102997053e-07,0.0
268,16140.0,16140,52.83899623266385,52.83899623266385,54.201992975448164,0.0,52.838997035946136,8.03282286696009e-07,0.0
269,16200.0,16200,52.838996232763904,52.838996232763904,54.950545420069425,0.0,52.838997036024246,8.032603314948544e-07,0.0
270,16260.0,16260,52.83899623286409,52.83899623286409,55.69909786469214,0.0,52.838997036102135,8.032380447693812e-07,0.0
271,16320.0,16320,52.83899623296439,52.83899623296439,56.447650309316344,0.0,52.83899703617982,8.03215426594004e-07,0.0
272,16380.0,16380,52.83899623306481,52.83899623306481,57.196202753942025,0.0,52.83899703625728,8.031924770444574e-07,0.0
273,16440.0,16440,52.83899623316534,52.83899623316534,57.94475519856918,0.0,52.83899703633453,8.031691961977359e-07,0.0
274,16500.0,16500,52.838996233265995,52.838996233265995,58.69330764319782,0.0,52.83899703641158,8.031455841321691e-07,0.0
275,16560.0,16560,52.83899623336675,52.83899623336676,59.44186008782795,0.0,52.8389970364884,8.031216409272866e-07,0.0
276,16620.0,16620,52.838996233467626,52.83899623346763,60.190412532459554,0.0,52.838997036565,8.03097366664043e-07,0.0
277,16680.0,16680,52.83899623356862,52.83899623356862,60.93896497709266,0.0,52.83899703664137,8.030727614245627e-07,0.0
278,16740.0,16740,52.838996233669704,52.83899623366971,61.68751742172726,0.0,52.83899703671754,8.030478252922305e-07,0.0
279,16800.0,16800,52.838996233770914,52.838996233770914,62.43606986636334,0.0,52.83899703679347,8.030225583520658e-07,0.0
280,16860.0,16860,52.83899623387222,52.83899623387222,63.18462231100093,0.0,52.83899703686918,8.029969606898381e-07,0.0
281,16920.0,16920,52.83899623397364,52.83899623397364,63.93317475564001,0.0,52.83899703694467,8.029710323929519e-07,0.0
282,16980.0,16980,52.838996234075154,52.838996234075154,64.68172720028059,0.0,52.83899703701993,8.029447735500568e-07,0.0
283,17040.0,17040,52.83899623417677,52.83899623417677,65.43027964492268,0.0,52.838997037094956,8.029181842510473e-07,0.0
284,17100.0,17100,52.83899623427849,52.8389962342785,66.17883208956627,0.0,52.83899703716976,8.02891264587198e-07,0.0
285,17160.0,17160,52.8389962343803,52.8389962343803,66.92738453421138,0.0,52.838997037244326,8.028640146508782e-07,0.0
286,17220.0,17220,52.83899623448223,52.83899623448223,67.67593697885799,0.0,52.83899703731866,8.028364345358225e-07,0.0
287,17280.0,17280,52.838996234584236,52.838996234584236,68.42448942350612,0.0,52.83899703739276,8.028085243372054e-07,0.0
288,17340.0,17340,52.83899623468635,52.83899623468635,69.17304186815576,0.0,52.838997037466626,8.027802841512814e-07,0.0
289,17400.0,17400,52.83899623478854,52.83899623478854,69.92159431280693,0.0,52.83899703754025,8.027517140755648e-07,0.0
290,17460.0,17460,52.838996234890836,52.838996234890836,70.6701467574596,0.0,52.838997037613645,8.027228142091752e-07,0.0
291,17520.0,17520,52.83899623499321,52.83899623499322,71.41869920211379,0.0,52.838997037686795,8.026935846521472e-07,0.0
292,17580.0,17580,52.83899623509568,52.83899623509568,72.16725164676953,0.0,52.83899703775971,8.026640255060599e-07,0.0
293,17640.0,17640,52.83899623519824,52.83899623519824,72.91580409142678,0.0,52.83899703783237,8.02634136873528e-07,0.0
294,17700.0,17700,52.838996235300876,52.838996235300876,73.66435653608555,0.0,52.8389970379048,8.02603918858606e-07,0.0
295,17760.0,17760,52.8389962354036,52.838996235403606,74.41290898074584,0.0,52.838997037976974,8.025733715666681e-07,0.0
296,17820.0,17820,52.83899623550641,52.83899623550641,75.16146142540768,0.0,52.83899703804891,8.025424951042288e-07,0.0
297,17880.0,17880,52.838996235609294,52.838996235609294,75.91001387007107,0.0,52.83899703812059,8.025112895790776e-07,0.0
298,17940.0,17940,52.838996235712266,52.838996235712266,76.65856631473596,0.0,52.83899703819202,8.024797551005789e-07,0.0
299,18000.0,18000,52.83899623581531,52.83899623581531,77.4071187594024,0.0,52.8389970382632,8.02447891778967e-07,0.0
300,18060.0,18060,52.83899623591844,52.83899623591844,78.15567120407039,0.0,52.83899703833413,8.024156997259913e-07,0.0
301,18120.0,18120,52.83899623602163,52.83899623602163,78.90422364873992,0.0,52.838997038404806,8.023831790544963e-07,0.0
302,18180.0,18180,52.83899623612489,52.83899623612489,79.65277609341098,0.0,52.83899703847522,8.023503298789012e-07,0.0
303,18240.0,18240,52.83899623622823,52.83899623622823,80.40132853808359,0.0,52.838997038545386,8.023171523145407e-07,0.0
304,18300.0,18300,52.838996236331646,52.838996236331646,81.14988098275775,0.0,52.8389970386153,8.022836464783238e-07,0.0
305,18360.0,18360,52.83899623643512,52.83899623643512,81.89843342743346,0.0,52.83899703868494,8.022498124883151e-07,0.0
306,18420.0,18420,52.83899623653868,52.83899623653868,82.64698587211072,0.0,52.83899703875432,8.022156504638538e-07,0.0
307,18480.0,18480,52.83899623664228,52.83899623664228,83.39553831678954,0.0,52.83899703882344,8.021811605253294e-07,0.0
308,18540.0,18540,52.83899623674595,52.83899623674596,84.1440907614699,0.0,52.838997038892295,8.021463427948861e-07,0.0
309,18600.0,18600,52.83899623684969,52.83899623684969,84.89264320615183,0.0,52.83899703896089,8.021111973954933e-07,0.0
310,18660.0,18660,52.83899623695349,52.83899623695349,85.6411956508353,0.0,52.838997039029216,8.020757244516353e-07,0.0
311,18720.0,18720,52.838996237057344,52.838996237057344,86.38974809552033,0.0,52.83899703909727,8.020399240888615e-07,0.0
312,18780.0,18780,52.83899623716127,52.83899623716127,87.13830054020693,0.0,52.838997039165065,8.020037964343111e-07,0.0
313,18840.0,18840,52.83899623726523,52.83899623726523,87.88685298489509,0.0,52.838997039232574,8.019673416160235e-07,0.0
314,18900.0,18900,52.83899623736926,52.83899623736926,88.63540542958482,0.0,52.83899703929982,8.019305597635228e-07,0.0
315,18960.0,18960,52.83899623747333,52.83899623747333,89.38395787427609,0.0,52.83899703936679,8.018934510075486e-07,0.0
316,19020.0,19020,52.83899623757747,52.83899623757747,90.13251031896895,0.0,52.83899703943349,8.018560154799949e-07,0.0
317,19080.0,19080,52.83899623768164,52.83899623768164,90.8810627636634,0.0,52.8389970394999,8.018182533142413e-07,0.0
318,19140.0,19140,52.83899623778587,52.83899623778587,91.6296152083594,0.0,52.83899703956604,8.017801646447768e-07,0.0
319,19200.0,19200,52.83899623789015,52.83899623789015,92.37816765305695,0.0,52.83899703963189,8.017417496073357e-07,0.0
320,19260.0,19260,52.838996237994465,52.83899623799447,93.12672009775609,0.0,52.838997039697475,8.017030083390023e-07,0.0
321,19320.0,19320,52.83899623809883,52.83899623809883,93.87527254245681,0.0,52.83899703976277,8.016639409780308e-07,0.0
322,19380.0,19380,52.83899623820324,52.83899623820324,94.62382498715911,0.0,52.838997039827774,8.016245476640106e-07,0.0
323,19440.0,19440,52.83899623830767,52.83899623830767,95.37237743186296,0.0,52.838997039892504,8.015848285377907e-07,0.0
324,19500.0,19500,52.83899623841216,52.83899623841216,96.12092987656841,0.0,52.838997039956936,8.015447837413606e-07,0.0
325,19560.0,19560,52.83899623851667,52.83899623851668,96.86948232127544,0.0,52.83899704002109,8.015044134180443e-07,0.0
326,19620.0,19620,52.83899623862123,52.83899623862123,97.61803476598406,0.0,52.83899704008495,8.014637177123662e-07,0.0
327,19680.0,19680,52.83899623872583,52.83899623872583,98.36658721069423,0.0,52.83899704014852,8.014226967703203e-07,0.0
328,19740.0,19740,52.83899623883044,52.83899623883044,99.11513965540601,0.0,52.83899704021179,8.01381350738846e-07,0.0
329,19800.0,19800,52.83899623893509,52.83899623893509,99.86369210011938,0.0,52.838997040274776,8.013396797662473e-07,0.0
330,19860.0,19860,52.83899623903977,52.83899623903977,100.61224454483433,0.0,52.83899704033746,8.012976840021636e-07,0.0
331,19920.0,19920,52.83899623914448,52.83899623914448,101.36079698955086,0.0,52.838997040399846,8.01255363597434e-07,0.0
332,19980.0,19980,52.83899623924921,52.83899623924921,102.10934943426898,0.0,52.83899704046193,8.012127187041276e-07,0.0
333,20040.0,20040,52.838996239353975,52.838996239353975,102.85790187898867,0.0,52.838997040523715,8.011697494754986e-07,0.0
334,20100.0,20100,52.83899623945875,52.83899623945875,103.60645432370998,0.0,52.838997040585205,8.011264560661962e-07,0.0
335,20160.0,20160,52.83899623956355,52.83899623956355,104.35500676843289,0.0,52.83899704064639,8.010828386320096e-07,0.0
336,20220.0,20220,52.838996239668376,52.838996239668376,105.10355921315737,0.0,52.83899704070727,8.010388973300479e-07,0.0
337,20280.0,20280,52.83899623977321,52.83899623977321,105.85211165788346,0.0,52.83899704076784,8.009946323184251e-07,0.0
338,20340.0,20340,52.838996239878064,52.838996239878064,106.60066410261113,0.0,52.838997040828104,8.009500437568456e-07,0.0
339,20400.0,20400,52.838996239982926,52.83899623998293,107.34921654734043,0.0,52.83899704088806,8.009051318060334e-07,0.0
340,20460.0,20460,52.838996240087816,52.838996240087816,108.09776899207131,0.0,52.83899704094771,8.008598966280326e-07,0.0
341,20520.0,20520,52.83899624019271,52.83899624019271,108.84632143680376,0.0,52.83899704100704,8.008143383860874e-07,0.0
342,20580.0,20580,52.83899624029761,52.83899624029761,109.59487388153785,0.0,52.838997041066065,8.007684572447017e-07,0.0
343,20640.0,20640,52.838996240402516,52.838996240402516,110.34342632627352,0.0,52.83899704112477,8.007222533695799e-07,0.0
344,20700.0,20700,52.83899624050743,52.83899624050743,111.0919787710108,0.0,52.83899704118316,8.006757269277309e-07,0.0
345,20760.0,20760,52.83899624061235,52.83899624061235,111.84053121574969,0.0,52.83899704124123,8.006288780873188e-07,0.0
346,20820.0,20820,52.83899624071728,52.83899624071728,112.58908366049016,0.0,52.83899704129899,8.005817070177977e-07,0.0
347,20880.0,20880,52.8389962408222,52.8389962408222,113.33763610523225,0.0,52.838997041356414,8.005342138898367e-07,0.0
348,20940.0,20940,52.83899624092712,52.83899624092712,114.08618854997594,0.0,52.83899704141352,8.004863988753499e-07,0.0
349,21000.0,21000,52.83899624103205,52.83899624103205,114.83474099472124,0.0,52.83899704147031,8.004382621473164e-07,0.0
350,21060.0,21060,52.83899624113696,52.83899624113696,115.58329343946815,0.0,52.83899704152677,8.0038980388035e-07,0.0
351,21120.0,21120,52.83899624124187,52.83899624124188,116.33184588421666,0.0,52.8389970415829,8.00341024249845e-07,0.0
352,21180.0,21180,52.838996241346784,52.838996241346784,117.08039832896678,0.0,52.838997041638706,8.002919234326354e-07,0.0
353,21240.0,21240,52.83899624145168,52.83899624145168,117.82895077371852,0.0,52.838997041694185,8.002425016067701e-07,0.0
354,21300.0,21300,52.83899624155657,52.83899624155657,118.57750321847186,0.0,52.83899704174932,8.001927589516034e-07,0.0
355,21360.0,21360,52.83899624166144,52.83899624166144,119.32605566322681,0.0,52.83899704180414,8.00142695647329e-07,0.0
356,21420.0,21420,52.8389962417663,52.8389962417663,120.07460810798337,0.0,52.83899704185862,8.000923118759862e-07,0.0
357,21480.0,21480,52.83899624187115,52.83899624187115,120.82316055274154,0.0,52.83899704191276,8.000416078203337e-07,0.0
358,21540.0,21540,52.83899624197598,52.83899624197598,121.57171299750132,0.0,52.83899704196657,7.999905836645708e-07,0.0
359,21600.0,21600,52.838996242080796,52.838996242080796,122.32026544226272,0.0,52.83899704202003,7.999392395938865e-07,0.0
360,21660.0,21660,52.83899624218559,52.83899624218559,123.06881788702573,0.0,52.83899704207316,7.998875757950895e-07,0.0
361,21720.0,21720,52.83899624229036,52.83899624229036,123.81737033179034,0.0,52.838997042125946,7.998355924557839e-07,0.0
362,21780.0,21780,52.8389962423951,52.8389962423951,124.56592277655659,0.0,52.83899704217839,7.997832897650889e-07,0.0
363,21840.0,21840,52.83899624249982,52.83899624249982,125.31447522132443,0.0,52.83899704223049,7.997306679131881e-07,0.0
364,21900.0,21900,52.838996242604516,52.838996242604516,126.0630276660939,0.0,52.838997042282244,7.996777270914507e-07,0.0
365,21960.0,21960,52.83899624270918,52.83899624270918,126.81158011086498,0.0,52.83899704233365,7.996244674926256e-07,0.0
366,22020.0,22020,52.83899624281381,52.83899624281381,127.5601325556377,0.0,52.838997042384705,7.995708893103919e-07,0.0
367,22080.0,22080,52.83899624291842,52.83899624291842,128.308685000412,0.0,52.838997042435416,7.995169927400483e-07,0.0
368,22140.0,22140,52.83899624302299,52.83899624302299,129.05723744518792,0.0,52.83899704248577,7.994627779776289e-07,0.0
369,22200.0,22200,52.838996243127525,52.838996243127525,129.80578988996547,0.0,52.83899704253577,7.994082452206525e-07,0.0
370,22260.0,22260,52.838996243232025,52.838996243232025,130.55434233474463,0.0,52.83899704258542,7.993533946678232e-07,0.0
371,22320.0,22320,52.83899624333648,52.83899624333648,131.30289477952542,0.0,52.83899704263471,7.992982265191196e-07,0.0
372,22380.0,22380,52.838996243440896,52.838996243440896,132.05144722430782,0.0,52.838997042683644,7.99242740975451e-07,0.0
373,22440.0,22440,52.83899624354528,52.83899624354528,132.79999966909185,0.0,52.83899704273222,7.99186938239061e-07,0.0
374,22500.0,22500,52.83899624364961,52.83899624364962,133.54855211387746,0.0,52.83899704278043,7.991308185136488e-07,0.0
375,22560.0,22560,52.838996243753904,52.838996243753904,134.29710455866473,0.0,52.83899704282828,7.99074382003693e-07,0.0
376,22620.0,22620,52.83899624385815,52.83899624385815,135.04565700345358,0.0,52.838997042875775,7.990176289150376e-07,0.0
377,22680.0,22680,52.83899624396234,52.83899624396234,135.7942094482441,0.0,52.8389970429229,7.989605594548765e-07,0.0
378,22740.0,22740,52.83899624406648,52.83899624406648,136.5427618930362,0.0,52.83899704296965,7.989031738313185e-07,0.0
379,22800.0,22800,52.838996244170566,52.838996244170566,137.29131433782993,0.0,52.83899704301604,7.988454722538676e-07,0.0
380,22860.0,22860,52.838996244274604,52.838996244274604,138.03986678262527,0.0,52.838997043062065,7.987874549331975e-07,0.0
381,22920.0,22920,52.838996244378585,52.838996244378585,138.78841922742222,0.0,52.83899704310772,7.987291220811972e-07,0.0
382,22980.0,22980,52.838996244482516,52.838996244482516,139.53697167222083,0.0,52.83899704315299,7.986704739107603e-07,0.0
383,23040.0,23040,52.83899624458638,52.83899624458638,140.28552411702103,0.0,52.83899704319789,7.98611510635996e-07,0.0
384,23100.0,23100,52.838996244690186,52.838996244690186,141.03407656182287,0.0,52.83899704324242,7.985522324723928e-07,0.0
385,23160.0,23160,52.83899624479393,52.83899624479393,141.78262900662628,0.0,52.838997043286575,7.984926396365947e-07,0.0
386,23220.0,23220,52.838996244897615,52.838996244897615,142.53118145143134,0.0,52.838997043330345,7.984327323462356e-07,0.0
387,23280.0,23280,52.83899624500123,52.83899624500123,143.27973389623804,0.0,52.83899704337374,7.98372510820194e-07,0.0
388,23340.0,23340,52.83899624510478,52.83899624510478,144.02828634104634,0.0,52.83899704341676,7.983119752787591e-07,0.0
389,23400.0,23400,52.838996245208264,52.838996245208264,144.77683878585623,0.0,52.83899704345938,7.982511259430444e-07,0.0
390,23460.0,23460,52.83899624531167,52.83899624531167,145.52539123066776,0.0,52.83899704350163,7.98189963035574e-07,0.0
391,23520.0,23520,52.838996245415004,52.838996245415004,146.2739436754809,0.0,52.83899704354349,7.981284867799213e-07,0.0
392,23580.0,23580,52.838996245518274,52.838996245518274,147.0224961202957,0.0,52.83899704358497,7.980666974010403e-07,0.0
393,23640.0,23640,52.83899624562146,52.83899624562146,147.77104856511204,0.0,52.83899704362606,7.980045951247997e-07,0.0
394,23700.0,23700,52.838996245724566,52.83899624572457,148.51960100993006,0.0,52.838997043666744,7.979421801783134e-07,0.0
395,23760.0,23760,52.8389962458276,52.8389962458276,149.2681534547497,0.0,52.83899704370706,7.978794527898651e-07,0.0
396,23820.0,23820,52.83899624593055,52.83899624593055,150.01670589957092,0.0,52.83899704374697,7.978164131890285e-07,0.0
397,23880.0,23880,52.838996246033425,52.838996246033425,150.76525834439377,0.0,52.83899704378649,7.977530616065624e-07,0.0
398,23940.0,23940,52.83899624613621,52.83899624613621,151.51381078921824,0.0,52.838997043825614,7.976893982739906e-07,0.0
399,24000.0,24000,52.838996246238914,52.838996246238914,152.26236323404433,0.0,52.83899704386434,7.976254234244567e-07,0.0
400,24060.0,24060,52.83899624634153,52.83899624634153,153.01091567887204,0.0,52.83899704390266,7.975611372920194e-07,0.0
401,24120.0,24120,52.838996246444054,52.838996246444054,153.75946812370134,0.0,52.83899704394059,7.974965401120877e-07,0.0
402,24180.0,24180,52.838996246546486,52.838996246546486,154.50802056853226,0.0,52.83899704397812,7.97431632121015e-07,0.0
403,24240.0,24240,52.838996246648826,52.838996246648826,155.25657301336483,0.0,52.83899704401524,7.973664135564603e-07,0.0
404,24300.0,24300,52.83899624675107,52.83899624675107,156.005125458199,0.0,52.83899704405196,7.97300884657072e-07,0.0
405,24360.0,24360,52.83899624685322,52.83899624685322,156.7536779030347,0.0,52.83899704408827,7.972350456629392e-07,0.0
406,24420.0,24420,52.838996246955276,52.838996246955276,157.50223034787209,0.0,52.838997044124184,7.971688968150202e-07,0.0
407,24480.0,24480,52.83899624705724,52.83899624705724,158.2507827927111,0.0,52.83899704415968,7.971024383554739e-07,0.0
408,24540.0,24540,52.83899624715909,52.838996247159095,158.9993352375517,0.0,52.83899704419476,7.970356705277789e-07,0.0
409,24600.0,24600,52.838996247260845,52.838996247260845,159.74788768239392,0.0,52.83899704422944,7.969685935763438e-07,0.0
410,24660.0,24660,52.8389962473625,52.8389962473625,160.49644012723775,0.0,52.8389970442637,7.969012077469126e-07,0.0
411,24720.0,24720,52.838996247464046,52.838996247464046,161.24499257208316,0.0,52.83899704429755,7.968335132861735e-07,0.0
412,24780.0,24780,52.838996247565476,52.838996247565476,161.99354501693023,0.0,52.83899704433099,7.967655104421505e-07,0.0
413,24840.0,24840,52.8389962476668,52.8389962476668,162.74209746177885,0.0,52.838997044364,7.966971994638873e-07,0.0
414,24900.0,24900,52.83899624776802,52.83899624776802,163.49064990662907,0.0,52.8389970443966,7.966285806016122e-07,0.0
415,24960.0,24960,52.838996247869126,52.838996247869126,164.23920235148097,0.0,52.83899704442878,7.96559654106589e-07,0.0
416,25020.0,25020,52.838996247970115,52.838996247970115,164.9877547963344,0.0,52.838997044460534,7.964904202315064e-07,0.0
417,25080.0,25080,52.838996248070984,52.838996248070984,165.73630724118948,0.0,52.83899704449187,7.96420879229758e-07,0.0
418,25140.0,25140,52.83899624817174,52.83899624817174,166.48485968604618,0.0,52.83899704452278,7.963510313562224e-07,0.0
419,25200.0,25200,52.83899624827238,52.83899624827238,167.2334121309044,0.0,52.83899704455325,7.962808768666782e-07,0.0
420,25260.0,25260,52.8389962483729,52.8389962483729,167.98196457576427,0.0,52.838997044583316,7.96210416018194e-07,0.0
421,25320.0,25320,52.83899624847329,52.83899624847329,168.73051702062574,0.0,52.838997044612945,7.961396490689185e-07,0.0
422,25380.0,25380,52.838996248573565,52.838996248573565,169.47906946548883,0.0,52.83899704464214,7.960685762781401e-07,0.0
423,25440.0,25440,52.83899624867371,52.83899624867371,170.22762191035346,0.0,52.838997044670904,7.959971979060476e-07,0.0
424,25500.0,25500,52.838996248773725,52.838996248773725,170.97617435521974,0.0,52.83899704469924,7.959255142144046e-07,0.0
425,25560.0,25560,52.83899624887361,52.83899624887361,171.72472680008758,0.0,52.838997044727144,7.958535254656794e-07,0.0
426,25620.0,25620,52.83899624897337,52.83899624897337,172.47327924495704,0.0,52.838997044754606,7.957812319235707e-07,0.0
427,25680.0,25680,52.83899624907299,52.83899624907299,173.2218316898281,0.0,52.838997044781635,7.957086338530372e-07,0.0
428,25740.0,25740,52.83899624917249,52.83899624917249,173.9703841347007,0.0,52.838997044808224,7.956357315199524e-07,0.0
429,25800.0,25800,52.838996249271844,52.838996249271844,174.71893657957494,0.0,52.83899704483437,7.955625251914797e-07,0.0
430,25860.0,25860,52.83899624937106,52.83899624937106,175.46748902445077,0.0,52.83899704486008,7.954890151358029e-07,0.0
431,25920.0,25920,52.83899624947014,52.83899624947014,176.2160414693282,0.0,52.83899704488534,7.954152016220503e-07,0.0
432,25980.0,25980,52.83899624956908,52.83899624956908,176.96459391420717,0.0,52.838997044910165,7.953410849207606e-07,0.0
433,26040.0,26040,52.83899624966787,52.83899624966787,177.71314635908774,0.0,52.83899704493454,7.952666653035072e-07,0.0
434,26100.0,26100,52.83899624976653,52.83899624976653,178.4616988039699,0.0,52.83899704495847,7.951919430427636e-07,0.0
435,26160.0,26160,52.838996249865026,52.838996249865026,179.2102512488537,0.0,52.83899704498195,7.951169184123536e-07,0.0
436,26220.0,26220,52.83899624996339,52.83899624996339,179.95880369373904,0.0,52.83899704500498,7.950415916870005e-07,0.0
437,26280.0,26280,52.8389962500616,52.8389962500616,180.70735613862593,0.0,52.83899704502757,7.949659631427027e-07,0.0
438,26340.0,26340,52.83899625015966,52.83899625015966,181.45590858351443,0.0,52.838997045049695,7.948900330562689e-07,0.0
439,26400.0,26400,52.838996250257566,52.838996250257566,182.2044610284045,0.0,52.83899704507137,7.948138017060076e-07,0.0
440,26460.0,26460,52.83899625035532,52.83899625035532,182.95301347329615,0.0,52.83899704509259,7.94737269370977e-07,0.0
441,26520.0,26520,52.838996250452915,52.838996250452915,183.70156591818937,0.0,52.83899704511335,7.946604363315259e-07,0.0
442,26580.0,26580,52.83899625055035,52.83899625055035,184.45011836308421,0.0,52.83899704513365,7.945833028690076e-07,0.0
443,26640.0,26640,52.83899625064763,52.83899625064763,185.1986708079806,0.0,52.838997045153505,7.945058692659007e-07,0.0
444,26700.0,26700,52.83899625074475,52.838996250744756,185.94722325287856,0.0,52.83899704517289,7.944281358055685e-07,0.0
445,26760.0,26760,52.83899625084171,52.83899625084171,186.69577569777803,0.0,52.83899704519182,7.943501027728747e-07,0.0
446,26820.0,26820,52.8389962509385,52.838996250938514,187.44432814267915,0.0,52.83899704521028,7.942717704532825e-07,0.0
447,26880.0,26880,52.83899625103514,52.83899625103514,188.19288058758178,0.0,52.838997045228275,7.941931391338004e-07,0.0
448,26940.0,26940,52.8389962511316,52.8389962511316,188.941433032486,0.0,52.838997045245804,7.94114209102082e-07,0.0
449,27000.0,27000,52.83899625122789,52.83899625122789,189.6899854773918,0.0,52.83899704526287,7.940349806470706e-07,0.0
450,27060.0,27060,52.83899625132401,52.83899625132401,190.43853792229916,0.0,52.83899704527947,7.939554540589546e-07,0.0
451,27120.0,27120,52.838996251419964,52.838996251419964,191.18709036720807,0.0,52.8389970452956,7.938756296286425e-07,0.0
452,27180.0,27180,52.838996251515745,52.838996251515745,191.93564281211854,0.0,52.838997045311245,7.937955076483327e-07,0.0
453,27240.0,27240,52.83899625161134,52.83899625161134,192.68419525703055,0.0,52.83899704532643,7.937150884111086e-07,0.0
454,27300.0,27300,52.83899625170677,52.83899625170677,193.43274770194415,0.0,52.83899704534114,7.936343722113135e-07,0.0
455,27360.0,27360,52.83899625180201,52.83899625180201,194.1813001468593,0.0,52.83899704535537,7.935533593443561e-07,0.0
456,27420.0,27420,52.83899625189708,52.83899625189708,194.92985259177595,0.0,52.838997045369126,7.934720501065594e-07,0.0
457,27480.0,27480,52.838996251991965,52.838996251991965,195.67840503669416,0.0,52.83899704538241,7.933904447953121e-07,0.0
458,27540.0,27540,52.838996252086666,52.838996252086666,196.42695748161398,0.0,52.8389970453952,7.933085437092176e-07,0.0
459,27600.0,27600,52.838996252181175,52.838996252181175,197.1755099265353,0.0,52.83899704540753,7.932263471477639e-07,0.0
460,27660.0,27660,52.83899625227551,52.83899625227551,197.92406237145818,0.0,52.83899704541936,7.931438554115947e-07,0.0
461,27720.0,27720,52.838996252369654,52.838996252369654,198.6726148163826,0.0,52.83899704543072,7.930610688023884e-07,0.0
462,27780.0,27780,52.8389962524636,52.8389962524636,199.42116726130854,0.0,52.83899704544159,7.929779876228432e-07,0.0
463,27840.0,27840,52.83899625255736,52.838996252557365,200.16971970623604,0.0,52.83899704545197,7.928946121766925e-07,0.0
464,27900.0,27900,52.83899625265093,52.83899625265093,200.91827215116507,0.0,52.83899704546187,7.928109427687495e-07,0.0
465,27960.0,27960,52.838998363072676,-247.16100163692732,201.66682459609567,300.0,7.105355940241702e-07,247.16100234746295,0.0
466,28020.0,28020,52.838998363116886,-247.16100163688313,197.5474745670372,300.0,7.105299199857152e-07,247.16100234741305,0.0
467,28080.0,28080,52.83899836316011,-247.1610016368399,193.42812453797953,300.0,7.105243920587011e-07,247.1610023473643,0.0
468,28140.0,28140,52.838998363202336,-247.16100163679764,189.3087745089226,300.0,7.105190102537626e-07,247.16100234731664,0.0
469,28200.0,28200,52.83899836324359,-247.16100163675642,185.18942447986637,300.0,7.1051377458125e-07,247.1610023472702,0.0
470,28260.0,28260,52.838998363283864,-247.16100163671612,181.07007445081086,300.0,7.105086850506503e-07,247.1610023472248,0.0
471,28320.0,28320,52.83899836332316,-247.16100163667684,176.950724421756,300.0,7.105037416708663e-07,247.16100234718056,0.0
472,28380.0,28380,52.83899836336146,-247.16100163663856,172.83137439270183,300.0,7.104989444501403e-07,247.1610023471375,0.0
473,28440.0,28440,52.838998363398794,-247.1610016366012,168.71202436364834,300.0,7.104942933962273e-07,247.16100234709552,0.0
474,28500.0,28500,52.83899832544498,-77.16100167455488,164.59267433459544,129.99999999999986,8.360319759594719e-07,77.16100251058687,0.0
475,28560.0,28560,52.83899625369763,52.83899625369763,163.3066576379295,0.0,52.83899704569501,7.919973782735018e-07,0.0
476,28620.0,28620,52.8389962537922,52.8389962537922,164.0552100828769,0.0,52.83899704572419,7.919319815477573e-07,0.0
477,28680.0,28680,52.83899625388659,52.83899625388659,164.80376252782582,0.0,52.83899704575286,7.918662782244543e-07,0.0
478,28740.0,28740,52.83899625398077,52.83899625398077,165.55231497277626,0.0,52.83899704578104,7.918002685496062e-07,0.0
479,28800.0,28800,52.83899625407474,52.83899625407474,166.3008674177282,0.0,52.8389970458087,7.917339527707717e-07,0.0
480,28860.0,28860,52.83899625416852,52.83899625416852,167.04941986268162,0.0,52.83899704583585,7.916673311364096e-07,0.0
481,28920.0,28920,52.83899625426209,52.83899625426209,167.79797230763654,0.0,52.83899704586249,7.916004038961034e-07,0.0
482,28980.0,28980,52.83899625435544,52.83899625435544,168.54652475259294,0.0,52.83899704588862,7.915331713007268e-07,0.0
483,29040.0,29040,52.838996254448595,52.838996254448595,169.29507719755085,0.0,52.83899704591423,7.914656336021434e-07,0.0
484,29100.0,29100,52.83899625454154,52.83899625454154,170.04362964251024,0.0,52.83899704593933,7.913977910535067e-07,0.0
485,29160.0,29160,52.83899625463427,52.83899625463427,170.7921820874711,0.0,52.83899704596391,7.913296439088557e-07,0.0
486,29220.0,29220,52.83899625472678,52.83899625472678,171.54073453243348,0.0,52.83899704598797,7.912611924236537e-07,0.0
487,29280.0,29280,52.83899836391348,-247.16100163608652,172.28928697739735,300.0,7.104298356218651e-07,247.1610023465164,0.0
488,29340.0,29340,52.83899836395018,-247.16100163604983,168.1699369483532,300.0,7.104252167371529e-07,247.16100234647507,0.0
489,29400.0,29400,52.83899836398591,-247.16100163601408,164.05058691930967,300.0,7.104207440375534e-07,247.16100234643483,0.0
490,29460.0,29460,52.83899836402066,-247.16100163597932,159.93123689026675,300.0,7.104164175288568e-07,247.16100234639572,0.0
491,29520.0,29520,52.83899836405444,-247.16100163594552,155.81188686122445,300.0,7.104122372164705e-07,247.16100234635775,0.0
492,29580.0,29580,52.83899836408726,-247.16100163591275,151.69253683218267,300.0,7.104082031049696e-07,247.16100234632094,0.0
493,29640.0,29640,52.83899836411909,-247.1610016358809,147.57318680314145,300.0,7.104043151986065e-07,247.16100234628522,0.0
494,29700.0,29700,52.838998364149965,-247.16100163585003,143.4538367741008,300.0,7.10400573500651e-07,247.1610023462506,0.0
495,29760.0,29760,52.838998364179865,-247.16100163582013,139.33448674506067,300.0,7.103969780139008e-07,247.1610023462171,0.0
496,29820.0,29820,52.8389983642088,-247.16100163579122,135.21513671602105,300.0,7.103935287405834e-07,247.16100234618474,0.0
497,29880.0,29880,52.83899821372164,-47.16100178627823,131.0957866869819,99.99999999999986,9.139867518351837e-07,47.16100270026498,0.0
498,29940.0,29940,52.83899625585808,52.83899625585808,130.309769988259,0.0,52.838997046424566,7.905664881626954e-07,0.0
499,30000.0,30000,52.838996255951244,52.838996255951244,131.05832243324062,0.0,52.83899704646902,7.905177780756086e-07,0.0
500,30060.0,30060,52.83899625604419,52.83899625604419,131.80687487822368,0.0,52.83899704651294,7.90468752741455e-07,0.0
501,30120.0,30120,52.83899625613692,52.83899625613692,132.55542732320816,0.0,52.83899704655634,7.904194123484685e-07,0.0
502,30180.0,30180,52.83899625622945,52.83899625622945,133.30397976819407,0.0,52.838997046599204,7.903697570861282e-07,0.0
503,30240.0,30240,52.83899625632175,52.83899625632175,134.05253221318145,0.0,52.838997046641545,7.903197871452629e-07,0.0
504,30300.0,30300,52.83899625641384,52.83899625641384,134.80108465817025,0.0,52.838997046683346,7.902695027176317e-07,0.0
505,30360.0,30360,52.83899625650571,52.83899625650571,135.54963710316045,0.0,52.838997046724614,7.902189039965086e-07,0.0
506,30420.0,30420,52.83899625659736,52.83899625659736,136.29818954815212,0.0,52.83899704676535,7.901679911763224e-07,0.0
507,30480.0,30480,52.83899625668879,52.83899625668879,137.0467419931452,0.0,52.83899704680555,7.901167644523721e-07,0.0
508,30540.0,30540,52.838996256779986,52.838996256779986,137.7952944381397,0.0,52.838997046845215,7.900652240216667e-07,0.0
509,30600.0,30600,52.83899625687096,52.83899625687096,138.54384688313561,0.0,52.83899704688434,7.90013370081965e-07,0.0
510,30660.0,30660,52.838996256961714,52.838996256961714,139.29239932813294,0.0,52.83899704692292,7.89961202832661e-07,0.0
511,30720.0,30720,52.83899625705223,52.83899625705223,140.0409517731317,0.0,52.83899704696096,7.899087224740336e-07,0.0
512,30780.0,30780,52.83899625714253,52.83899625714253,140.78950421813187,0.0,52.83899704699846,7.898559292076967e-07,0.0
513,30840.0,30840,52.83899625723259,52.83899625723259,141.53805666313343,0.0,52.83899704703541,7.898028232363142e-07,0.0
514,30900.0,30900,52.83899625732241,52.83899625732241,142.28660910813642,0.0,52.838997047071814,7.89749404764005e-07,0.0
515,30960.0,30960,52.838996257412006,52.838996257412006,143.03516155314082,0.0,52.838997047107675,7.89695673995968e-07,0.0
516,31020.0,31020,52.838996257501364,52.838996257501364,143.7837139981466,0.0,52.838997047142996,7.896416311384821e-07,0.0
517,31080.0,31080,52.83899625759048,52.83899625759048,144.5322664431538,0.0,52.838997047177756,7.895872763991911e-07,0.0
518,31140.0,31140,52.838996257679355,52.838996257679355,145.28081888816237,0.0,52.83899704721196,7.895326099867739e-07,0.0
519,31200.0,31200,52.83899625776799,52.83899625776799,146.02937133317238,0.0,52.83899704724562,7.894776321112745e-07,0.0
520,31260.0,31260,52.83899625785639,52.83899625785639,146.77792377818378,0.0,52.83899704727873,7.894223429837866e-07,0.0
521,31320.0,31320,52.83899625794454,52.83899625794454,147.52647622319654,0.0,52.83899704731128,7.89366742816724e-07,0.0
522,31380.0,31380,52.838996258032445,52.838996258032445,148.2750286682107,0.0,52.83899704734328,7.893108318235507e-07,0.0
523,31440.0,31440,52.8389962581201,52.8389962581201,149.02358111322624,0.0,52.838997047374704,7.892546102188705e-07,0.0
524,31500.0,31500,52.8389962582075,52.8389962582075,149.7721335582432,0.0,52.838997047405584,7.89198078218817e-07,0.0
525,31560.0,31560,52.838996258294664,52.838996258294664,150.5206860032615,0.0,52.838997047435896,7.891412360402894e-07,0.0
526,31620.0,31620,52.83899625838157,52.83899625838157,151.2692384482812,0.0,52.83899704746566,7.890840839016412e-07,0.0
527,31680.0,31680,52.83899625846823,52.83899625846823,152.01779089330222,0.0,52.83899704749485,7.890266220221415e-07,0.0
528,31740.0,31740,52.83899625855462,52.83899625855462,152.7663433383247,0.0,52.83899704752348,7.889688506226489e-07,0.0
529,31800.0,31800,52.83899625864076,52.83899625864077,153.51489578334846,0.0,52.83899704755154,7.889107699247872e-07,0.0
530,31860.0,31860,52.838996258726645,52.838996258726645,154.26344822837368,0.0,52.83899704757903,7.888523801515902e-07,0.0
531,31920.0,31920,52.83899625881227,52.83899625881227,155.0120006734002,0.0,52.83899704760596,7.887936815271268e-07,0.0
532,31980.0,31980,52.83899625889764,52.83899625889764,155.76055311842808,0.0,52.83899704763232,7.887346742768608e-07,0.0
533,32040.0,32040,52.83899625898274,52.83899625898274,156.5091055634573,0.0,52.8389970476581,7.886753586270508e-07,0.0
534,32100.0,32100,52.83899625906758,52.83899625906758,157.25765800848788,0.0,52.838997047683314,7.886157348056056e-07,0.0
535,32160.0,32160,52.838996259152154,52.838996259152154,158.00621045351986,0.0,52.838997047707956,7.88555803041184e-07,0.0
536,32220.0,32220,52.83899625923646,52.83899625923646,158.75476289855317,0.0,52.83899704773202,7.884955635637798e-07,0.0
537,32280.0,32280,52.838996259320496,52.838996259320496,159.5033153435878,0.0,52.83899704775551,7.884350166045717e-07,0.0
538,32340.0,32340,52.838996259404254,52.838996259404254,160.25186778862374,0.0,52.83899704777842,7.883741623958635e-07,0.0
539,32400.0,32400,52.83899625948776,52.83899625948776,161.0004202336611,0.0,52.83899704780075,7.883130011711438e-07,0.0
540,32460.0,32460,52.838996259570976,52.838996259570976,161.74897267869974,0.0,52.83899704782252,7.882515331649964e-07,0.0
541,32520.0,32520,52.838996259653925,52.83899625965393,162.49752512373973,0.0,52.838997047843684,7.881897586131901e-07,0.0
542,32580.0,32580,52.838996259736604,52.838996259736604,163.24607756878106,0.0,52.83899704786428,7.881276777528135e-07,0.0
543,32640.0,32640,52.838996259819,52.838996259819,163.99463001382367,0.0,52.83899704788429,7.880652908218255e-07,0.0
544,32700.0,32700,52.838996259901116,52.838996259901116,164.74318245886766,0.0,52.83899704790371,7.880025980595795e-07,0.0
545,32760.0,32760,52.83899625998295,52.83899625998295,165.49173490391297,0.0,52.83899704792255,7.879395997063594e-07,0.0
546,32820.0,32820,52.838996260064505,52.838996260064505,166.24028734895958,0.0,52.8389970479408,7.878762960037088e-07,0.0
547,32880.0,32880,52.83899626014577,52.83899626014578,166.9888397940075,0.0,52.838997047958465,7.878126871944465e-07,0.0
548,32940.0,32940,52.838996260226764,52.838996260226764,167.73739223905673,0.0,52.83899704797554,7.877487735223361e-07,0.0
549,33000.0,33000,52.83899626030746,52.83899626030746,168.4859446841073,0.0,52.838997047992024,7.876845552323863e-07,0.0
550,33060.0,33060,52.83899626038787,52.83899626038787,169.23449712915914,0.0,52.838997048007904,7.876200325707007e-07,0.0
551,33120.0,33120,52.838996260468,52.838996260468,169.98304957421226,0.0,52.8389970480232,7.875552057845982e-07,0.0
552,33180.0,33180,52.83899626054783,52.83899626054783,170.73160201926672,0.0,52.83899704803791,7.874900751223871e-07,0.0
553,33240.0,33240,52.83899626062737,52.83899626062738,171.48015446432242,0.0,52.838997048052015,7.874246408337263e-07,0.0
554,33300.0,33300,52.83899626070662,52.83899626070663,172.22870690937944,0.0,52.83899704806553,7.873589031691743e-07,0.0
555,33360.0,33360,52.83899626078558,52.83899626078558,172.97725935443776,0.0,52.83899704807844,7.872928623806997e-07,0.0
556,33420.0,33420,52.838996260864235,52.838996260864235,173.72581179949736,0.0,52.83899704809076,7.872265187210364e-07,0.0
557,33480.0,33480,52.838996260942594,52.838996260942594,174.47436424455825,0.0,52.83899704810247,7.871598724443577e-07,0.0
558,33540.0,33540,52.838996261020654,52.838996261020654,175.22291668962038,0.0,52.838997048113576,7.870929238058425e-07,0.0
559,33600.0,33600,52.838996261098416,52.838996261098416,175.9714691346838,0.0,52.838997048124085,7.870256730619442e-07,0.0
560,33660.0,33660,52.83899626117587,52.83899626117587,176.72002157974848,0.0,52.838997048134,7.869581204699715e-07,0.0
561,33720.0,33720,52.83899626125303,52.83899626125303,177.46857402481444,0.0,52.8389970481433,7.86890266288493e-07,0.0
562,33780.0,33780,52.83899626132988,52.83899626132988,178.21712646988166,0.0,52.83899704815199,7.868221107772922e-07,0.0
563,33840.0,33840,52.83899626140642,52.83899626140642,178.96567891495013,0.0,52.83899704816008,7.867536541970828e-07,0.0
564,33900.0,33900,52.838996261482656,52.838996261482656,179.71423136001988,0.0,52.83899704816756,7.866848968097933e-07,0.0
565,33960.0,33960,52.83899626155859,52.83899626155859,180.46278380509088,0.0,52.83899704817443,7.866158388785524e-07,0.0
566,34020.0,34020,52.8389962616342,52.8389962616342,181.2113362501631,0.0,52.83899704818069,7.865464806674935e-07,0.0
567,34080.0,34080,52.83899626170951,52.83899626170951,181.9598886952366,0.0,52.83899704818633,7.864768224417103e-07,0.0
568,34140.0,34140,52.8389962617845,52.83899626178451,182.7084411403113,0.0,52.838997048191366,7.864068644677513e-07,0.0
569,34200.0,34200,52.83899626185918,52.83899626185918,183.45699358538727,0.0,52.838997048195786,7.8633660701314e-07,0.0
570,34260.0,34260,52.838996261933545,52.838996261933545,184.20554603046443,0.0,52.838997048199595,7.86266050346345e-07,0.0
571,34320.0,34320,52.83899626200758,52.83899626200758,184.95409847554288,0.0,52.838997048202785,7.861951947370649e-07,0.0
572,34380.0,34380,52.83899626208131,52.83899626208131,185.70265092062252,0.0,52.83899704820536,7.861240404561831e-07,0.0
573,34440.0,34440,52.838996262154716,52.838996262154716,186.4512033657034,0.0,52.838997048207304,7.860525877754232e-07,0.0
574,34500.0,34500,52.8389962622278,52.8389962622278,187.1997558107855,0.0,52.83899704820864,7.859808369679338e-07,0.0
575,34560.0,34560,52.83899626230057,52.83899626230057,187.94830825586877,0.0,52.83899704820935,7.859087883077333e-07,0.0
576,34620.0,34620,52.83899626237301,52.83899626237301,188.69686070095327,0.0,52.83899704820944,7.858364420699952e-07,0.0
577,34680.0,34680,52.838996262445114,52.838996262445114,189.445413146039,0.0,52.83899704820891,7.857637985310031e-07,0.0
578,34740.0,34740,52.8389962625169,52.8389962625169,190.1939655911259,0.0,52.83899704820776,7.856908579680153e-07,0.0
579,34800.0,34800,52.83899626258836,52.83899626258836,190.94251803621404,0.0,52.838997048205975,7.856176206596255e-07,0.0
580,34860.0,34860,52.838996262659485,52.838996262659485,191.69107048130334,0.0,52.838997048203574,7.855440868853571e-07,0.0
581,34920.0,34920,52.83899626273028,52.83899626273028,192.43962292639384,0.0,52.83899704820054,7.854702569257687e-07,0.0
582,34980.0,34980,52.83899626280074,52.83899626280074,193.18817537148556,0.0,52.83899704819688,7.853961310625287e-07,0.0
583,35040.0,35040,52.838998367155305,-247.1610016328447,193.93672781657844,300.0,7.100160592817541e-07,247.16100234286074,0.0
584,35100.0,35100,52.838998367194456,-247.16100163280552,189.81737778758935,300.0,7.100107618269687e-07,247.1610023428163,0.0
585,35160.0,35160,52.83899836723266,-247.16100163276735,185.69802775860092,300.0,7.100056105678635e-07,247.16100234277297,0.0
586,35220.0,35220,52.838998367269916,-247.16100163273012,181.57867772961316,300.0,7.100006055101912e-07,247.16100234273068,0.0
587,35280.0,35280,52.83899836730622,-247.16100163269377,177.459327700626,300.0,7.099957466590067e-07,247.16100234268953,0.0
588,35340.0,35340,52.838998367341574,-247.1610016326584,173.3399776716395,300.0,7.099910340189299e-07,247.16100234264948,0.0
589,35400.0,35400,52.83899836737598,-247.161001632624,169.2206276426536,300.0,7.099864675940182e-07,247.16100234261046,0.0
590,35460.0,35460,52.83899836740945,-247.16100163259057,165.10127761366823,300.0,7.099820473875494e-07,247.16100234257263,0.0
591,35520.0,35520,52.838998197436474,-42.16100180256368,160.98192758468343,95.00000000000014,9.525552807415413e-07,42.161002755118965,0.0
592,35580.0,35580,52.838996263517764,52.838996263517764,160.279244218926,0.0,52.838997048255706,7.847379425057731e-07,0.0
593,35640.0,35640,52.83899626358803,52.83899626358803,161.0277966640307,0.0,52.83899704826715,7.846791228085057e-07,0.0
594,35700.0,35700,52.838996263657975,52.838996263657975,161.77634910913653,0.0,52.838997048277974,7.846199974058449e-07,0.0
595,35760.0,35760,52.838996263727594,52.838996263727594,162.52490155424348,0.0,52.83899704828816,7.845605665288342e-07,0.0
596,35820.0,35820,52.83899626379688,52.83899626379688,163.27345399935157,0.0,52.83899704829771,7.845008304098976e-07,0.0
597,35880.0,35880,52.83899626386584,52.83899626386584,164.0220064444608,0.0,52.838997048306624,7.844407892823886e-07,0.0
598,35940.0,35940,52.838996263934455,52.838996263934455,164.7705588895712,0.0,52.83899704831491,7.84380443381131e-07,0.0
599,36000.0,36000,52.838996264002745,52.838996264002745,165.5191113346827,0.0,52.83899704832254,7.843197929416686e-07,0.0
600,36060.0,36060,52.8389962640707,52.8389962640707,166.26766377979527,0.0,52.83899704832953,7.842588382011351e-07,0.0
601,36120.0,36120,52.838996264138316,52.838996264138316,167.016216224909,0.0,52.8389970483359,7.841975793973542e-07,0.0
602,36180.0,36180,52.8389962642056,52.8389962642056,167.7647686700238,0.0,52.838997048341604,7.841360167698896e-07,0.0
603,36240.0,36240,52.83899626427253,52.83899626427253,168.51332111513977,0.0,52.83899704834668,7.840741505588749e-07,0.0
604,36300.0,36300,52.83899626433912,52.83899626433912,169.2618735602568,0.0,52.838997048351104,7.840119810060789e-07,0.0
605,36360.0,36360,52.83899626440538,52.83899626440538,170.0104260053749,0.0,52.838997048354884,7.839495083539153e-07,0.0
606,36420.0,36420,52.83899626447129,52.83899626447129,170.75897845049417,0.0,52.838997048358024,7.838867328464626e-07,0.0
607,36480.0,36480,52.83899626453686,52.83899626453686,171.50753089561445,0.0,52.83899704836052,7.838236547285798e-07,0.0
608,36540.0,36540,52.83899626460208,52.83899626460208,172.25608334073587,0.0,52.83899704836236,7.837602742462953e-07,0.0
609,36600.0,36600,52.83899626466695,52.83899626466695,173.00463578585837,0.0,52.838997048363545,7.836965916470028e-07,0.0
610,36660.0,36660,52.83899626473148,52.83899626473148,173.7531882309819,0.0,52.838997048364085,7.83632607178966e-07,0.0
611,36720.0,36720,52.838996264795654,52.838996264795654,174.50174067610652,0.0,52.83899704836398,7.835683210918136e-07,0.0
612,36780.0,36780,52.838996264859475,52.838996264859475,175.25029312123223,0.0,52.83899704836322,7.835037336360441e-07,0.0
613,36840.0,36840,52.83899626492295,52.83899626492295,175.99884556635902,0.0,52.83899704836179,7.834388450636712e-07,0.0
614,36900.0,36900,52.83899626498607,52.83899626498607,176.74739801148684,0.0,52.83899704835972,7.833736556273987e-07,0.0
615,36960.0,36960,52.838996265048834,52.838996265048834,177.49595045661573,0.0,52.838997048356994,7.8330816558149e-07,0.0
616,37020.0,37020,52.838996265111234,52.838996265111234,178.24450290174565,0.0,52.83899704835361,7.832423751809137e-07,0.0
617,37080.0,37080,52.838996265173286,52.838996265173286,178.99305534687664,0.0,52.83899704834957,7.831762846819585e-07,0.0
618,37140.0,37140,52.83899626523498,52.83899626523498,179.74160779200867,0.0,52.83899704834488,7.831098943421881e-07,0.0
619,37200.0,37200,52.83899626529631,52.83899626529631,180.49016023714177,0.0,52.838997048339515,7.83043204420006e-07,0.0
620,37260.0,37260,52.83899626535728,52.83899626535728,181.23871268227586,0.0,52.838997048333496,7.829762151751657e-07,0.0
621,37320.0,37320,52.83899626541789,52.83899626541789,181.98726512741104,0.0,52.83899704832681,7.82908926868366e-07,0.0
622,37380.0,37380,52.83899626547813,52.83899626547813,182.7358175725472,0.0,52.83899704831946,7.828413397615203e-07,0.0
623,37440.0,37440,52.83899626553801,52.83899626553801,183.4843700176844,0.0,52.83899704831146,7.827734541175923e-07,0.0
624,37500.0,37500,52.838996265597515,52.83899626559752,184.23292246282261,0.0,52.838997048302794,7.827052702007004e-07,0.0
625,37560.0,37560,52.83899626565666,52.83899626565666,184.98147490796183,0.0,52.83899704829345,7.826367882761184e-07,0.0
626,37620.0,37620,52.838996265715444,52.838996265715444,185.73002735310206,0.0,52.838997048283446,7.825680086101246e-07,0.0
627,37680.0,37680,52.83899626577385,52.83899626577385,186.47857979824326,0.0,52.83899704827278,7.824989314702127e-07,0.0
628,37740.0,37740,52.83899626583189,52.83899626583189,187.22713224338548,0.0,52.83899704826144,7.824295571247763e-07,0.0
629,37800.0,37800,52.83899626588955,52.83899626588955,187.97568468852873,0.0,52.83899704824943,7.823598858435588e-07,0.0
630,37860.0,37860,52.83899626594684,52.83899626594684,188.72423713367291,0.0,52.838997048236756,7.822899178973238e-07,0.0
631,37920.0,37920,52.838996266003754,52.838996266003754,189.47278957881812,0.0,52.83899704822341,7.822196535577799e-07,0.0
632,37980.0,37980,52.8389962660603,52.8389962660603,190.22134202396435,0.0,52.83899704820939,7.821490930978505e-07,0.0
633,38040.0,38040,52.83899626611647,52.83899626611647,190.9698944691115,0.0,52.8389970481947,7.820782367916741e-07,0.0
634,38100.0,38100,52.838996266172245,52.838996266172245,191.71844691425963,0.0,52.83899704817933,7.820070849143044e-07,0.0
635,38160.0,38160,52.83899626622766,52.83899626622766,192.46699935940876,0.0,52.83899704816329,7.819356377418446e-07,0.0
636,38220.0,38220,52.838996266282685,52.838996266282685,193.21555180455883,0.0,52.83899704814658,7.818638955517334e-07,0.0
637,38280.0,38280,52.838996266337325,52.838996266337325,193.96410424970986,0.0,52.83899704812918,7.817918586222344e-07,0.0
638,38340.0,38340,52.83899626639159,52.83899626639159,194.71265669486186,0.0,52.83899704811112,7.817195272329158e-07,0.0
639,38400.0,38400,52.83899626644547,52.83899626644547,195.46120914001477,0.0,52.83899704809237,7.816469016640813e-07,0.0
640,38460.0,38460,52.83899626649896,52.83899626649896,196.20976158516865,0.0,52.83899704807295,7.815739821975043e-07,0.0
641,38520.0,38520,52.838996266552066,52.838996266552066,196.95831403032346,0.0,52.83899704805284,7.815007691159632e-07,0.0
642,38580.0,38580,52.83899626660479,52.83899626660479,197.70686647547922,0.0,52.83899704803205,7.814272627030466e-07,0.0
643,38640.0,38640,52.83899626665712,52.83899626665712,198.45541892063588,0.0,52.83899704801058,7.813534632436029e-07,0.0
644,38700.0,38700,52.83899626670906,52.83899626670906,199.20397136579348,0.0,52.838997047988435,7.812793710235605e-07,0.0
645,38760.0,38760,52.83899626676061,52.83899626676061,199.95252381095204,0.0,52.838997047965606,7.812049863300479e-07,0.0
646,38820.0,38820,52.838996266811776,52.838996266811776,200.70107625611146,0.0,52.83899704794208,7.811303094508385e-07,0.0
647,38880.0,38880,52.83899626686254,52.83899626686254,201.44962870127185,0.0,52.838997047917886,7.810553406752208e-07,0.0
648,38940.0,38940,52.83899626691292,52.83899626691292,202.19818114643311,0.0,52.838997047892995,7.809800802932932e-07,0.0
649,39000.0,39000,52.838996266962894,52.838996266962894,202.9467335915953,0.0,52.83899704786743,7.80904528596324e-07,0.0
650,39060.0,39060,52.83899626701248,52.83899626701248,203.69528603675835,0.0,52.83899704784117,7.808286858764518e-07,0.0
651,39120.0,39120,52.83899626706167,52.83899626706167,204.4438384819223,0.0,52.83899704781422,7.807525524271949e-07,0.0
652,39180.0,39180,52.83899626711045,52.83899626711045,205.19239092708716,0.0,52.838997047786584,7.806761285428667e-07,0.0
653,39240.0,39240,52.83899626715884,52.83899626715884,205.94094337225286,0.0,52.838997047758255,7.805994145188307e-07,0.0
654,39300.0,39300,52.83899626720683,52.83899626720683,206.6894958174195,0.0,52.838997047729244,7.805224106518003e-07,0.0
655,39360.0,39360,52.838996267254416,52.838996267254416,207.438048262587,0.0,52.838997047699536,7.804451172391338e-07,0.0
656,39420.0,39420,52.8389962673016,52.8389962673016,208.1866007077553,0.0,52.83899704766914,7.803675345794645e-07,0.0
657,39480.0,39480,52.83899626734838,52.83899626734838,208.93515315292453,0.0,52.83899704763805,7.802896629723259e-07,0.0
658,39540.0,39540,52.83899626739476,52.83899626739476,209.68370559809458,0.0,52.83899704760626,7.802115027184963e-07,0.0
659,39600.0,39600,52.83899626744073,52.83899626744073,210.4322580432655,0.0,52.838997047573784,7.801330541196692e-07,0.0
660,39660.0,39660,52.838996267486294,52.838996267486294,211.18081048843726,0.0,52.83899704754061,7.800543174784679e-07,0.0
661,39720.0,39720,52.83899626753145,52.83899626753145,211.92936293360987,0.0,52.83899704750675,7.799752930987906e-07,0.0
662,39780.0,39780,52.8389962675762,52.8389962675762,212.67791537878333,0.0,52.83899704747218,7.79895981285421e-07,0.0
663,39840.0,39840,52.83899626762054,52.83899626762054,213.4264678239576,0.0,52.83899704743692,7.79816382344132e-07,0.0
664,39900.0,39900,52.83899626766447,52.83899626766447,214.1750202691327,0.0,52.838997047400966,7.797364965818372e-07,0.0
665,39960.0,39960,52.83899626770799,52.83899626770799,214.9235727143086,0.0,52.83899704736431,7.796563243063049e-07,0.0
666,40020.0,40020,52.83899626775109,52.83899626775109,215.67212515948538,0.0,52.838997047326956,7.795758658266085e-07,0.0
667,40080.0,40080,52.83899626779378,52.83899626779378,216.4206776046629,0.0,52.838997047288906,7.794951214525561e-07,0.0
668,40140.0,40140,52.83899626783606,52.83899626783606,217.16923004984125,0.0,52.83899704725015,7.794140914950062e-07,0.0
669,40200.0,40200,52.838996267877924,52.838996267877924,217.9177824950204,0.0,52.8389970472107,7.793327762661221e-07,0.0
670,40260.0,40260,52.83899626791936,52.83899626791936,218.66633494020036,0.0,52.838997047170544,7.79251176078742e-07,0.0
671,40320.0,40320,52.8389962679604,52.8389962679604,219.41488738538112,0.0,52.83899704712968,7.791692912468443e-07,0.0
672,40380.0,40380,52.838996268001,52.838996268001,220.16343983056265,0.0,52.83899704708813,7.790871220854723e-07,0.0
673,40440.0,40440,52.83899626804119,52.83899626804119,220.91199227574495,0.0,52.838997047045865,7.790046689106291e-07,0.0
674,40500.0,40500,52.83899626808096,52.83899626808096,221.66054472092804,0.0,52.83899704700289,7.789219320392332e-07,0.0
675,40560.0,40560,52.838996268120304,52.838996268120304,222.4090971661119,0.0,52.83899704695922,7.788389117893278e-07,0.0
676,40620.0,40620,52.838996268159235,52.838996268159235,223.15764961129653,0.0,52.83899704691484,7.787556084797962e-07,0.0
677,40680.0,40680,52.83899626819774,52.83899626819774,223.90620205648187,0.0,52.83899704686976,7.786720224308267e-07,0.0
678,40740.0,40740,52.83899626823582,52.83899626823582,224.65475450166804,0.0,52.83899704682397,7.785881539631773e-07,0.0
679,40800.0,40800,52.83899626827347,52.83899626827347,225.4033069468549,0.0,52.83899704677747,7.785040033991367e-07,0.0
680,40860.0,40860,52.8389962683107,52.8389962683107,226.15185939204255,0.0,52.83899704673027,7.784195710613828e-07,0.0
681,40920.0,40920,52.8389962683475,52.8389962683475,226.90041183723093,0.0,52.83899704668235,7.783348572739289e-07,0.0
682,40980.0,40980,52.838996268383866,52.838996268383866,227.64896428242002,0.0,52.838997046633736,7.782498623616883e-07,0.0
683,41040.0,41040,52.83899626841982,52.83899626841982,228.39751672760985,0.0,52.8389970465844,7.781645866507742e-07,0.0
684,41100.0,41100,52.83899626845533,52.83899626845533,229.1460691728004,0.0,52.83899704653436,7.78079030467795e-07,0.0
685,41160.0,41160,52.83899626849042,52.83899626849042,229.8946216179917,0.0,52.83899704648361,7.779931941408436e-07,0.0
686,41220.0,41220,52.83899626852507,52.83899626852507,230.6431740631837,0.0,52.83899704643215,7.779070779987035e-07,0.0
687,41280.0,41280,52.8389962685593,52.8389962685593,231.39172650837637,0.0,52.83899704637998,7.778206823711628e-07,0.0
688,41340.0,41340,52.83899626859309,52.83899626859309,232.14027895356975,0.0,52.8389970463271,7.777340075889546e-07,0.0
689,41400.0,41400,52.838996268626445,52.838996268626445,232.8888313987638,0.0,52.8389970462735,7.776470539840573e-07,0.0
690,41460.0,41460,52.83899626865937,52.83899626865937,233.63738384395862,0.0,52.83899704621919,7.77559821888974e-07,0.0
691,41520.0,41520,52.83899626869186,52.83899626869186,234.38593628915405,0.0,52.83899704616417,7.77472311637408e-07,0.0
692,41580.0,41580,52.8389962687239,52.8389962687239,235.13448873435019,0.0,52.83899704610843,7.773845235640373e-07,0.0
693,41640.0,41640,52.83899837145898,-247.161001628541,235.88304117954698,300.0,7.094120053822346e-07,247.16100233795302,0.0
694,41700.0,41700,52.838998371504395,-247.16100162849563,231.76369115063113,300.0,7.094052812321097e-07,247.16100233790092,0.0
695,41760.0,41760,52.83899837154889,-247.1610016284511,227.64434112171602,300.0,7.093987032190906e-07,247.16100233784977,0.0
696,41820.0,41820,52.83899837159247,-247.16100162840752,223.5249910928017,300.0,7.093922713515545e-07,247.1610023377998,0.0
697,41880.0,41880,52.83899837163512,-247.16100162836486,219.4056410638881,300.0,7.09385985637204e-07,247.16100233775083,0.0
698,41940.0,41940,52.83899837167686,-247.1610016283232,215.28629103497525,300.0,7.093798460832689e-07,247.16100233770302,0.0
699,42000.0,42000,52.83899837171767,-247.16100162828232,211.16694100606307,300.0,7.09373852696357e-07,247.16100233765616,0.0
700,42060.0,42060,52.838998371757576,-247.16100162824242,207.04759097715163,300.0,7.093680054824528e-07,247.16100233761043,0.0
701,42120.0,42120,52.83899837179656,-247.16100162820342,202.92824094824087,300.0,7.093623044469567e-07,247.16100233756572,0.0
702,42180.0,42180,52.83899293167028,7.838992931670275,198.80889091933074,45.0,7.838993485078838,5.534085639011824e-07,0.0
703,42240.0,42240,52.838996269094515,52.838996269094515,198.9199433178126,0.0,52.83899704561174,7.765172259637652e-07,0.0
704,42300.0,42300,52.83899626912861,52.83899626912861,199.6684957630168,0.0,52.838997045574324,7.764457160145156e-07,0.0
705,42360.0,42360,52.838996269162266,52.838996269162266,200.4170482082217,0.0,52.83899704553618,7.763739153020116e-07,0.0
706,42420.0,42420,52.8389962691955,52.8389962691955,201.16560065342725,0.0,52.83899704549732,7.763018241094965e-07,0.0
707,42480.0,42480,52.83899626922829,52.83899626922829,201.91415309863342,0.0,52.83899704545773,7.762294427207689e-07,0.0
708,42540.0,42540,52.83899626926065,52.83899626926065,202.66270554384025,0.0,52.83899704541742,7.761567714211722e-07,0.0
709,42600.0,42600,52.83899626929258,52.83899626929258,203.41125798904775,0.0,52.83899704537639,7.760838104966048e-07,0.0
710,42660.0,42660,52.83899626932407,52.83899626932407,204.15981043425586,0.0,52.83899704533463,7.760105602347053e-07,0.0
711,42720.0,42720,52.838996269355114,52.838996269355114,204.90836287946462,0.0,52.83899704529214,7.759370209233969e-07,0.0
712,42780.0,42780,52.83899626938573,52.83899626938573,205.65691532467397,0.0,52.83899704524893,7.758631928522381e-07,0.0
713,42840.0,42840,52.83899626941591,52.83899626941591,206.40546776988398,0.0,52.838997045204984,7.757890763115675e-07,0.0
714,42900.0,42900,52.83899626944565,52.83899626944565,207.1540202150946,0.0,52.83899704516031,7.757146715928185e-07,0.0
715,42960.0,42960,52.83899626947494,52.83899626947494,207.90257266030576,0.0,52.83899704511492,7.756399789885943e-07,0.0
716,43020.0,43020,52.838996269503795,52.838996269503795,208.65112510551756,0.0,52.8389970450688,7.755649987923385e-07,0.0
717,43080.0,43080,52.83899626953221,52.83899626953221,209.39967755073,0.0,52.83899704502194,7.754897312986643e-07,0.0
718,43140.0,43140,52.838996269560184,52.838996269560184,210.148229995943,0.0,52.838997044974356,7.754141768033554e-07,0.0
719,43200.0,43200,52.83899626958771,52.83899626958771,210.89678244115657,0.0,52.838997044926046,7.753383356029899e-07,0.0
720,43260.0,43260,52.838996269614796,52.838996269614796,211.64533488637073,0.0,52.838997044877004,7.752622079951663e-07,0.0
721,43320.0,43320,52.83899626964143,52.83899626964143,212.39388733158546,0.0,52.838997044827224,7.751857942788632e-07,0.0
722,43380.0,43380,52.838996269667625,52.838996269667625,213.14243977680076,0.0,52.83899704477672,7.751090947538236e-07,0.0
723,43440.0,43440,52.838996269693375,52.838996269693375,213.89099222201662,0.0,52.83899704472548,7.75032109720796e-07,0.0
724,43500.0,43500,52.83899626971867,52.83899626971867,214.63954466723305,0.0,52.83899704467351,7.74954839481579e-07,0.0
725,43560.0,43560,52.838996269743525,52.838996269743525,215.38809711245,0.0,52.83899704462081,7.748772843392305e-07,0.0
726,43620.0,43620,52.838996269767925,52.838996269767925,216.13664955766754,0.0,52.83899704456737,7.747994445976193e-07,0.0
727,43680.0,43680,52.838996269791885,52.838996269791885,216.8852020028856,0.0,52.838997044513206,7.747213205614986e-07,0.0
728,43740.0,43740,52.83899626981538,52.83899626981538,217.63375444810418,0.0,52.838997044458296,7.746429125369565e-07,0.0
729,43800.0,43800,52.83899626983844,52.83899626983844,218.38230689332335,0.0,52.83899704440265,7.745642208309517e-07,0.0
730,43860.0,43860,52.83899626986104,52.83899626986104,219.13085933854296,0.0,52.838997044346286,7.744852457513874e-07,0.0
731,43920.0,43920,52.83899626988319,52.83899626988319,219.87941178376312,0.0,52.83899704428917,7.744059876073668e-07,0.0
732,43980.0,43980,52.83899626990488,52.83899626990488,220.62796422898379,0.0,52.838997044231334,7.743264467087584e-07,0.0
733,44040.0,44040,52.83899626992613,52.83899626992613,221.376516674205,0.0,52.83899704417275,7.742466233667354e-07,0.0
734,44100.0,44100,52.83899626994691,52.83899626994691,222.12506911942666,0.0,52.838997044113434,7.741665178931461e-07,0.0
735,44160.0,44160,52.83899626996725,52.83899626996725,222.87362156464883,0.0,52.83899704405338,7.740861306011139e-07,0.0
736,44220.0,44220,52.83899626998713,52.83899626998713,223.62217400987146,0.0,52.838997043992585,7.74005461804587e-07,0.0
737,44280.0,44280,52.83899627000655,52.83899627000655,224.3707264550946,0.0,52.83899704393106,7.739245118185488e-07,0.0
738,44340.0,44340,52.83899627002551,52.83899627002551,225.11927890031825,0.0,52.83899704386879,7.738432809592275e-07,0.0
739,44400.0,44400,52.83899627004402,52.83899627004402,225.86783134554233,0.0,52.83899704380579,7.737617695433764e-07,0.0
740,44460.0,44460,52.83899627006207,52.83899627006207,226.6163837907669,0.0,52.83899704374205,7.736799778891888e-07,0.0
741,44520.0,44520,52.83899627007966,52.83899627007966,227.3649362359919,0.0,52.83899704367756,7.73597906315518e-07,0.0
742,44580.0,44580,52.838996270096786,52.838996270096786,228.11348868121738,0.0,52.838997043612345,7.735155551423721e-07,0.0
743,44640.0,44640,52.83899627011346,52.83899627011346,228.8620411264433,0.0,52.838997043546385,7.734329246907496e-07,0.0
744,44700.0,44700,52.83899627012967,52.83899627012967,229.61059357166965,0.0,52.83899704347969,7.733500152825637e-07,0.0
745,44760.0,44760,52.83899627014542,52.83899627014542,230.35914601689646,0.0,52.83899704341224,7.732668272406425e-07,0.0
746,44820.0,44820,52.838996270160706,52.838996270160706,231.1076984621237,0.0,52.838997043344065,7.731833608889393e-07,0.0
747,44880.0,44880,52.838996270175535,52.838996270175535,231.85625090735135,0.0,52.83899704327514,7.730996165524574e-07,0.0
748,44940.0,44940,52.838996270189895,52.838996270189895,232.6048033525794,0.0,52.83899704320548,7.730155945567701e-07,0.0
749,45000.0,45000,52.838996270203786,52.838996270203786,233.35335579780792,0.0,52.83899704313508,7.729312952289504e-07,0.0
750,45060.0,45060,52.83899627021722,52.83899627021722,234.1019082430368,0.0,52.83899704306394,7.728467188966267e-07,0.0
751,45120.0,45120,52.83899627023019,52.83899627023019,234.8504606882661,0.0,52.838997042992055,7.727618658885222e-07,0.0
752,45180.0,45180,52.838996270242696,52.838996270242696,235.5990131334958,0.0,52.83899704291943,7.726767365343652e-07,0.0
753,45240.0,45240,52.83899627025473,52.83899627025473,236.3475655787259,0.0,52.83899704284606,7.725913311648286e-07,0.0
754,45300.0,45300,52.8389962702663,52.8389962702663,237.09611802395634,0.0,52.83899704277196,7.725056501114859e-07,0.0
755,45360.0,45360,52.838996270277406,52.838996270277406,237.8446704691872,0.0,52.83899704269711,7.724196937069903e-07,0.0
756,45420.0,45420,52.83899627028805,52.83899627028805,238.59322291441842,0.0,52.83899704262151,7.723334622846698e-07,0.0
757,45480.0,45480,52.83899627029822,52.83899627029822,239.34177535965,0.0,52.838997042545174,7.722469561792177e-07,0.0
758,45540.0,45540,52.83899627030792,52.83899627030792,240.09032780488195,0.0,52.83899704246809,7.721601757260322e-07,0.0
759,45600.0,45600,52.83899627031715,52.83899627031715,240.83888025011427,0.0,52.838997042390275,7.720731212612764e-07,0.0
760,45660.0,45660,52.838996270325914,52.838996270325914,241.5874326953469,0.0,52.83899704231171,7.719857931222835e-07,0.0
761,45720.0,45720,52.83899627033421,52.83899627033421,242.33598514057994,0.0,52.8389970422324,7.718981916473918e-07,0.0
762,45780.0,45780,52.83899627034203,52.83899627034203,243.08453758581325,0.0,52.83899704215235,7.718103171758243e-07,0.0
763,45840.0,45840,52.838996270349384,52.838996270349384,243.8330900310469,0.0,52.83899704207155,7.717221700474641e-07,0.0
764,45900.0,45900,52.83899627035626,52.83899627035626,244.5816424762809,0.0,52.83899704199001,7.716337506035146e-07,0.0
765,45960.0,45960,52.83899627036267,52.83899627036267,245.3301949215152,0.0,52.83899704190773,7.715450591858687e-07,0.0
766,46020.0,46020,52.83899627036861,52.83899627036861,246.07874736674984,0.0,52.838997041824705,7.714560961374247e-07,0.0
767,46080.0,46080,52.838996270374075,52.838996270374075,246.82729981198472,0.0,52.83899704174094,7.713668618019956e-07,0.0
768,46140.0,46140,52.83899627037906,52.83899627037906,247.57585225721994,0.0,52.83899704165642,7.712773565242196e-07,0.0
769,46200.0,46200,52.83899627038358,52.83899627038358,248.32440470245547,0.0,52.83899704157116,7.7118758064998e-07,0.0
770,46260.0,46260,52.838996270387625,52.838996270387625,249.07295714769126,0.0,52.83899704148516,7.710975345255797e-07,0.0
771,46320.0,46320,52.83899627039119,52.83899627039119,249.82150959292736,0.0,52.838997041398414,7.710072184985818e-07,0.0
772,46380.0,46380,52.83899627039429,52.83899627039429,250.57006203816368,0.0,52.838997041310925,7.709166329173146e-07,0.0
773,46440.0,46440,52.83899627039691,52.83899627039691,251.31861448340032,0.0,52.83899704122269,7.708257781311261e-07,0.0
774,46500.0,46500,52.83899627039905,52.83899627039905,252.06716692863722,0.0,52.83899704113371,7.707346544902194e-07,0.0
775,46560.0,46560,52.83899627040073,52.83899627040073,252.81571937387437,0.0,52.83899704104399,7.706432623455625e-07,0.0
776,46620.0,46620,52.838996270401914,52.838996270401914,253.56427181911175,0.0,52.838997040953515,7.705516020492637e-07,0.0
777,46680.0,46680,52.83899627040263,52.83899627040263,254.31282426434942,0.0,52.83899704086231,7.704596739541659e-07,0.0
778,46740.0,46740,52.83899627040287,52.83899627040287,255.0613767095873,0.0,52.83899704077035,7.703674784140123e-07,0.0
779,46800.0,46800,52.83899627040263,52.83899627040263,255.80992915482543,0.0,52.83899704067765,7.70275015783506e-07,0.0
780,46860.0,46860,52.83899627040192,52.83899627040192,256.55848160006377,0.0,52.8389970405842,7.701822864181149e-07,0.0
781,46920.0,46920,52.83899627040073,52.83899627040073,257.3070340453024,0.0,52.838997040490014,7.700892906743423e-07,0.0
782,46980.0,46980,52.83899627039905,52.83899627039905,258.05558649054115,0.0,52.838997040395085,7.699960289095011e-07,0.0
783,47040.0,47040,52.838996270396905,52.838996270396905,258.80413893578014,0.0,52.838997040299404,7.699025014817894e-07,0.0
784,47100.0,47100,52.838996270394276,52.838996270394276,259.5526913810194,0.0,52.83899704020298,7.698087087502152e-07,0.0
785,47160.0,47160,52.83899627039116,52.83899627039116,260.30124382625877,0.0,52.838997040105816,7.697146510747018e-07,0.0
786,47220.0,47220,52.838996270387575,52.838996270387575,261.04979627149834,0.0,52.83899704000791,7.696203288162519e-07,0.0
787,47280.0,47280,52.83899627038351,52.83899627038351,261.79834871673813,0.0,52.83899703990926,7.695257423363487e-07,0.0
788,47340.0,47340,52.83899627037896,52.83899627037896,262.54690116197804,0.0,52.838997039809854,7.694308919975404e-07,0.0
789,47400.0,47400,52.83899627037394,52.83899627037394,263.2954536072182,0.0,52.83899703970972,7.693357781634097e-07,0.0
790,47460.0,47460,52.83899627036843,52.83899627036843,264.0440060524585,0.0,52.838997039608834,7.692404011980047e-07,0.0
791,47520.0,47520,52.83899627036244,52.83899627036244,264.7925584976989,0.0,52.838997039507205,7.691447614666187e-07,0.0
792,47580.0,47580,52.83899627035598,52.83899627035598,265.54111094293955,0.0,52.83899703940484,7.690488593350395e-07,0.0
793,47640.0,47640,52.83899627034903,52.83899627034903,266.2896633881803,0.0,52.83899703930172,7.689526951703151e-07,0.0
794,47700.0,47700,52.838996270341596,52.838996270341596,267.0382158334212,0.0,52.838997039197864,7.688562693398986e-07,0.0
795,47760.0,47760,52.83899627033368,52.83899627033368,267.78676827866224,0.0,52.838997039093265,7.687595822124428e-07,0.0
796,47820.0,47820,52.83899627032528,52.83899627032528,268.5353207239034,0.0,52.83899703898792,7.68662634157306e-07,0.0
797,47880.0,47880,52.838996270316414,52.838996270316414,269.28387316914467,0.0,52.838997038881836,7.685654255444911e-07,0.0
798,47940.0,47940,52.83899627030706,52.83899627030706,270.03242561438606,0.0,52.83899703877501,7.684679567452909e-07,0.0
799,48000.0,48000,52.83899627029721,52.83899627029721,270.78097805962756,0.0,52.83899703866744,7.683702281315235e-07,0.0
800,48060.0,48060,52.83899627028689,52.83899627028689,271.52953050486923,0.0,52.83899703855913,7.682722400756669e-07,0.0
801,48120.0,48120,52.83899627027608,52.83899627027608,272.2780829501109,0.0,52.838997038450074,7.681739929515042e-07,0.0
802,48180.0,48180,52.83899627026479,52.83899627026479,273.02663539535274,0.0,52.83899703834028,7.680754871332082e-07,0.0
803,48240.0,48240,52.83899627025302,52.83899627025302,273.77518784059464,0.0,52.83899703822974,7.679767229960169e-07,0.0
804,48300.0,48300,52.83899627024077,52.83899627024077,274.5237402858366,0.0,52.83899703811847,7.678777009159782e-07,0.0
805,48360.0,48360,52.83899627022803,52.83899627022803,275.27229273107866,0.0,52.83899703800645,7.677784212697553e-07,0.0
806,48420.0,48420,52.83899627021481,52.83899627021481,276.0208451763208,0.0,52.83899703789369,7.676788844350009e-07,0.0
807,48480.0,48480,52.8389962702011,52.8389962702011,276.769397621563,0.0,52.838997037780196,7.67579090790328e-07,0.0
808,48540.0,48540,52.83899627018691,52.83899627018691,277.5179500668052,0.0,52.838997037665955,7.674790407146497e-07,0.0
809,48600.0,48600,52.838996270172245,52.838996270172245,278.2665025120475,0.0,52.838997037550975,7.673787345881987e-07,0.0
810,48660.0,48660,52.83899627015708,52.83899627015708,279.0150549572898,0.0,52.838997037435256,7.672781727917632e-07,0.0
811,48720.0,48720,52.83899627014145,52.83899627014145,279.7636074025322,0.0,52.838997037318805,7.671773557070308e-07,0.0
812,48780.0,48780,52.83899627012533,52.83899627012533,280.51215984777457,0.0,52.83899703720161,7.670762837163647e-07,0.0
813,48840.0,48840,52.838996270108716,52.838996270108716,281.260712293017,0.0,52.83899703708368,7.669749572028778e-07,0.0
814,48900.0,48900,52.83899627009163,52.83899627009163,282.00926473825945,0.0,52.838997036965004,7.668733765507929e-07,0.0
815,48960.0,48960,52.83899838004037,-97.16100161995963,282.7578171835019,150.0,8.402127295735874e-07,97.16100246017234,0.0
816,49020.0,49020,52.83899838015703,-97.16100161984299,281.13846715440206,150.0,8.402597878717095e-07,97.16100246010278,0.0
817,49080.0,49080,52.838998380272855,-97.16100161972714,279.51911712530404,150.0,8.403066137049313e-07,97.16100246003376,0.0
818,49140.0,49140,52.838998380387864,-97.16100161961212,277.8997670962078,150.0,8.403532069214835e-07,97.16100245996535,0.0
819,49200.0,49200,52.838998380502055,-97.16100161949794,276.2804170671134,150.0,8.40399567370197e-07,97.1610024598975,0.0
820,49260.0,49260,52.83899838061543,-97.16100161938458,274.6610670380208,150.0,8.404456949013724e-07,97.16100245983029,0.0
821,49320.0,49320,52.83899838072798,-97.16100161927203,273.04171700892994,150.0,8.404915893655509e-07,97.16100245976362,0.0
822,49380.0,49380,52.83899838083972,-97.16100161916029,271.42236697984083,150.0,8.40537250614503e-07,97.16100245969754,0.0
823,49440.0,49440,52.83899838095064,-97.16100161904937,269.8030169507535,150.0,8.405826785006446e-07,97.16100245963206,0.0
824,49500.0,49500,52.83899838106075,-97.16100161893927,268.1836669216679,150.0,8.406278728775315e-07,97.16100245956714,0.0
825,49560.0,49560,52.83899838117004,-97.16100161882996,266.564316892584,150.0,8.406728335994694e-07,97.1610024595028,0.0
826,49620.0,49620,52.83899838127853,-97.16100161872147,264.9449668635018,150.0,8.407175605216493e-07,97.16100245943903,0.0
827,49680.0,49680,52.8389983813862,-97.16100161861381,263.3256168344213,150.0,8.407620535000867e-07,97.16100245937587,0.0
828,49740.0,49740,52.83899838149305,-97.16100161850696,261.7062668053425,150.0,8.408063123918625e-07,97.16100245931328,0.0
829,49800.0,49800,52.8389983815991,-97.16100161840092,260.08691677626535,150.0,8.408503370546425e-07,97.16100245925125,0.0
830,49860.0,49860,52.838998381704336,-97.16100161829564,258.4675667471899,150.0,8.408941273472476e-07,97.16100245918979,0.0
831,49920.0,49920,52.83899838180877,-97.16100161819122,256.8482167181161,150.0,8.409376831293233e-07,97.16100245912891,0.0
832,49980.0,49980,52.8389983819124,-97.1610016180876,255.22886668904388,150.0,8.409810042614004e-07,97.16100245906861,0.0
833,50040.0,50040,52.83899827671397,-52.161001723286034,253.6095166599733,105.0,8.825005016695293e-07,52.16100260578654,0.0
834,50100.0,50100,52.838996269566906,52.838996269566906,252.7401666290456,0.0,52.83899703454641,7.649795085974816e-07,0.0
835,50160.0,50160,52.838996269531194,52.838996269531194,253.48871907428534,0.0,52.838997034422505,7.648913058193329e-07,0.0
836,50220.0,50220,52.8389962694951,52.8389962694951,254.2372715195248,0.0,52.83899703429793,7.648028354869591e-07,0.0
837,50280.0,50280,52.83899626945862,52.83899626945862,254.98582396476397,0.0,52.83899703417271,7.647140979512981e-07,0.0
838,50340.0,50340,52.83899626942174,52.83899626942174,255.73437641000285,0.0,52.83899703404684,7.646250935643832e-07,0.0
839,50400.0,50400,52.83899626938449,52.83899626938449,256.4829288552414,0.0,52.838997033920315,7.645358226792071e-07,0.0
840,50460.0,50460,52.83899626934684,52.83899626934684,257.23148130047974,0.0,52.838997033793135,7.644462856494383e-07,0.0
841,50520.0,50520,52.83899626930881,52.83899626930881,257.98003374571766,0.0,52.8389970336653,7.643564828298846e-07,0.0
842,50580.0,50580,52.838996269270396,52.838996269270396,258.72858619095535,0.0,52.83899703353681,7.642664145761042e-07,0.0
843,50640.0,50640,52.83899626923159,52.83899626923159,259.4771386361927,0.0,52.83899703340767,7.641760812445101e-07,0.0
844,50700.0,50700,52.83899626919241,52.83899626919241,260.22569108142966,0.0,52.838997033277884,7.640854831924454e-07,0.0
845,50760.0,50760,52.83899626915283,52.83899626915283,260.9742435266664,0.0,52.83899703314745,7.639946207781382e-07,0.0
846,50820.0,50820,52.83899626911287,52.83899626911287,261.7227959719027,0.0,52.83899703301636,7.639034943606565e-07,0.0
847,50880.0,50880,52.83899626907253,52.83899626907253,262.4713484171387,0.0,52.83899703288463,7.638121043000434e-07,0.0
848,50940.0,50940,52.838996269031796,52.838996269031796,263.21990086237435,0.0,52.838997032752246,7.63720450957017e-07,0.0
849,51000.0,51000,52.838996268990684,52.838996268990684,263.96845330760965,0.0,52.83899703261922,7.636285346933751e-07,0.0
850,51060.0,51060,52.83899626894919,52.83899626894919,264.7170057528446,0.0,52.83899703248554,7.635363558716058e-07,0.0
851,51120.0,51120,52.8389962689073,52.8389962689073,265.46555819807924,0.0,52.838997032351216,7.634439148551274e-07,0.0
852,51180.0,51180,52.83899626886504,52.83899626886504,266.21411064331346,0.0,52.83899703221625,7.633512120082576e-07,0.0
853,51240.0,51240,52.838996268822385,52.838996268822385,266.96266308854734,0.0,52.83899703208063,7.632582476962147e-07,0.0
854,51300.0,51300,52.83899626877935,52.83899626877935,267.71121553378083,0.0,52.83899703194437,7.631650222847415e-07,0.0
855,51360.0,51360,52.83899626873594,52.83899626873594,268.459767979014,0.0,52.83899703180747,7.630715361409762e-07,0.0
856,51420.0,51420,52.838996268692135,52.838996268692135,269.2083204242467,0.0,52.838997031669926,7.629777896323416e-07,0.0
857,51480.0,51480,52.83899626864795,52.83899626864795,269.95687286947907,0.0,52.83899703153173,7.628837831274907e-07,0.0
858,51540.0,51540,52.83899626860339,52.83899626860339,270.705425314711,0.0,52.83899703139291,7.627895169958268e-07,0.0
859,51600.0,51600,52.83899626855844,52.83899626855844,271.45397775994263,0.0,52.838997031253434,7.626949916075026e-07,0.0
860,51660.0,51660,52.83899626851312,52.83899626851312,272.2025302051738,0.0,52.83899703111332,7.626002073334662e-07,0.0
861,51720.0,51720,52.838996268467405,52.838996268467405,272.95108265040454,0.0,52.83899703097257,7.625051645457606e-07,0.0
862,51780.0,51780,52.83899626842132,52.83899626842132,273.6996350956349,0.0,52.83899703083119,7.624098636169837e-07,0.0
863,51840.0,51840,52.83899626837485,52.83899626837485,274.4481875408648,0.0,52.83899703068916,7.623143049206035e-07,0.0
864,51900.0,51900,52.838996268328,52.838996268328,275.1967399860943,0.0,52.83899703054649,7.622184888310181e-07,0.0
865,51960.0,51960,52.838996268280766,52.838996268280766,275.9452924313234,0.0,52.838997030403185,7.621224157234653e-07,0.0
866,52020.0,52020,52.83899626823316,52.83899626823316,276.6938448765521,0.0,52.83899703025925,7.620260859739032e-07,0.0
867,52080.0,52080,52.83899626818517,52.83899626818517,277.4423973217803,0.0,52.83899703011467,7.619294999590245e-07,0.0
868,52140.0,52140,52.8389962681368,52.8389962681368,278.1909497670081,0.0,52.83899702996946,7.618326580565425e-07,0.0
869,52200.0,52200,52.83899626808806,52.83899626808806,278.9395022122354,0.0,52.838997029823624,7.617355606448149e-07,0.0
870,52260.0,52260,52.83899626803894,52.83899626803894,279.6880546574624,0.0,52.83899702967715,7.616382081030849e-07,0.0
871,52320.0,52320,52.838996267989444,52.838996267989444,280.4366071026888,0.0,52.83899702953004,7.615406008114051e-07,0.0
872,52380.0,52380,52.838996267939564,52.838996267939564,281.1851595479148,0.0,52.838997029382305,7.614427391505337e-07,0.0
873,52440.0,52440,52.83899626788931,52.83899626788931,281.9337119931403,0.0,52.83899702923394,7.613446235021285e-07,0.0
874,52500.0,52500,52.83899626783869,52.83899626783869,282.6822644383654,0.0,52.838997029084936,7.612462542485376e-07,0.0
875,52560.0,52560,52.83899626778768,52.83899626778768,283.43081688358996,0.0,52.83899702893531,7.611476317730837e-07,0.0
876,52620.0,52620,52.8389962677363,52.8389962677363,284.17936932881406,0.0,52.83899702878506,7.610487564596597e-07,0.0
877,52680.0,52680,52.83899626768455,52.83899626768455,284.9279217740377,0.0,52.838997028634175,7.609496286930588e-07,0.0
878,52740.0,52740,52.838998379955626,-247.16100162004437,285.67647421926085,300.0,7.080415412024197e-07,247.16100232808594,0.0
879,52800.0,52800,52.83899838000434,-247.16100161999566,281.55712419049,300.0,7.080328018819216e-07,247.1610023280285,0.0
880,52860.0,52860,52.8389983800522,-247.16100161994783,277.43777416172,300.0,7.080242083320588e-07,247.16100232797203,0.0
881,52920.0,52920,52.838998380099206,-247.1610016199008,273.3184241329508,300.0,7.08015760567216e-07,247.16100232791658,0.0
882,52980.0,52980,52.83899838014536,-247.16100161985463,269.1990741041824,300.0,7.08007458601448e-07,247.1610023278621,0.0
883,53040.0,53040,52.838998380190674,-247.16100161980933,265.0797240754148,300.0,7.079993024484277e-07,247.16100232780863,0.0
884,53100.0,53100,52.83899838023512,-247.1610016197649,260.960374046648,300.0,7.079912921208669e-07,247.16100232775617,0.0
885,53160.0,53160,52.83899838027872,-247.1610016197213,256.8410240178819,300.0,7.079834276312761e-07,247.16100232770472,0.0
886,53220.0,53220,52.83899838032147,-247.16100161967856,252.72167398911657,300.0,7.0797570899152e-07,247.16100232765424,0.0
887,53280.0,53280,52.83899841297146,-142.16100158702855,248.60232396035198,195.0,7.374154393983823e-07,142.16100232444398,0.0
888,53340.0,53340,52.83899626714274,52.83899626714273,246.23297393205797,0.0,52.83899702709365,7.599509139987522e-07,0.0
889,53400.0,53400,52.838996267095354,52.838996267095354,246.98152637727594,0.0,52.8389970269632,7.598678391728875e-07,0.0
890,53460.0,53460,52.838996267047605,52.838996267047605,247.73007882249348,0.0,52.838997026832104,7.597844961849409e-07,0.0
891,53520.0,53520,52.83899626699949,52.83899626699949,248.47863126771048,0.0,52.83899702670037,7.597008853716305e-07,0.0
892,53580.0,53580,52.83899626695101,52.83899626695101,249.2271837129271,0.0,52.83899702656801,7.596170070712795e-07,0.0
893,53640.0,53640,52.83899626690215,52.83899626690215,249.97573615814315,0.0,52.83899702643502,7.59532861622496e-07,0.0
894,53700.0,53700,52.83899626685293,52.83899626685293,250.72428860335876,0.0,52.83899702630138,7.594484493650733e-07,0.0
895,53760.0,53760,52.83899626680335,52.83899626680335,251.4728410485739,0.0,52.83899702616711,7.593637706396144e-07,0.0
896,53820.0,53820,52.83899626675339,52.83899626675339,252.22139349378855,0.0,52.83899702603222,7.592788257877427e-07,0.0
897,53880.0,53880,52.83899626670307,52.83899626670307,252.96994593900268,0.0,52.83899702589668,7.591936151520409e-07,0.0
898,53940.0,53940,52.83899626665239,52.83899626665239,253.7184983842163,0.0,52.83899702576052,7.591081390756926e-07,0.0
899,54000.0,54000,52.83899626660133,52.83899626660133,254.46705082942944,0.0,52.838997025623726,7.590223979032757e-07,0.0
900,54060.0,54060,52.83899626654991,52.83899626654991,255.21560327464206,0.0,52.83899702548631,7.589363919796833e-07,0.0
901,54120.0,54120,52.838996266498135,52.838996266498135,255.96415571985418,0.0,52.83899702534825,7.588501216511137e-07,0.0
902,54180.0,54180,52.83899626644599,52.83899626644599,256.71270816506575,0.0,52.83899702520957,7.587635872646199e-07,0.0
903,54240.0,54240,52.83899626639347,52.83899626639347,257.46126061027684,0.0,52.83899702507027,7.586767891681024e-07,0.0
904,54300.0,54300,52.8389962663406,52.8389962663406,258.20981305548736,0.0,52.838997024930336,7.58589727710077e-07,0.0
905,54360.0,54360,52.838996266287374,52.838996266287374,258.95836550069737,0.0,52.838997024789776,7.585024032403943e-07,0.0
906,54420.0,54420,52.83899626623378,52.83899626623378,259.70691794590687,0.0,52.8389970246486,7.584148161094972e-07,0.0
907,54480.0,54480,52.83899626617982,52.83899626617982,260.4554703911158,0.0,52.83899702450679,7.58326966668924e-07,0.0
908,54540.0,54540,52.8389962661255,52.8389962661255,261.20402283632416,0.0,52.83899702436436,7.582388552707378e-07,0.0
909,54600.0,54600,52.83899626607082,52.83899626607082,261.952575281532,0.0,52.83899702422131,7.581504822681566e-07,0.0
910,54660.0,54660,52.83899626601578,52.83899626601578,262.7011277267393,0.0,52.838997024077635,7.58061848015291e-07,0.0
911,54720.0,54720,52.83899626596038,52.83899626596038,263.449680171946,0.0,52.83899702393334,7.579729528670766e-07,0.0
912,54780.0,54780,52.838996265904626,52.838996265904626,264.1982326171522,0.0,52.83899702378842,7.578837971791389e-07,0.0
913,54840.0,54840,52.838996265848515,52.838996265848515,264.9467850623578,0.0,52.83899702364289,7.57794381308086e-07,0.0
914,54900.0,54900,52.83899626579204,52.83899626579204,265.6953375075628,0.0,52.838997023496745,7.577047056115535e-07,0.0
915,54960.0,54960,52.83899626573521,52.838996265735204,266.4438899527672,0.0,52.838997023349975,7.576147704477319e-07,0.0
916,55020.0,55020,52.83899626567802,52.83899626567802,267.1924423979711,0.0,52.8389970232026,7.575245761758319e-07,0.0
917,55080.0,55080,52.83899626562048,52.83899626562048,267.9409948431744,0.0,52.8389970230546,7.574341231559638e-07,0.0
918,55140.0,55140,52.838996265562585,52.838996265562585,268.68954728837707,0.0,52.83899702290599,7.573434117489584e-07,0.0
919,55200.0,55200,52.83899626550433,52.83899626550433,269.4380997335792,0.0,52.838997022756764,7.572524423165536e-07,0.0
920,55260.0,55260,52.83899626544572,52.83899626544572,270.18665217878066,0.0,52.83899702260694,7.571612152213949e-07,0.0
921,55320.0,55320,52.83899626538676,52.83899626538676,270.9352046239816,0.0,52.83899702245649,7.570697308268105e-07,0.0
922,55380.0,55380,52.83899626532745,52.83899626532745,271.68375706918187,0.0,52.838997022305435,7.569779894969682e-07,0.0
923,55440.0,55440,52.83899626526778,52.83899626526778,272.4323095143816,0.0,52.83899702215377,7.568859915971311e-07,0.0
924,55500.0,55500,52.83899626520776,52.83899626520776,273.1808619595806,0.0,52.8389970220015,7.567937374931174e-07,0.0
925,55560.0,55560,52.838996265147394,52.838996265147394,273.9294144047791,0.0,52.83899702184862,7.567012275517424e-07,0.0
926,55620.0,55620,52.83899626508668,52.83899626508668,274.6779668499769,0.0,52.838997021695135,7.566084621404817e-07,0.0
927,55680.0,55680,52.838996265025614,52.838996265025614,275.4265192951741,0.0,52.838997021541054,7.565154416277558e-07,0.0
928,55740.0,55740,52.83899626496419,52.83899626496419,276.1750717403707,0.0,52.83899702138636,7.564221663827126e-07,0.0
929,55800.0,55800,52.83899626490243,52.83899626490243,276.9236241855666,0.0,52.838997021231066,7.563286367754677e-07,0.0
930,55860.0,55860,52.83899626484031,52.83899626484031,277.6721766307619,0.0,52.838997021075166,7.562348531767742e-07,0.0
931,55920.0,55920,52.838996264777855,52.838996264777855,278.42072907595656,0.0,52.838997020918676,7.561408159582622e-07,0.0
932,55980.0,55980,52.83899626471505,52.83899626471505,279.16928152115054,0.0,52.838997020761575,7.560465254925452e-07,0.0
933,56040.0,56040,52.8389962646519,52.8389962646519,279.9178339663439,0.0,52.838997020603884,7.559519821526557e-07,0.0
934,56100.0,56100,52.8389962645884,52.8389962645884,280.66638641153656,0.0,52.83899702044559,7.558571863127745e-07,0.0
935,56160.0,56160,52.83899626452456,52.83899626452456,281.4149388567286,0.0,52.8389970202867,7.557621383477269e-07,0.0
936,56220.0,56220,52.838996264460384,52.838996264460384,282.1634913019199,0.0,52.838997020127216,7.556668386331185e-07,0.0
937,56280.0,56280,52.83899626439585,52.83899626439585,282.9120437471106,0.0,52.838997019967145,7.555712875454095e-07,0.0
938,56340.0,56340,52.83899626433099,52.83899626433099,283.6605961923006,0.0,52.83899701980648,7.554754854618032e-07,0.0
939,56400.0,56400,52.83899626426579,52.83899626426579,284.4091486374899,0.0,52.83899701964522,7.553794327603199e-07,0.0
940,56460.0,56460,52.83899626420024,52.83899626420024,285.15770108267856,0.0,52.83899701948337,7.552831298197449e-07,0.0
941,56520.0,56520,52.83899626413435,52.83899626413435,285.9062535278665,0.0,52.838997019320935,7.551865770196664e-07,0.0
942,56580.0,56580,52.83899626406813,52.83899626406813,286.6548059730538,0.0,52.83899701915791,7.550897747403771e-07,0.0
943,56640.0,56640,52.83899626400157,52.83899626400157,287.4033584182404,0.0,52.83899701899429,7.549927233630477e-07,0.0
944,56700.0,56700,52.83899626393467,52.83899626393467,288.1519108634262,0.0,52.83899701883009,7.548954232694559e-07,0.0
945,56760.0,56760,52.838996263867436,52.838996263867436,288.9004633086114,0.0,52.83899701866531,7.547978748423547e-07,0.0
946,56820.0,56820,52.83899626379987,52.83899626379987,289.6490157537959,0.0,52.838997018499946,7.547000784651571e-07,0.0
947,56880.0,56880,52.838996263731964,52.838996263731964,290.39756819897957,0.0,52.838997018334,7.546020345220033e-07,0.0
948,56940.0,56940,52.83899626366373,52.83899626366373,291.1461206441626,0.0,52.838997018167476,7.54503743397859e-07,0.0
949,57000.0,57000,52.83899626359516,52.83899626359516,291.89467308934485,0.0,52.83899701800036,7.544052054783794e-07,0.0
950,57060.0,57060,52.83899626352626,52.838996263526255,292.64322553452644,0.0,52.83899701783268,7.5430642115006e-07,0.0
951,57120.0,57120,52.83899626345703,52.83899626345703,293.3917779797073,0.0,52.83899701766442,7.542073907999286e-07,0.0
952,57180.0,57180,52.838996263387465,52.838996263387465,294.1403304248874,0.0,52.83899701749558,7.541081148160708e-07,0.0
953,57240.0,57240,52.838996263317576,52.838996263317576,294.88888287006677,0.0,52.83899701732617,7.540085935871568e-07,0.0
954,57300.0,57300,52.83899626324735,52.83899626324735,295.63743531524545,0.0,52.83899701715619,7.539088275025622e-07,0.0
955,57360.0,57360,52.83899626317681,52.83899626317681,296.38598776042335,0.0,52.83899701698563,7.538088169523972e-07,0.0
956,57420.0,57420,52.83899626310594,52.83899626310594,297.1345402056004,0.0,52.8389970168145,7.537085623275221e-07,0.0
957,57480.0,57480,52.838996263034744,52.838996263034744,297.8830926507768,0.0,52.83899701664281,7.53608064019645e-07,0.0
958,57540.0,57540,52.83899626296323,52.83899626296323,298.6316450959524,0.0,52.83899701647055,7.535073224209312e-07,0.0
959,57600.0,57600,52.838996262891385,52.838996262891385,299.3801975411273,0.0,52.838997016297725,7.534063379246035e-07,0.0
960,57660.0,57660,52.838996262819215,52.838996262819215,300.1287499863014,0.0,52.83899701612433,7.533051109244099e-07,0.0
961,57720.0,57720,52.83899626274673,52.83899626274673,300.87730243147473,0.0,52.838997015950376,7.532036418147281e-07,0.0
962,57780.0,57780,52.83899626267392,52.83899626267392,301.6258548766472,0.0,52.83899701577586,7.531019309909561e-07,0.0
963,57840.0,57840,52.8389962626008,52.8389962626008,302.37440732181904,0.0,52.838997015600775,7.529999788487841e-07,0.0
964,57900.0,57900,52.83899626252736,52.83899626252736,303.12295976699,0.0,52.83899701542514,7.528977857850276e-07,0.0
965,57960.0,57960,52.83899626245359,52.83899626245359,303.8715122121602,0.0,52.83899701524894,7.52795352196847e-07,0.0
966,58020.0,58020,52.83899626237952,52.83899626237952,304.62006465732964,0.0,52.838997015072195,7.526926784823099e-07,0.0
967,58080.0,58080,52.83899626230512,52.83899626230512,305.36861710249826,0.0,52.838997014894886,7.525897650401443e-07,0.0
968,58140.0,58140,52.83899626223042,52.83899626223042,306.1171695476661,0.0,52.83899701471703,7.524866122699706e-07,0.0
969,58200.0,58200,52.83899626215539,52.83899626215539,306.8657219928332,0.0,52.83899701453861,7.523832205714914e-07,0.0
970,58260.0,58260,52.83899626208006,52.83899626208006,307.61427443799937,0.0,52.838997014359656,7.522795903457523e-07,0.0
971,58320.0,58320,52.838996262004414,52.838996262004414,308.3628268831648,0.0,52.838997014180144,7.521757219942409e-07,0.0
972,58380.0,58380,52.838996261928465,52.838996261928465,309.11137932832935,0.0,52.838997014000086,7.520716159190602e-07,0.0
973,58440.0,58440,52.8389962618522,52.8389962618522,309.85993177349314,0.0,52.83899701381947,7.519672725229954e-07,0.0
974,58500.0,58500,52.838996261775634,52.838996261775634,310.60848421865614,0.0,52.83899701363833,7.518626922096269e-07,0.0
975,58560.0,58560,52.83899626169875,52.83899626169875,311.3570366638183,0.0,52.83899701345663,7.517578753830449e-07,0.0
976,58620.0,58620,52.838996261621574,52.838996261621574,312.1055891089796,0.0,52.8389970132744,7.516528224482323e-07,0.0
977,58680.0,58680,52.83899626154409,52.83899626154409,312.85414155414014,0.0,52.83899701309162,7.515475338105093e-07,0.0
978,58740.0,58740,52.8389962614663,52.8389962614663,313.6026939992998,0.0,52.83899701290831,7.514420098761939e-07,0.0
979,58800.0,58800,52.83899626138821,52.83899626138821,314.35124644445864,0.0,52.838997012724455,7.513362510521211e-07,0.0
980,58860.0,58860,52.83899626130981,52.83899626130981,315.0997988896166,0.0,52.83899701254007,7.51230257745719e-07,0.0
981,58920.0,58920,52.838996261231124,52.838996261231124,315.8483513347737,0.0,52.83899701235515,7.511240303650526e-07,0.0
982,58980.0,58980,52.83899626115213,52.83899626115213,316.5969037799301,0.0,52.838997012169706,7.510175693189824e-07,0.0
983,59040.0,59040,52.83899626107284,52.83899626107284,317.34545622508546,0.0,52.838997011983714,7.509108750170886e-07,0.0
984,59100.0,59100,52.838996260993255,52.838996260993255,318.09400867024004,0.0,52.838997011797204,7.508039478690641e-07,0.0
985,59160.0,59160,52.83899626091338,52.83899626091338,318.8425611153938,0.0,52.83899701161017,7.506967882859589e-07,0.0
986,59220.0,59220,52.838996260833206,52.838996260833206,319.5911135605466,0.0,52.8389970114226,7.50589396678981e-07,0.0
987,59280.0,59280,52.83899626075274,52.83899626075274,320.3396660056986,0.0,52.83899701123452,7.504817734600206e-07,0.0
988,59340.0,59340,52.838996260671976,52.838996260671976,321.0882184508497,0.0,52.8389970110459,7.503739190417705e-07,0.0
989,59400.0,59400,52.83899626059094,52.83899626059094,321.83677089599996,0.0,52.83899701085677,7.502658338374934e-07,0.0
990,59460.0,59460,52.838996260509596,52.838996260509596,322.58532334114926,0.0,52.838997010667114,7.50157518260947e-07,0.0
991,59520.0,59520,52.838996260427976,52.838996260427976,323.3338757862977,0.0,52.83899701047695,7.500489727265568e-07,0.0
992,59580.0,59580,52.838996260346065,52.83899626034606,324.0824282314453,0.0,52.838997010286256,7.499401976495202e-07,0.0
993,59640.0,59640,52.83899626026387,52.83899626026387,324.830980676592,0.0,52.838997010095056,7.498311934454028e-07,0.0
994,59700.0,59700,52.83899626018139,52.83899626018139,325.5795331217379,0.0,52.838997009903345,7.497219605305797e-07,0.0
995,59760.0,59760,52.838996260098625,52.838996260098625,326.3280855668828,0.0,52.83899700971113,7.49612499321981e-07,0.0
996,59820.0,59820,52.838996260015584,52.838996260015584,327.07663801202676,0.0,52.838997009518394,7.495028102369796e-07,0.0
997,59880.0,59880,52.838996259932266,52.83899625993226,327.82519045716987,0.0,52.838997009325155,7.493928936938182e-07,0.0
998,59940.0,59940,52.838996259848656,52.838996259848656,328.573742902312,0.0,52.83899700913141,7.49282750110987e-07,0.0
999,60000.0,60000,52.83899625976478,52.83899625976478,329.3222953474533,0.0,52.83899700893716,7.491723799078988e-07,0.0
1000,60060.0,60060,52.83899625968062,52.83899625968062,330.07084779259367,0.0,52.83899700874241,7.490617835044762e-07,0.0
1001,60120.0,60120,52.8389962595962,52.8389962595962,330.81940023773313,0.0,52.83899700854716,7.489509613210021e-07,0.0
1002,60180.0,60180,52.8389962595115,52.8389962595115,331.5679526828717,0.0,52.838997008351406,7.488399137786366e-07,0.0
1003,60240.0,60240,52.83899625942652,52.83899625942652,332.31650512800934,0.0,52.83899700815516,7.487286412989824e-07,0.0
1004,60300.0,60300,52.83899625934128,52.83899625934128,333.065057573146,0.0,52.83899700795842,7.486171443041447e-07,0.0
1005,60360.0,60360,52.83899838609444,-247.16100161390557,333.8136100182818,300.0,7.068804765354374e-07,247.16100232078605,0.0
1006,60420.0,60420,52.83899838614908,-247.1610016138509,329.69425998961617,300.0,7.068696473515634e-07,247.16100232072057,0.0
1007,60480.0,60480,52.8389983862029,-247.1610016137971,325.5749099609515,300.0,7.068589636068039e-07,247.16100232065608,0.0
1008,60540.0,60540,52.838998386255916,-247.1610016137441,321.45555993228766,300.0,7.068484253197661e-07,247.16100232059253,0.0
1009,60600.0,60600,52.83899838630812,-247.16100161369187,317.3362099036248,300.0,7.068380325084501e-07,247.1610023205299,0.0
1010,60660.0,60660,52.83899838635952,-247.16100161364045,313.21685987496284,300.0,7.068277851901508e-07,247.16100232046824,0.0
1011,60720.0,60720,52.838998386410104,-247.16100161358986,309.09750984630176,300.0,7.068176833817729e-07,247.16100232040756,0.0
1012,60780.0,60780,52.83899838645989,-247.16100161354015,304.9781598176415,300.0,7.068077270998091e-07,247.16100232034785,0.0
1013,60840.0,60840,52.83899838650886,-247.1610016134911,300.8588097889821,300.0,7.067979163601592e-07,247.16100232028904,0.0
1014,60900.0,60900,52.83899838655704,-247.16100161344295,296.73945976032354,300.0,7.067882511781605e-07,247.16100232023118,0.0
1015,60960.0,60960,52.838998392398324,-87.16100160760182,292.6201097316658,140.00000000000014,8.592357441398625e-07,87.16100246683757,0.0
1016,61020.0,61020,52.83899625835583,52.83899625835583,291.1674263693911,0.0,52.838997005738705,7.473828738429495e-07,0.0
1017,61080.0,61080,52.83899625827596,52.83899625827596,291.915978814516,0.0,52.83899700556371,7.47287748441834e-07,0.0
1018,61140.0,61140,52.838996258195834,52.83899625819583,292.66453125963994,0.0,52.8389970053882,7.471923794956707e-07,0.0
1019,61200.0,61200,52.838996258115436,52.838996258115436,293.41308370476315,0.0,52.8389970052122,7.470967673836349e-07,0.0
1020,61260.0,61260,52.83899625803479,52.83899625803479,294.16163614988534,0.0,52.838997005035694,7.470009124857948e-07,0.0
1021,61320.0,61320,52.83899625795387,52.83899625795387,294.9101885950067,0.0,52.83899700485869,7.469048151827056e-07,0.0
1022,61380.0,61380,52.838996257872715,52.838996257872715,295.65874104012704,0.0,52.83899700468119,7.468084758557253e-07,0.0
1023,61440.0,61440,52.83899838698358,-247.16100161301645,296.4072934852465,300.0,7.067020528839479e-07,247.1610023197185,0.0
1024,61500.0,61500,52.8389983870306,-247.16100161296944,292.2879434565961,300.0,7.066925050858382e-07,247.16100231966195,0.0
1025,61560.0,61560,52.83899838707681,-247.1610016129232,288.16859342794646,300.0,7.066831028489047e-07,247.1610023196063,0.0
1026,61620.0,61620,52.83899838712224,-247.16100161287778,284.0492433992978,300.0,7.066738461870899e-07,247.1610023195516,0.0
1027,61680.0,61680,52.83899838716687,-247.16100161283313,279.9298933706497,300.0,7.066647351139237e-07,247.1610023194979,0.0
1028,61740.0,61740,52.8389983872107,-247.16100161278933,275.8105433420025,300.0,7.066557696423661e-07,247.16100231944506,0.0
1029,61800.0,61800,52.838998387253746,-247.16100161274625,271.69119331335605,300.0,7.066469497849645e-07,247.16100231939322,0.0
1030,61860.0,61860,52.83899838729599,-247.161001612704,267.57184328471027,300.0,7.066382755536963e-07,247.16100231934226,0.0
1031,61920.0,61920,52.83899838733745,-247.16100161266255,263.4524932560653,300.0,7.066297469600364e-07,247.1610023192923,0.0
1032,61980.0,61980,52.838998387378126,-247.16100161262187,259.333143227421,300.0,7.066213640151973e-07,247.16100231924324,0.0
1033,62040.0,62040,52.838989375400054,2.838989375399915,255.21379319877738,50.00000000000014,2.838989750224417,3.748245064632663e-07,0.0
1034,62100.0,62100,52.83899625693661,52.83899625693661,255.25401221399179,0.0,52.83899700268964,7.457530297530984e-07,0.0
1035,62160.0,62160,52.838996256860895,52.838996256860895,256.00256465910064,0.0,52.83899700253298,7.456720795692787e-07,0.0
1036,62220.0,62220,52.83899625678493,52.83899625678493,256.7511171042087,0.0,52.838997002375805,7.45590871834312e-07,0.0
1037,62280.0,62280,52.83899625670874,52.838996256708725,257.4996695493158,0.0,52.838997002218136,7.455094068837468e-07,0.0
1038,62340.0,62340,52.838996256632285,52.838996256632285,258.248221994422,0.0,52.83899700205997,7.454276850539107e-07,0.0
1039,62400.0,62400,52.8389962565556,52.8389962565556,258.99677443952737,0.0,52.838997001901305,7.453457066820249e-07,0.0
1040,62460.0,62460,52.838998387699505,-247.16100161230048,259.7453268846319,300.0,7.065547770243399e-07,247.16100231885525,0.0
1041,62520.0,62520,52.838998387739316,-247.1610016122607,255.6259768559938,300.0,7.065464935032297e-07,247.1610023188072,0.0
1042,62580.0,62580,52.83899838777834,-247.16100161222167,251.50662682735643,300.0,7.065383556268751e-07,247.16100231876004,0.0
1043,62640.0,62640,52.838998387816574,-247.1610016121834,247.38727679871968,300.0,7.06530363405094e-07,247.1610023187138,0.0
1044,62700.0,62700,52.83899838785403,-247.16100161214598,243.26792677008365,300.0,7.065225168470584e-07,247.16100231866852,0.0
1045,62760.0,62760,52.83899838789071,-247.16100161210932,239.1485767414482,300.0,7.065148159617161e-07,247.16100231862416,0.0
1046,62820.0,62820,52.8389983879266,-247.16100161207342,235.0292267128134,300.0,7.065072607573019e-07,247.1610023185807,0.0
1047,62880.0,62880,52.838998387961716,-247.16100161203826,230.90987668417924,300.0,7.064998512415707e-07,247.1610023185381,0.0
1048,62940.0,62940,52.83899838799606,-247.16100161200396,226.79052665554565,300.0,7.064925874221951e-07,247.16100231849654,0.0
1049,63000.0,63000,52.83899839849472,-222.1610016015055,222.67117662691268,275.00000000000017,6.945633781492336e-07,222.16100229606886,0.0
1050,63060.0,63060,52.83899625574481,52.83899625574481,218.96849326515115,0.0,52.83899700027189,7.445270738595076e-07,0.0
1051,63120.0,63120,52.83899625567398,52.83899625567398,219.71704571024617,0.0,52.83899700013404,7.444600536222179e-07,0.0
1052,63180.0,63180,52.83899625560293,52.83899625560293,220.4655981553404,0.0,52.8389969999957,7.443927639000633e-07,0.0
1053,63240.0,63240,52.83899838816169,-247.1610016118383,221.21415060043375,300.0,7.06457303672897e-07,247.1610023182956,0.0
1054,63300.0,63300,52.83899838819413,-247.1610016118059,217.09480057180363,300.0,7.064503610777708e-07,247.16100231825624,0.0
1055,63360.0,63360,52.83899838822579,-247.1610016117742,212.97545054317408,300.0,7.064435641890876e-07,247.16100231821778,0.0
1056,63420.0,63420,52.838998388256684,-247.16100161174327,208.85610051454503,300.0,7.064369130122549e-07,247.1610023181802,0.0
1057,63480.0,63480,52.838998388286804,-247.16100161171317,204.7367504859165,300.0,7.064304075521626e-07,247.16100231814357,0.0
1058,63540.0,63540,52.83899838831615,-247.16100161168382,200.61740045728854,300.0,7.064240478133406e-07,247.16100231810785,0.0
1059,63600.0,63600,52.83899838834473,-247.16100161165525,196.49805042866106,300.0,7.064178337999441e-07,247.1610023180731,0.0
1060,63660.0,63660,52.83899838837253,-247.16100161162748,192.37870040003406,300.0,7.064117655154304e-07,247.1610023180392,0.0
1061,63720.0,63720,52.83899838839957,-247.1610016116004,188.25935037140755,300.0,7.064058429629571e-07,247.16100231800624,0.0
1062,63780.0,63780,52.8389984287031,-547.1610015712969,184.14000034278152,600.0,3.136060853624316e-07,547.1610018849029,0.0
1063,63840.0,63840,52.83899838071008,-282.16100161929006,175.02065031580923,335.0000000000001,7.202459269037807e-07,282.16100233953597,0.0
1064,63900.0,63900,52.83899838847604,-247.16100161152397,170.31796695368706,300.0,7.06389595832853e-07,247.16100231791356,0.0
1065,63960.0,63960,52.83899838849998,-247.16100161150004,166.19861692506237,300.0,7.063845962244711e-07,247.16100231788465,0.0
1066,64020.0,64020,52.838998388523144,-247.16100161147688,162.079266896438,300.0,7.063797423634595e-07,247.16100231785657,0.0
1067,64080.0,64080,52.838998388545555,-247.16100161145448,157.9599168678141,300.0,7.063750342499532e-07,247.1610023178295,0.0
1068,64140.0,64140,52.8389983885672,-247.16100161143282,153.84056683919056,300.0,7.063704718836221e-07,247.16100231780328,0.0
1069,64200.0,64200,52.838998388588074,-247.16100161141193,149.7212168105674,300.0,7.063660552637763e-07,247.161002317778,0.0
1070,64260.0,64260,52.83899838860819,-247.16100161139184,145.6018667819446,300.0,7.063617843890508e-07,247.16100231775363,0.0
1071,64320.0,64320,52.83899795195269,-2.1610020480471728,141.48251675332216,54.99999999999986,1.42516654262113e-06,2.1610034732137153,0.0
1072,64380.0,64380,52.83899625431932,52.83899625431932,141.44650004895843,0.0,52.83899699766308,7.433437736868547e-07,0.0
1073,64440.0,64440,52.83899625426088,52.83899625426088,142.19505249403625,0.0,52.83899699756557,7.433046958382626e-07,0.0
1074,64500.0,64500,52.83899625420224,52.83899625420224,142.94360493911333,0.0,52.83899699746757,7.432653301052528e-07,0.0
1075,64560.0,64560,52.83899625414341,52.83899625414341,143.69215738418967,0.0,52.83899699736909,7.432256766658896e-07,0.0
1076,64620.0,64620,52.83899625408437,52.83899625408437,144.4407098292653,0.0,52.83899699727011,7.431857356996693e-07,0.0
1077,64680.0,64680,52.83899625402514,52.83899625402514,145.18926227434022,0.0,52.83899699717064,7.431455073871235e-07,0.0
1078,64740.0,64740,52.838996253965696,52.838996253965696,145.93781471941435,0.0,52.838996997070694,7.431049919100138e-07,0.0
1079,64800.0,64800,52.83899625390607,52.83899625390607,146.68636716448776,0.0,52.83899699697026,7.430641894513391e-07,0.0
1080,64860.0,64860,52.83899625384623,52.83899625384623,147.43491960956038,0.0,52.838996996869334,7.430231001952384e-07,0.0
1081,64920.0,64920,52.838996253786206,52.838996253786206,148.1834720546323,0.0,52.838996996767925,7.429817243271933e-07,0.0
1082,64980.0,64980,52.83899625372597,52.83899625372597,148.93202449970346,0.0,52.83899699666603,7.42940062033495e-07,0.0
1083,65040.0,65040,52.83899625366555,52.83899625366555,149.68057694477386,0.0,52.838996996563665,7.428981135021605e-07,0.0
1084,65100.0,65100,52.83899625360493,52.83899625360493,150.42912938984355,0.0,52.83899699646081,7.428558789219407e-07,0.0
1085,65160.0,65160,52.83899625354412,52.83899625354412,151.17768183491245,0.0,52.83899699635747,7.42813358482945e-07,0.0
1086,65220.0,65220,52.83899625348311,52.83899625348311,151.92623427998058,0.0,52.838996996253655,7.427705523765346e-07,0.0
1087,65280.0,65280,52.838996253421904,52.838996253421904,152.67478672504797,0.0,52.83899699614936,7.427274607952262e-07,0.0
1088,65340.0,65340,52.8389962533605,52.8389962533605,153.4233391701146,0.0,52.838996996044585,7.426840839323684e-07,0.0
1089,65400.0,65400,52.8389962532989,52.8389962532989,154.17189161518047,0.0,52.838996995939326,7.426404219830805e-07,0.0
1090,65460.0,65460,52.83899625323712,52.83899625323712,154.9204440602456,0.0,52.8389969958336,7.425964751432538e-07,0.0
1091,65520.0,65520,52.83899625317515,52.83899625317515,155.66899650530996,0.0,52.838996995727385,7.425522436101372e-07,0.0
1092,65580.0,65580,52.83899838906179,-247.16100161093817,156.4175489503735,300.0,7.062645067447423e-07,247.16100231720267,0.0
1093,65640.0,65640,52.83899838908311,-247.16100161091694,152.29819892175885,300.0,7.062599021447526e-07,247.16100231717684,0.0
1094,65700.0,65700,52.83899838910366,-247.16100161089634,148.17884889314456,300.0,7.06255443214411e-07,247.16100231715177,0.0
1095,65760.0,65760,52.838998389123454,-247.16100161087655,144.05949886453064,300.0,7.062511299528027e-07,247.16100231712767,0.0
1096,65820.0,65820,52.83899838914248,-247.1610016108575,139.94014883591703,300.0,7.062469623584875e-07,247.16100231710448,0.0
1097,65880.0,65880,52.838998389160764,-247.16100161083926,135.82079880730376,300.0,7.062429404297405e-07,247.1610023170822,0.0
1098,65940.0,65940,52.838998389178286,-247.16100161082167,131.7014487786908,300.0,7.062390641642293e-07,247.16100231706073,0.0
1099,66000.0,66000,52.838998389195055,-247.16100161080493,127.58209875007813,300.0,7.062353335591638e-07,247.16100231704027,0.0
1100,66060.0,66060,52.83899838921107,-247.1610016107889,123.46274872146579,300.0,7.06231748611469e-07,247.16100231702066,0.0
1101,66120.0,66120,52.83899838922632,-247.16100161077364,119.34339869285371,300.0,7.0622830931762e-07,247.16100231700196,0.0
1102,66180.0,66180,52.83899839748392,-227.161001602516,115.22404866424188,279.9999999999999,6.964605927271286e-07,227.16100229897657,0.0
1103,66240.0,66240,52.838996252476015,52.838996252476015,111.43803196912543,0.0,52.83899699459367,7.421176532831704e-07,0.0
1104,66300.0,66300,52.83899625242145,52.838996252421445,112.18658441418019,0.0,52.838996994510794,7.420893379719308e-07,0.0
1105,66360.0,66360,52.83899625236671,52.83899625236671,112.93513685923423,0.0,52.83899699442745,7.42060730784548e-07,0.0
1106,66420.0,66420,52.8389962523118,52.8389962523118,113.68368930428758,0.0,52.83899699434364,7.420318318560958e-07,0.0
1107,66480.0,66480,52.83899625225672,52.83899625225672,114.43224174934024,0.0,52.83899699425936,7.420026413227212e-07,0.0
1108,66540.0,66540,52.83899625220147,52.83899625220147,115.18079419439218,0.0,52.83899699417462,7.419731593219436e-07,0.0
1109,66600.0,66600,52.83899625214604,52.83899625214604,115.92934663944338,0.0,52.83899699408942,7.419433859925944e-07,0.0
1110,66660.0,66660,52.838996252090446,52.838996252090446,116.67789908449392,0.0,52.838996994003764,7.419133214746456e-07,0.0
1111,66720.0,66720,52.83899625203468,52.83899625203468,117.42645152954371,0.0,52.83899699391765,7.418829659091713e-07,0.0
1112,66780.0,66780,52.83899625197874,52.83899625197874,118.1750039745928,0.0,52.83899699383107,7.418523194388734e-07,0.0
1113,66840.0,66840,52.83899625192264,52.83899625192264,118.92355641964117,0.0,52.838996993744026,7.418213822073759e-07,0.0
1114,66900.0,66900,52.83899625186637,52.83899625186637,119.67210886468882,0.0,52.838996993656515,7.41790154359608e-07,0.0
1115,66960.0,66960,52.83899625180993,52.838996251809924,120.42066130973576,0.0,52.83899699356856,7.417586360418643e-07,0.0
1116,67020.0,67020,52.838996251753315,52.838996251753315,121.16921375478198,0.0,52.83899699348014,7.417268274014886e-07,0.0
1117,67080.0,67080,52.838996251696535,52.838996251696535,121.91776619982747,0.0,52.83899699339126,7.416947285872126e-07,0.0
1118,67140.0,67140,52.838996251639585,52.838996251639585,122.66631864487223,0.0,52.838996993301926,7.416623397489983e-07,0.0
1119,67200.0,67200,52.83899625158247,52.83899625158247,123.41487108991628,0.0,52.83899699321213,7.416296610378722e-07,0.0
1120,67260.0,67260,52.83899625152519,52.83899625152519,124.1634235349596,0.0,52.83899699312188,7.415966926062484e-07,0.0
1121,67320.0,67320,52.83899625146774,52.83899625146774,124.9119759800022,0.0,52.838996993031174,7.415634346079136e-07,0.0
1122,67380.0,67380,52.83899625141012,52.83899625141012,125.66052842504405,0.0,52.83899699294001,7.415298871975095e-07,0.0
1123,67440.0,67440,52.83899841003877,-97.16100158996122,126.40908087008519,150.0,8.534314499287275e-07,97.16100244339269,0.0
1124,67500.0,67500,52.83899841007543,-97.16100158992457,124.78973084145221,150.0,8.534448066121586e-07,97.16100244336936,0.0
1125,67560.0,67560,52.8389984101114,-97.1610015898886,123.17038081281983,150.0,8.534579155334122e-07,97.16100244334652,0.0
1126,67620.0,67620,52.838998410146665,-97.16100158985336,121.55103078418801,150.0,8.534707766195737e-07,97.16100244332412,0.0
1127,67680.0,67680,52.8389984118714,-397.1610015881286,119.93168075555676,450.0,6.769419815541723e-07,397.16100226507064,0.0
1128,67740.0,67740,52.8389984118795,-397.16100158812054,113.31233072739555,450.0,6.769407626189197e-07,397.1610022650613,0.0
1129,67800.0,67800,52.83899841188726,-397.16100158811275,106.69298069923451,450.0,6.769396034160134e-07,397.1610022650524,0.0
1130,67860.0,67860,52.838998411894686,-397.1610015881053,100.07363067107359,450.0,6.769385039371959e-07,397.1610022650438,0.0
1131,67920.0,67920,52.83899841190177,-397.1610015880982,93.45428064291279,450.0,6.769374641739925e-07,397.1610022650357,0.0
1132,67980.0,67980,52.83899841190851,-397.1610015880915,86.83493061475211,450.0,6.76936484118168e-07,397.16100226502795,0.0
1133,68040.0,68040,52.838998411914915,-397.1610015880851,80.21558058659156,450.0,6.76935563761105e-07,397.16100226502067,0.0
1134,68100.0,68100,52.838998411920976,-397.161001588079,73.59623055843112,450.0,6.769347030943585e-07,397.1610022650137,0.0
1135,68160.0,68160,52.838998383684746,-317.1610016163152,66.97688053027075,369.9999999999999,7.220968017080853e-07,317.161002338412,0.0
1136,68220.0,68220,52.83899841038156,-97.16100158961842,61.69086383486024,150.0,8.535396132029391e-07,97.16100244315803,0.0
1137,68280.0,68280,52.83899841039343,-97.16100158960656,60.07151380623272,150.0,8.535405442436492e-07,97.16100244314711,0.0
1138,68340.0,68340,52.8389984104046,-97.16100158959539,58.45216377760539,150.0,8.535412268340155e-07,97.16100244313662,0.0
1139,68400.0,68400,52.83899841041508,-97.16100158958493,56.832813748978246,150.0,8.535416609332684e-07,97.16100244312659,0.0
1140,68460.0,68460,52.83899841042487,-97.16100158957512,55.213463720351285,150.0,8.535418465019278e-07,97.16100244311698,0.0
1141,68520.0,68520,52.83899836690483,-67.16100163309518,53.594113691724495,120.0,8.491206036628358e-07,67.16100248221578,0.0
1142,68580.0,68580,52.838996250487604,52.838996250487604,52.4747636623834,0.0,52.83899699159881,7.411112131113346e-07,0.0
1143,68640.0,68640,52.83899625045033,52.83899625045033,53.22331610741251,0.0,52.83899699155157,7.411012419159041e-07,0.0
1144,68700.0,68700,52.83899625041292,52.83899625041292,53.9718685524411,0.0,52.83899699150389,7.410909739516116e-07,0.0
1145,68760.0,68760,52.83899625037539,52.83899625037539,54.7204209974692,0.0,52.8389969914558,7.410804092617844e-07,0.0
1146,68820.0,68820,52.838996250337736,52.838996250337736,55.46897344249678,0.0,52.83899699140728,7.410695478915348e-07,0.0
1147,68880.0,68880,52.83899625029995,52.83899625029995,56.21752588752386,0.0,52.83899699135834,7.4105838988686e-07,0.0
1148,68940.0,68940,52.83899625026204,52.83899625026204,56.96607833255044,0.0,52.838996991308974,7.410469352952424e-07,0.0
1149,69000.0,69000,52.838996250224,52.838996250224,57.7146307775765,0.0,52.83899699125919,7.41035184165499e-07,0.0
1150,69060.0,69060,52.838996250185836,52.838996250185836,58.463183222602055,0.0,52.83899699120897,7.410231365476322e-07,0.0
1151,69120.0,69120,52.838996250147545,52.838996250147545,59.2117356676271,0.0,52.83899699115833,7.410107924930841e-07,0.0
1152,69180.0,69180,52.838996250109126,52.838996250109126,59.96028811265163,0.0,52.83899699110728,7.40998152054497e-07,0.0
1153,69240.0,69240,52.838996250070586,52.838996250070586,60.70884055767566,0.0,52.8389969910558,7.40985215285968e-07,0.0
1154,69300.0,69300,52.83899625003192,52.83899625003192,61.45739300269916,0.0,52.838996991003896,7.409719822426294e-07,0.0
1155,69360.0,69360,52.838996249993116,52.838996249993116,62.20594544772216,0.0,52.83899699095157,7.409584529811659e-07,0.0
1156,69420.0,69420,52.83899624995419,52.83899624995419,62.954497892744634,0.0,52.83899699089882,7.409446275594698e-07,0.0
1157,69480.0,69480,52.83899624991514,52.83899624991514,63.70305033776659,0.0,52.838996990845644,7.409305060367379e-07,0.0
1158,69540.0,69540,52.83899624987597,52.83899624987597,64.45160278278803,0.0,52.838996990792054,7.409160884735478e-07,0.0
1159,69600.0,69600,52.83899624983666,52.83899624983666,65.20015522780895,0.0,52.83899699073804,7.409013749316164e-07,0.0
1160,69660.0,69660,52.83899624979723,52.83899624979723,65.94870767282936,0.0,52.83899699068359,7.408863654741009e-07,0.0
1161,69720.0,69720,52.83899624975768,52.83899624975768,66.69726011784924,0.0,52.83899699062873,7.408710601653361e-07,0.0
1162,69780.0,69780,52.838996249717994,52.838996249717994,67.4458125628686,0.0,52.83899699057345,7.408554590711189e-07,0.0
1163,69840.0,69840,52.83899624967818,52.83899624967818,68.19436500788744,0.0,52.83899699051774,7.408395622583867e-07,0.0
1164,69900.0,69900,52.83899624963825,52.83899624963825,68.94291745290575,0.0,52.83899699046162,7.408233697954638e-07,0.0
1165,69960.0,69960,52.83899624959819,52.83899624959819,69.69146989792354,0.0,52.838996990405064,7.408068817520851e-07,0.0
1166,70020.0,70020,52.838996249557994,52.838996249557994,70.4400223429408,0.0,52.83899699034809,7.407900981989002e-07,0.0
1167,70080.0,70080,52.83899624951768,52.83899624951768,71.18857478795753,0.0,52.8389969902907,7.407730192082011e-07,0.0
1168,70140.0,70140,52.83899624947724,52.83899624947724,71.93712723297375,0.0,52.838996990232886,7.4075564485351e-07,0.0
1169,70200.0,70200,52.838996249436676,52.838996249436676,72.68567967798941,0.0,52.83899699017465,7.407379752096464e-07,0.0
1170,70260.0,70260,52.83899624939599,52.83899624939598,73.43423212300455,0.0,52.838996990115994,7.407200103525325e-07,0.0
1171,70320.0,70320,52.83899624935516,52.83899624935516,74.18278456801916,0.0,52.83899699005692,7.407017503597177e-07,0.0
1172,70380.0,70380,52.83899624931422,52.83899624931422,74.93133701303323,0.0,52.83899698999742,7.406831953097717e-07,0.0
1173,70440.0,70440,52.83899624927316,52.83899624927316,75.67988945804677,0.0,52.8389969899375,7.406643452826516e-07,0.0
1174,70500.0,70500,52.83899624923196,52.83899624923196,76.42844190305979,0.0,52.83899698987717,7.406452003595893e-07,0.0
1175,70560.0,70560,52.83899624919064,52.83899624919064,77.17699434807226,0.0,52.83899698981641,7.406257606231596e-07,0.0
1176,70620.0,70620,52.838996249149204,52.838996249149204,77.92554679308421,0.0,52.83899698975523,7.406060261571369e-07,0.0
1177,70680.0,70680,52.83899624910764,52.83899624910764,78.67409923809561,0.0,52.83899698969364,7.405859970466306e-07,0.0
1178,70740.0,70740,52.83899624906595,52.83899624906595,79.42265168310647,0.0,52.83899698963162,7.40565673377973e-07,0.0
1179,70800.0,70800,52.838996249024134,52.838996249024134,80.17120412811678,0.0,52.83899698956918,7.405450552389884e-07,0.0
1180,70860.0,70860,52.83899624898219,52.83899624898219,80.91975657312658,0.0,52.838996989506335,7.405241427186566e-07,0.0
1181,70920.0,70920,52.83899841108554,-97.16100158891447,81.6683090181358,150.0,8.537041305473882e-07,97.16100244261858,0.0
1182,70980.0,70980,52.83899841110877,-97.16100158889121,80.04895898951962,150.0,8.537121713472987e-07,97.16100244260338,0.0
1183,71040.0,71040,52.83899841113131,-97.16100158886869,78.42960896090376,150.0,8.537199635404163e-07,97.16100244258865,0.0
1184,71100.0,71100,52.838998411153156,-97.16100158884683,76.81025893228829,150.0,8.537275070755463e-07,97.16100244257434,0.0
1185,71160.0,71160,52.83899841117431,-97.16100158882567,75.19090890367316,150.0,8.537348019023939e-07,97.16100244256047,0.0
1186,71220.0,71220,52.83899841119478,-97.16100158880522,73.57155887505837,150.0,8.537418479717893e-07,97.16100244254707,0.0
1187,71280.0,71280,52.83899841121456,-97.16100158878542,71.9522088464439,150.0,8.537486452358829e-07,97.16100244253406,0.0
1188,71340.0,71340,52.838998411233646,-97.16100158876634,70.33285881782973,150.0,8.537551936480701e-07,97.16100244252154,0.0
1189,71400.0,71400,52.83899841125205,-97.16100158874796,68.71350878921587,150.0,8.537614931627808e-07,97.16100244250944,0.0
1190,71460.0,71460,52.83899841126975,-97.16100158873024,67.0941587606023,150.0,8.537675437357205e-07,97.16100244249779,0.0
1191,71520.0,71520,52.83899841128678,-97.16100158871322,65.47480873198901,150.0,8.537733453238693e-07,97.16100244248658,0.0
1192,71580.0,71580,52.8389984113031,-97.1610015886969,63.855458703375994,150.0,8.537788978852424e-07,97.1610024424758,0.0
1193,71640.0,71640,52.838998411318755,-97.16100158868124,62.23610867476324,150.0,8.537842013792052e-07,97.16100244246546,0.0
1194,71700.0,71700,52.83899841223811,-397.16100158776186,60.61675864615073,450.0,6.768903210498075e-07,397.1610022646522,0.0
1195,71760.0,71760,52.83899841224167,-397.16100158775834,53.99740861799577,450.0,6.768898336769108e-07,397.16100226464823,0.0
1196,71820.0,71820,52.8389984122449,-397.16100158775515,47.378058589840876,450.0,6.768894057925894e-07,397.16100226464454,0.0
1197,71880.0,71880,52.83899841224779,-397.16100158775225,40.758708561686035,450.0,6.768890373915631e-07,397.16100226464124,0.0
1198,71940.0,71940,52.838998412250355,-397.16100158774964,34.139358533531244,450.0,6.76888728468297e-07,397.1610022646384,0.0
1199,72000.0,72000,52.83899841225258,-397.1610015877475,27.5200085053765,450.0,6.768884790176686e-07,397.16100226463595,0.0
1200,72060.0,72060,52.838998406030434,-382.16100159396956,20.900658477221786,435.0,6.890738465568531e-07,382.1610022830434,0.0
1201,72120.0,72120,52.838998390272806,-247.16100160972718,14.53130844893291,300.0,7.060380876096739e-07,247.16100231576527,0.0
1202,72180.0,72180,52.83899839027397,-247.16100160972601,10.411958420338996,300.0,7.060389681545526e-07,247.16100231576502,0.0
1203,72240.0,72240,52.83899843052994,-142.1610015694701,6.292608391745098,195.0,7.381974863425471e-07,142.1610023076676,0.0
1204,72300.0,72300,52.83899624813105,52.83899624813105,3.9232583637417378,0.0,52.83899698838396,7.402529136568606e-07,0.0
1205,72360.0,72360,52.838996248110504,52.83899624811049,4.671810808739597,0.0,52.83899698836769,7.402571903275922e-07,0.0
1206,72420.0,72420,52.83899624808986,52.83899624808986,5.420363253737153,0.0,52.83899698835104,7.402611694865609e-07,0.0
1207,72480.0,72480,52.83899624806916,52.83899624806916,6.168915698734407,0.0,52.838996988334,7.402648511065569e-07,0.0
1208,72540.0,72540,52.838996248048375,52.838996248048375,6.91746814373136,0.0,52.8389969883166,7.402682351617952e-07,0.0
1209,72600.0,72600,52.8389962480275,52.8389962480275,7.666020588728008,0.0,52.838996988298824,7.40271321627871e-07,0.0
1210,72660.0,72660,52.83899624800655,52.83899624800655,8.414573033724354,0.0,52.83899698828066,7.402741104814819e-07,0.0
1211,72720.0,72720,52.83899624798552,52.83899624798552,9.163125478720396,0.0,52.838996988262124,7.402766017007956e-07,0.0
1212,72780.0,72780,52.83899624796442,52.83899624796442,9.91167792371613,0.0,52.83899698824321,7.402787952653372e-07,0.0
1213,72840.0,72840,52.83899624794323,52.83899624794322,10.660230368711565,0.0,52.83899698822391,7.402806911557417e-07,0.0
1214,72900.0,72900,52.838996247921955,52.838996247921955,11.408782813706692,0.0,52.83899698820424,7.402822893541893e-07,0.0
1215,72960.0,72960,52.838996247900596,52.838996247900596,12.157335258701515,0.0,52.83899698818419,7.402835898441501e-07,0.0
1216,73020.0,73020,52.838996247879166,52.838996247879166,12.905887703696033,0.0,52.83899698816375,7.402845926102115e-07,0.0
1217,73080.0,73080,52.83899624785765,52.83899624785765,13.654440148690242,0.0,52.838996988142945,7.402852976386713e-07,0.0
1218,73140.0,73140,52.83899624783604,52.83899624783604,14.402992593684145,0.0,52.83899698812175,7.402857049166745e-07,0.0
1219,73200.0,73200,52.838996247814364,52.838996247814364,15.151545038677742,0.0,52.83899698810018,7.40285814433076e-07,0.0
1220,73260.0,73260,52.8389962477926,52.8389962477926,15.900097483671034,0.0,52.83899698807823,7.402856261777961e-07,0.0
1221,73320.0,73320,52.83899624777076,52.83899624777076,16.648649928664014,0.0,52.8389969880559,7.402851401422471e-07,0.0
1222,73380.0,73380,52.83899624774883,52.83899624774883,17.39720237365669,0.0,52.83899698803318,7.402843563190494e-07,0.0
1223,73440.0,73440,52.83899624772682,52.83899624772682,18.14575481864905,0.0,52.838996988010095,7.402832747021877e-07,0.0
1224,73500.0,73500,52.83899624770472,52.83899624770472,18.894307263641107,0.0,52.83899698798662,7.402818952869596e-07,0.0
1225,73560.0,73560,52.838996247682545,52.838996247682545,19.64285970863285,0.0,52.83899698796276,7.402802180700651e-07,0.0
1226,73620.0,73620,52.838996247660276,52.838996247660276,20.391412153624287,0.0,52.83899698793852,7.402782430494945e-07,0.0
1227,73680.0,73680,52.83899624763794,52.83899624763794,21.13996459861541,0.0,52.8389969879139,7.402759702242348e-07,0.0
1228,73740.0,73740,52.838996247615505,52.838996247615505,21.888517043606228,0.0,52.838996987888905,7.402733995950889e-07,0.0
1229,73800.0,73800,52.83899841129982,-97.16100158870019,22.63706948859673,150.0,8.536781967814867e-07,97.16100244237838,0.0
1230,73860.0,73860,52.83899841130175,-97.16100158869826,21.01771945998416,150.0,8.536768241560843e-07,97.16100244237506,0.0
1231,73920.0,73920,52.838998411303,-97.161001588697,19.39836943137163,150.0,8.536752019805141e-07,97.16100244237222,0.0
1232,73980.0,73980,52.838998411303564,-97.16100158869644,17.77901940275913,150.0,8.536733302362213e-07,97.16100244236978,0.0
1233,74040.0,74040,52.83899841130344,-97.16100158869656,16.159669374146638,150.0,8.536712089058058e-07,97.16100244236777,0.0
1234,74100.0,74100,52.838998411302626,-97.16100158869736,14.54031934553415,150.0,8.536688379731428e-07,97.16100244236621,0.0
1235,74160.0,74160,52.838998411301134,-97.16100158869888,12.920969316921655,150.0,8.536662174231424e-07,97.16100244236509,0.0
1236,74220.0,74220,52.838998411298945,-97.16100158870105,11.30161928830914,150.0,8.536633472420647e-07,97.16100244236439,0.0
1237,74280.0,74280,52.83899841129607,-97.16100158870393,9.6822692596966,150.0,8.536602274172046e-07,97.16100244236416,0.0
1238,74340.0,74340,52.83899841129251,-97.16100158870746,8.062919231084015,150.0,8.536568579372824e-07,97.16100244236434,0.0
1239,74400.0,74400,52.838998411288266,-97.16100158871174,6.443569202471383,150.0,8.536532387921129e-07,97.16100244236499,0.0
1240,74460.0,74460,52.838998411283335,-97.16100158871667,4.824219173858687,150.0,8.536493699727113e-07,97.16100244236604,0.0
1241,74520.0,74520,52.83899841127771,-97.16100158872229,3.2048691452459184,150.0,8.536452514710225e-07,97.16100244236755,0.0
1242,74580.0,74580,52.838998411271405,-97.1610015887286,1.5855191166330664,150.0,8.536408832807919e-07,97.16100244236947,0.0
1243,74640.0,74640,52.83899841126441,-97.16100158873557,-0.03383091197987887,150.0,8.536362653963941e-07,97.16100244237184,0.0
1244,74700.0,74700,52.83899841125673,-97.16100158874325,-1.6531809405929294,150.0,8.536313978136594e-07,97.16100244237465,0.0
1245,74760.0,74760,52.83899841124836,-97.16100158875163,-3.2725309692060955,150.0,8.536262805297526e-07,97.16100244237792,0.0
1246,74820.0,74820,52.83899841123931,-97.16100158876068,-4.8918809978193885,150.0,8.53620913542664e-07,97.16100244238159,0.0
1247,74880.0,74880,52.83899825242504,-39.66100174757483,-6.51123102643282,92.49999999999986,9.972342541934173e-07,39.66100274480908,0.0
1248,74940.0,74940,52.83899624720708,52.83899624720708,-7.172247724718853,0.0,52.838996987532425,7.403253452245313e-07,0.0
1249,75000.0,75000,52.83899624718788,52.83899624718788,-6.423695279734266,0.0,52.838996987520666,7.403327868875182e-07,0.0
1250,75060.0,75060,52.83899624716862,52.83899624716862,-5.675142834749971,0.0,52.83899698750855,7.403399304675154e-07,0.0
1251,75120.0,75120,52.838996247149296,52.838996247149296,-4.926590389765965,0.0,52.838996987496074,7.403467759298054e-07,0.0
1252,75180.0,75180,52.83899624712992,52.83899624712992,-4.178037944782251,0.0,52.83899698748324,7.403533232414409e-07,0.0
1253,75240.0,75240,52.83899624711048,52.83899624711048,-3.429485499798828,0.0,52.838996987470054,7.403595723703972e-07,0.0
1254,75300.0,75300,52.83899624709098,52.838996247090975,-2.6809330548156955,0.0,52.838996987456504,7.403655232860518e-07,0.0
1255,75360.0,75360,52.83899624707142,52.83899624707142,-1.9323806098328544,0.0,52.8389969874426,7.403711759592075e-07,0.0
1256,75420.0,75420,52.838996247051796,52.838996247051796,-1.1838281648503044,0.0,52.838996987428324,7.403765303620094e-07,0.0
1257,75480.0,75480,52.838996247032114,52.838996247032114,-0.4352757198680458,0.0,52.838996987413694,7.403815864677801e-07,0.0
1258,75540.0,75540,52.838996247012375,52.838996247012375,0.31327672511392135,0.0,52.838996987398716,7.403863442511848e-07,0.0
1259,75600.0,75600,52.838996246992565,52.838996246992565,1.0618291700955969,0.0,52.83899698738337,7.403908036883211e-07,0.0
1260,75660.0,75660,52.8389962469727,52.8389962469727,1.8103816150769805,0.0,52.83899698736766,7.403949647564942e-07,0.0
1261,75720.0,75720,52.83899624695277,52.83899624695277,2.558934060058072,0.0,52.83899698735159,7.403988274343965e-07,0.0
1262,75780.0,75780,52.83899624693278,52.83899624693278,3.307486505038872,0.0,52.838996987335165,7.40402391702041e-07,0.0
1263,75840.0,75840,52.83899624691273,52.83899624691273,4.05603895001938,0.0,52.83899698731838,7.404056575407672e-07,0.0
1264,75900.0,75900,52.838996246892606,52.838996246892606,4.804591394999595,0.0,52.83899698730123,7.404086249331383e-07,0.0
1265,75960.0,75960,52.838996246872426,52.838996246872426,5.553143839979518,0.0,52.83899698728372,7.404112938631641e-07,0.0
1266,76020.0,76020,52.83899624685219,52.83899624685219,6.301696284959149,0.0,52.83899698726586,7.404136643161371e-07,0.0
1267,76080.0,76080,52.83899624683189,52.83899624683189,7.050248729938486,0.0,52.838996987247626,7.404157362785276e-07,0.0
1268,76140.0,76140,52.838996246811526,52.838996246811526,7.798801174917532,0.0,52.83899698722904,7.404175097384405e-07,0.0
1269,76200.0,76200,52.8389962467911,52.8389962467911,8.547353619896285,0.0,52.83899698721008,7.40418984685121e-07,0.0
1270,76260.0,76260,52.83899624677061,52.83899624677061,9.295906064874742,0.0,52.83899698719077,7.40420161108909e-07,0.0
1271,76320.0,76320,52.83899624675005,52.83899624675005,10.044458509852909,0.0,52.83899698717109,7.404210390018695e-07,0.0
1272,76380.0,76380,52.83899624672944,52.83899624672944,10.79301095483078,0.0,52.838996987151056,7.404216183572603e-07,0.0
1273,76440.0,76440,52.83899624670876,52.83899624670876,11.541563399808359,0.0,52.838996987130656,7.404218991694937e-07,0.0
1274,76500.0,76500,52.83899624668802,52.83899624668802,12.290115844785644,0.0,52.8389969871099,7.404218814344823e-07,0.0
1275,76560.0,76560,52.83899624666721,52.83899624666721,13.038668289762633,0.0,52.83899698708878,7.404215651493761e-07,0.0
1276,76620.0,76620,52.838996246646346,52.838996246646346,13.78722073473933,0.0,52.83899698706729,7.404209503126076e-07,0.0
1277,76680.0,76680,52.83899624662541,52.83899624662541,14.535773179715735,0.0,52.838996987045455,7.404200369241393e-07,0.0
1278,76740.0,76740,52.838996246604424,52.838996246604424,15.284325624691844,0.0,52.83899698702324,7.404188249850812e-07,0.0
1279,76800.0,76800,52.83899624658336,52.83899624658336,16.03287806966766,0.0,52.83899698700068,7.404173144978484e-07,0.0
1280,76860.0,76860,52.83899624656224,52.83899624656224,16.78143051464318,0.0,52.83899698697774,7.404155054661232e-07,0.0
1281,76920.0,76920,52.83899624654106,52.83899624654106,17.529982959618405,0.0,52.838996986954456,7.404133978952833e-07,0.0
1282,76980.0,76980,52.83899624651981,52.83899624651981,18.278535404593335,0.0,52.8389969869308,7.404109917914633e-07,0.0
1283,77040.0,77040,52.838996246498496,52.838996246498496,19.027087849567973,0.0,52.83899698690678,7.40408287162621e-07,0.0
1284,77100.0,77100,52.83899624647712,52.83899624647712,19.775640294542313,0.0,52.83899698688241,7.404052840176887e-07,0.0
1285,77160.0,77160,52.838996246455686,52.838996246455686,20.52419273951636,0.0,52.838996986857666,7.40401982367114e-07,0.0
1286,77220.0,77220,52.838996246434185,52.838996246434185,21.272745184490105,0.0,52.83899698683257,7.403983822226414e-07,0.0
1287,77280.0,77280,52.83899624641262,52.83899624641262,22.02129762946356,0.0,52.8389969868071,7.403944835971864e-07,0.0
1288,77340.0,77340,52.83899624639099,52.83899624639099,22.76985007443672,0.0,52.83899698678128,7.403902865052085e-07,0.0
1289,77400.0,77400,52.838996246369305,52.838996246369305,23.518402519409584,0.0,52.8389969867551,7.403857909623454e-07,0.0
1290,77460.0,77460,52.83899624634755,52.83899624634755,24.266954964382155,0.0,52.838996986728546,7.403809969855543e-07,0.0
1291,77520.0,77520,52.838996246325735,52.838996246325735,25.015507409354424,0.0,52.838996986701645,7.403759045931577e-07,0.0
1292,77580.0,77580,52.83899624630386,52.83899624630386,25.764059854326398,0.0,52.83899698667437,7.403705138048805e-07,0.0
1293,77640.0,77640,52.838996246281916,52.838996246281916,26.512612299298073,0.0,52.83899698664674,7.4036482464152e-07,0.0
1294,77700.0,77700,52.83899624625991,52.83899624625991,27.261164744269454,0.0,52.83899698661875,7.403588371255087e-07,0.0
1295,77760.0,77760,52.83899624623784,52.83899624623784,28.009717189240536,0.0,52.838996986590395,7.403525512802538e-07,0.0
1296,77820.0,77820,52.838996246215714,52.838996246215714,28.758269634211324,0.0,52.83899698656168,7.403459671307604e-07,0.0
1297,77880.0,77880,52.838996246193524,52.838996246193524,29.506822079181813,0.0,52.83899698653261,7.403390847032107e-07,0.0
1298,77940.0,77940,52.83899624617127,52.83899624617127,30.255374524152007,0.0,52.83899698650317,7.403319040251896e-07,0.0
1299,78000.0,78000,52.83899624614895,52.83899624614895,31.0039269691219,0.0,52.83899698647338,7.403244251255644e-07,0.0
1300,78060.0,78060,52.83899624612657,52.83899624612657,31.7524794140915,0.0,52.83899698644322,7.4031664803441e-07,0.0
1301,78120.0,78120,52.83899624610414,52.83899624610414,32.5010318590608,0.0,52.83899698641271,7.403085727834512e-07,0.0
1302,78180.0,78180,52.838996246081635,52.83899624608163,33.2495843040298,0.0,52.83899698638184,7.403001994051703e-07,0.0
1303,78240.0,78240,52.83899624605907,52.83899624605907,33.998136748998505,0.0,52.838996986350594,7.402915279339846e-07,0.0
1304,78300.0,78300,52.83899624603644,52.83899624603644,34.746689193966915,0.0,52.838996986318996,7.402825584051214e-07,0.0
1305,78360.0,78360,52.83899624601376,52.83899624601375,35.49524163893503,0.0,52.83899698628704,7.402732908553906e-07,0.0
1306,78420.0,78420,52.838996245991005,52.838996245991005,36.243794083902834,0.0,52.83899698625473,7.40263725323042e-07,0.0
1307,78480.0,78480,52.838996245968204,52.838996245968204,36.99234652887035,0.0,52.838996986222064,7.402538618472027e-07,0.0
1308,78540.0,78540,52.838996245945324,52.838996245945324,37.74089897383756,0.0,52.838996986189024,7.402437004687553e-07,0.0
1309,78600.0,78600,52.8389962459224,52.8389962459224,38.48945141880448,0.0,52.83899698615564,7.402332412296091e-07,0.0
1310,78660.0,78660,52.8389962458994,52.8389962458994,39.2380038637711,0.0,52.838996986121884,7.402224841732194e-07,0.0
1311,78720.0,78720,52.83899624587635,52.83899624587635,39.98655630873741,0.0,52.83899698608778,7.402114293440306e-07,0.0
1312,78780.0,78780,52.83899624585324,52.83899624585324,40.73510875370343,0.0,52.83899698605332,7.402000767882049e-07,0.0
1313,78840.0,78840,52.838996245830074,52.838996245830074,41.483661198669154,0.0,52.83899698601849,7.401884265528648e-07,0.0
1314,78900.0,78900,52.83899624580684,52.83899624580684,42.23221364363458,0.0,52.83899698598332,7.401764786866175e-07,0.0
1315,78960.0,78960,52.83899624578355,52.83899624578355,42.9807660885997,0.0,52.83899698594778,7.401642332393526e-07,0.0
1316,79020.0,79020,52.8389962457602,52.8389962457602,43.72931853356453,0.0,52.83899698591189,7.401516902622949e-07,0.0
1317,79080.0,79080,52.838996245736794,52.838996245736794,44.47787097852905,0.0,52.83899698587564,7.401388498080416e-07,0.0
1318,79140.0,79140,52.838996245713325,52.838996245713325,45.22642342349328,0.0,52.83899698583903,7.401257119301423e-07,0.0
1319,79200.0,79200,52.8389962456898,52.8389962456898,45.9749758684572,0.0,52.838996985802076,7.401122766840295e-07,0.0
1320,79260.0,79260,52.838996245666216,52.838996245666216,46.72352831342082,0.0,52.838996985764766,7.40098544125975e-07,0.0
1321,79320.0,79320,52.838996245642576,52.838996245642576,47.472080758384145,0.0,52.838996985727086,7.400845143137888e-07,0.0
1322,79380.0,79380,52.83899624561888,52.83899624561888,48.22063320334716,0.0,52.838996985689064,7.400701873064879e-07,0.0
1323,79440.0,79440,52.83899624559512,52.83899624559512,48.96918564830989,0.0,52.83899698565068,7.400555631643197e-07,0.0
1324,79500.0,79500,52.83899624557131,52.83899624557131,49.71773809327231,0.0,52.83899698561194,7.400406419490986e-07,0.0
1325,79560.0,79560,52.83899624554744,52.838996245547435,50.46629053823443,0.0,52.838996985572855,7.400254237238168e-07,0.0
1326,79620.0,79620,52.83899839049982,-247.1610016095002,51.214842983196256,300.0,7.060658297303992e-07,247.161002315566,0.0
1327,79680.0,79680,52.838998390507086,-247.1610016094929,47.09549295460605,300.0,7.060646758506565e-07,247.16100231555757,0.0
1328,79740.0,79740,52.83899839051361,-247.1610016094864,42.97614292601597,300.0,7.060636672831665e-07,247.16100231555,0.0
1329,79800.0,79800,52.83899839051941,-247.1610016094806,38.85679289742601,300.0,7.060628040307042e-07,247.16100231554339,0.0
1330,79860.0,79860,52.838998390524466,-247.16100160947553,34.73744286883614,300.0,7.060620860957968e-07,247.16100231553762,0.0
1331,79920.0,79920,52.83899839052878,-247.1610016094712,30.618092840246355,300.0,7.060615134803871e-07,247.16100231553273,0.0
1332,79980.0,79980,52.83899839053236,-247.16100160946763,26.498742811656648,300.0,7.060610861860123e-07,247.16100231552872,0.0
1333,80040.0,80040,52.8389983905352,-247.16100160946482,22.379392783066997,300.0,7.060608042138202e-07,247.16100231552565,0.0
1334,80100.0,80100,52.83899839442445,-237.16100160557573,18.260042754477396,290.00000000000017,7.010893645189065e-07,237.16100230666507,0.0
1335,80160.0,80160,52.83899624535289,52.83899624535289,14.307359392631714,0.0,52.83899698528948,7.39936592863679e-07,0.0
1336,80220.0,80220,52.83899624533781,52.83899624533781,15.055911837591003,0.0,52.838996985271805,7.399339998354095e-07,0.0
1337,80280.0,80280,52.83899624532268,52.838996245322676,15.804464282550086,0.0,52.838996985253786,7.399311085122537e-07,0.0
1338,80340.0,80340,52.8389962453075,52.8389962453075,16.553016727508965,0.0,52.83899698523542,7.399279189051618e-07,0.0
1339,80400.0,80400,52.838996245292265,52.838996245292265,17.30156917246763,0.0,52.8389969852167,7.399244310263361e-07,0.0
1340,80460.0,80460,52.83899624527698,52.83899624527698,18.05012161742609,0.0,52.838996985197625,7.399206448891115e-07,0.0
1341,80520.0,80520,52.83899624526164,52.83899624526164,18.798674062384343,0.0,52.8389969851782,7.399165605084429e-07,0.0
1342,80580.0,80580,52.83899624524624,52.83899624524624,19.54722650734239,0.0,52.838996985158424,7.399121779004928e-07,0.0
1343,80640.0,80640,52.8389962452308,52.8389962452308,20.295778952300232,0.0,52.838996985138294,7.399074970827061e-07,0.0
1344,80700.0,80700,52.8389962452153,52.8389962452153,21.044331397257867,0.0,52.83899698511782,7.399025180738326e-07,0.0
1345,80760.0,80760,52.83899624519975,52.838996245199745,21.79288384221529,0.0,52.83899698509699,7.398972408939497e-07,0.0
1346,80820.0,80820,52.83899624518414,52.83899624518414,22.54143628717251,0.0,52.8389969850758,7.398916655646425e-07,0.0
1347,80880.0,80880,52.83899624516848,52.83899624516848,23.28998873212952,0.0,52.83899698505427,7.398857921085156e-07,0.0
1348,80940.0,80940,52.83899624515277,52.83899624515277,24.038541177086323,0.0,52.838996985032395,7.39879620549494e-07,0.0
1349,81000.0,81000,52.83899624513701,52.83899624513701,24.78709362204292,0.0,52.83899698501016,7.398731509132651e-07,0.0
1350,81060.0,81060,52.838996245121194,52.838996245121194,25.535646066999313,0.0,52.838996984987574,7.398663832263036e-07,0.0
1351,81120.0,81120,52.83899624510533,52.83899624510533,26.284198511955495,0.0,52.838996984964645,7.398593175166896e-07,0.0
1352,81180.0,81180,52.838996245089405,52.838996245089405,27.03275095691147,0.0,52.83899698494136,7.398519538136877e-07,0.0
1353,81240.0,81240,52.83899624507344,52.83899624507344,27.781303401867238,0.0,52.83899698491773,7.398442921480253e-07,0.0
1354,81300.0,81300,52.838996245057416,52.83899624505741,28.529855846822798,0.0,52.83899698489375,7.398363325516898e-07,0.0
1355,81360.0,81360,52.838996245041336,52.838996245041336,29.278408291778156,0.0,52.83899698486942,7.39828075057861e-07,0.0
1356,81420.0,81420,52.838996245025214,52.838996245025214,30.0269607367333,0.0,52.83899698484473,7.398195197011361e-07,0.0
1357,81480.0,81480,52.838996245009035,52.838996245009035,30.775513181688243,0.0,52.838996984819694,7.398106665175451e-07,0.0
1358,81540.0,81540,52.838996244992806,52.838996244992806,31.524065626642976,0.0,52.83899698479432,7.398015155440776e-07,0.0
1359,81600.0,81600,52.83899624497652,52.83899624497652,32.272618071597506,0.0,52.838996984768585,7.397920668194786e-07,0.0
1360,81660.0,81660,52.83899624496019,52.83899624496019,33.02117051655182,0.0,52.83899698474251,7.397823203836626e-07,0.0
1361,81720.0,81720,52.83899624494381,52.83899624494381,33.769722961505934,0.0,52.83899698471608,7.397722762774521e-07,0.0
1362,81780.0,81780,52.83899624492738,52.83899624492738,34.51827540645984,0.0,52.83899698468931,7.397619345437094e-07,0.0
1363,81840.0,81840,52.838996244910895,52.838996244910895,35.26682785141353,0.0,52.83899698466219,7.397512952260091e-07,0.0
1364,81900.0,81900,52.83899624489437,52.83899624489437,36.01538029636703,0.0,52.83899698463472,7.39740358369486e-07,0.0
1365,81960.0,81960,52.838996244877784,52.838996244877784,36.7639327413203,0.0,52.83899698460691,7.397291240205949e-07,0.0
1366,82020.0,82020,52.83899624486115,52.83899624486115,37.51248518627339,0.0,52.83899698457874,7.397175922270206e-07,0.0
1367,82080.0,82080,52.838996244844466,52.838996244844466,38.26103763122625,0.0,52.83899698455023,7.397057630378576e-07,0.0
1368,82140.0,82140,52.83899624482774,52.83899624482774,39.00959007617892,0.0,52.83899698452137,7.396936365033484e-07,0.0
1369,82200.0,82200,52.83899624481096,52.83899624481096,39.75814252113137,0.0,52.83899698449218,7.396812126752876e-07,0.0
1370,82260.0,82260,52.83899624479414,52.83899624479414,40.50669496608362,0.0,52.838996984462625,7.396684916065574e-07,0.0
1371,82320.0,82320,52.838996244777256,52.838996244777256,41.25524741103567,0.0,52.838996984432725,7.396554733514649e-07,0.0
1372,82380.0,82380,52.83899624476034,52.83899624476034,42.0037998559875,0.0,52.83899698440249,7.3964215796566e-07,0.0
1373,82440.0,82440,52.83899624474336,52.83899624474336,42.75235230093913,0.0,52.83899698437191,7.396285455059174e-07,0.0
1374,82500.0,82500,52.838996244726346,52.838996244726346,43.50090474589056,0.0,52.83899698434098,7.396146360305866e-07,0.0
1375,82560.0,82560,52.83899624470928,52.83899624470928,44.249457190841774,0.0,52.838996984309716,7.396004295990449e-07,0.0
1376,82620.0,82620,52.83899624469217,52.83899624469217,44.99800963579279,0.0,52.83899698427809,7.395859262721395e-07,0.0
1377,82680.0,82680,52.838996244675016,52.83899624467501,45.746562080743594,0.0,52.83899698424614,7.3957112611197e-07,0.0
1378,82740.0,82740,52.83899624465781,52.83899624465781,46.49511452569419,0.0,52.838996984213836,7.395560291820309e-07,0.0
1379,82800.0,82800,52.838996244640555,52.838996244640555,47.24366697064459,0.0,52.838996984181186,7.395406355470247e-07,0.0
1380,82860.0,82860,52.838998390752785,-247.16100160924722,47.99221941559477,300.0,7.060279960101058e-07,247.1610023152752,0.0
1381,82920.0,82920,52.83899839076004,-247.16100160923995,43.872869387008876,300.0,7.060267207347609e-07,247.16100231526664,0.0
1382,82980.0,82980,52.83899839076655,-247.16100160923344,39.75351935842311,300.0,7.060255907811561e-07,247.16100231525905,0.0
1383,83040.0,83040,52.83899839077233,-247.1610016092277,35.634169329837455,300.0,7.060246061525764e-07,247.16100231525232,0.0
1384,83100.0,83100,52.83899839077737,-247.16100160922264,31.514819301251894,300.0,7.060237668519991e-07,247.16100231524644,0.0
1385,83160.0,83160,52.838998390781676,-247.16100160921835,27.395469272666425,300.0,7.060230728819144e-07,247.16100231524143,0.0
1386,83220.0,83220,52.83899839078524,-247.16100160921476,23.276119244081023,300.0,7.060225242444747e-07,247.16100231523728,0.0
1387,83280.0,83280,52.838998390788085,-247.16100160921192,19.15676921549569,300.0,7.060221209414201e-07,247.16100231523404,0.0
1388,83340.0,83340,52.83899839266485,-242.16100160733455,15.037419186910396,294.99999999999943,7.035387030327413e-07,242.1610023108733,0.0
1389,83400.0,83400,52.838996244512714,52.838996244512714,11.001402491695938,0.0,52.838996983962595,7.39449879424249e-07,0.0
1390,83460.0,83460,52.83899624450438,52.83899624450438,11.749954936644542,0.0,52.838996983951475,7.394470973353164e-07,0.0
1391,83520.0,83520,52.838996244495995,52.838996244495995,12.498507381593035,0.0,52.83899698394001,7.394440172391136e-07,0.0
1392,83580.0,83580,52.83899624448756,52.83899624448756,13.247059826541417,0.0,52.838996983928205,7.39440639148353e-07,0.0
1393,83640.0,83640,52.83899624447909,52.83899624447909,13.995612271489689,0.0,52.838996983916054,7.394369630768869e-07,0.0
1394,83700.0,83700,52.83899624447058,52.83899624447058,14.744164716437849,0.0,52.83899698390356,7.394329890399704e-07,0.0
1395,83760.0,83760,52.83899624446201,52.83899624446201,15.492717161385896,0.0,52.83899698389073,7.394287170542535e-07,0.0
1396,83820.0,83820,52.838996244453405,52.838996244453405,16.241269606333834,0.0,52.83899698387755,7.394241471375858e-07,0.0
1397,83880.0,83880,52.83899624444476,52.83899624444476,16.98982205128166,0.0,52.83899698386403,7.394192793092124e-07,0.0
1398,83940.0,83940,52.83899624443606,52.83899624443606,17.73837449622938,0.0,52.83899698385017,7.394141135896606e-07,0.0
1399,84000.0,84000,52.83899624442732,52.83899624442732,18.486926941176986,0.0,52.83899698383597,7.394086500007629e-07,0.0
1400,84060.0,84060,52.83899624441854,52.83899624441854,19.235479386124485,0.0,52.838996983821424,7.394028885657689e-07,0.0
1401,84120.0,84120,52.83899624440971,52.83899624440971,19.98403183107187,0.0,52.83899698380654,7.393968293091289e-07,0.0
1402,84180.0,84180,52.83899624440083,52.83899624440083,20.73258427601915,0.0,52.83899698379131,7.393904722565074e-07,0.0
1403,84240.0,84240,52.83899624439192,52.83899624439192,21.48113672096632,0.0,52.838996983775736,7.393838174353094e-07,0.0
1404,84300.0,84300,52.83899839082974,-247.1610016091702,22.229689165913378,300.0,7.060161948783433e-07,247.1610023151864,0.0
1405,84360.0,84360,52.838998390832586,-247.16100160916739,18.1103391373288,300.0,7.060157488899449e-07,247.16100231518314,0.0
1406,84420.0,84420,52.83899839083469,-247.16100160916534,13.990989108744268,300.0,7.06015448239704e-07,247.1610023151808,0.0
1407,84480.0,84480,52.83899839083605,-247.16100160916395,9.871639080159772,300.0,7.06015292928648e-07,247.16100231517927,0.0
1408,84540.0,84540,52.83899839083669,-247.16100160916332,5.752289051575299,300.0,7.060152829572571e-07,247.16100231517865,0.0
1409,84600.0,84600,52.8389983908366,-247.16100160916338,1.632939022990837,300.0,7.060154183258086e-07,247.1610023151788,0.0
1410,84660.0,84660,52.838998390835755,-247.16100160916423,-2.4864110055936264,300.0,7.060156990339276e-07,247.16100231517993,0.0
1411,84720.0,84720,52.83899839083419,-247.16100160916585,-6.605761034178104,300.0,7.06016125080834e-07,247.16100231518197,0.0
1412,84780.0,84780,52.83899839083189,-247.1610016091681,-10.725111062762611,300.0,7.060166964654629e-07,247.16100231518476,0.0
1413,84840.0,84840,52.83899839689359,-232.16100160310646,-14.844461091347155,285.0,6.98591646139403e-07,232.1610023016981,0.0
1414,84900.0,84900,52.83899624434857,52.83899624434857,-18.71381111981211,0.0,52.83899698373661,7.393880368181564e-07,0.0
1415,84960.0,84960,52.83899624434955,52.83899624434955,-17.965258674865677,0.0,52.83899698374495,7.393953960371951e-07,0.0
1416,85020.0,85020,52.83899624435049,52.83899624435049,-17.21670622991925,0.0,52.83899698375295,7.39402457537457e-07,0.0
1417,85080.0,85080,52.83899624435138,52.83899624435138,-16.468153784972827,0.0,52.8389969837606,7.394092212880273e-07,0.0
1418,85140.0,85140,52.83899624435223,52.83899624435223,-15.719601340026404,0.0,52.83899698376792,7.394156872588536e-07,0.0
1419,85200.0,85200,52.83899624435304,52.83899624435304,-14.97104889507999,0.0,52.8389969837749,7.394218554214286e-07,0.0
1420,85260.0,85260,52.83899624435381,52.83899624435381,-14.222496450133578,0.0,52.838996983781534,7.394277257486323e-07,0.0
1421,85320.0,85320,52.83899624435453,52.83899624435453,-13.473944005187171,0.0,52.83899698378782,7.394332982144477e-07,0.0
1422,85380.0,85380,52.83899624435521,52.83899624435521,-12.725391560240764,0.0,52.83899698379378,7.394385727943346e-07,0.0
1423,85440.0,85440,52.83899624435585,52.83899624435585,-11.976839115294364,0.0,52.83899698379939,7.394435494650657e-07,0.0
1424,85500.0,85500,52.838996244356444,52.838996244356444,-11.228286670347966,0.0,52.83899698380467,7.394482282046288e-07,0.0
1425,85560.0,85560,52.83899624435699,52.83899624435699,-10.479734225401572,0.0,52.8389969838096,7.394526089922937e-07,0.0
1426,85620.0,85620,52.838996244357496,52.838996244357496,-9.731181780455179,0.0,52.838996983814184,7.394566918090257e-07,0.0
1427,85680.0,85680,52.83899624435796,52.83899624435796,-8.982629335508793,0.0,52.83899698381843,7.39460476636555e-07,0.0
1428,85740.0,85740,52.83899624435838,52.83899624435838,-8.234076890562408,0.0,52.83899698382234,7.394639634583739e-07,0.0
1429,85800.0,85800,52.83899624435875,52.83899624435875,-7.485524445616027,0.0,52.8389969838259,7.394671522589953e-07,0.0
1430,85860.0,85860,52.83899624435909,52.83899624435909,-6.736972000669647,0.0,52.83899698382913,7.39470043024484e-07,0.0
1431,85920.0,85920,52.83899624435937,52.83899624435937,-5.98841955572327,0.0,52.838996983832004,7.394726357420527e-07,0.0
1432,85980.0,85980,52.83899624435962,52.83899624435962,-5.2398671107768955,0.0,52.83899698383455,7.39474930400309e-07,0.0
1433,86040.0,86040,52.83899624435981,52.83899624435981,-4.491314665830523,0.0,52.83899698383674,7.394769269892329e-07,0.0
1434,86100.0,86100,52.838996244359976,52.838996244359976,-3.742762220884153,0.0,52.8389969838386,7.394786255000344e-07,0.0
1435,86160.0,86160,52.83899624436008,52.83899624436008,-2.9942097759377853,0.0,52.838996983840104,7.394800259252286e-07,0.0
1436,86220.0,86220,52.838996244360146,52.838996244360146,-2.245657330991419,0.0,52.83899698384128,7.394811282585831e-07,0.0
1437,86280.0,86280,52.83899624436017,52.83899624436017,-1.4971048860450549,0.0,52.8389969838421,7.394819324956202e-07,0.0
1438,86340.0,86340,52.838996244360146,52.838996244360146,-0.7485524410986925,0.0,52.838996983842584,7.394824386325827e-07,0.0
1439,86400.0,86400,2.187088228469761e-09,2.187088037218014e-09,3.847668431069329e-09,0.0,1.5535812288543608e-06,1.5513941413649798e-06,0.0
1440,,86460,,,,,,,
