,time,time_x,P_Grid,P_BTMS,E_BTMS,P_Charge,P_BTMS_Ch,P_BTMS_DCh,"param: btms size, a,b,c"
0,60.0,60,19.162498387723673,19.162498387723673,-8.710189561415859e-15,0.0,19.16249839616785,-8.444179632462131e-09,125.61661814375223
1,120.0,120,19.162447209377323,19.162447209377323,0.2944637252137133,0.0,19.1624472178215,-8.444179584366535e-09,0.09863013698630137
2,180.0,180,19.162344850920693,19.162344850920693,0.5889266639868462,0.0,19.162344859364875,-8.44417948817521e-09,0.040740740740740744
3,240.0,240,19.162191308808374,19.162191308808374,0.8833880298516957,0.0,19.162191317252553,-8.444179343884392e-09,0.12
4,300.0,300,19.16198657773015,19.16198657773015,1.177847036286086,0.0,19.16198658617433,-8.44417915149193e-09,0.0
5,360.0,360,19.16173065060854,19.16173065060854,1.4723028966862408,0.0,19.16173065905272,-8.444178910992582e-09,0.0
6,420.0,420,19.161423518588332,19.161423518588332,1.7667548243396267,0.0,19.161423527032515,-8.4441786223807e-09,0.0
7,480.0,480,19.161065171049493,19.161065171049493,2.061202032397636,0.0,19.161065179493676,-8.444178285647953e-09,0.0
8,540.0,540,19.160655595600982,19.160655595600982,2.3556437338484644,0.0,19.16065560404516,-8.44417790078856e-09,0.0
9,600.0,600,19.160194778077482,19.160194778077482,2.6500791414899014,0.0,19.16019478652166,-8.4441774677919e-09,0.0
10,660.0,660,19.159682702551294,19.159682702551294,2.94450746790206,0.0,19.159682710995472,-8.444176986647624e-09,0.0
11,720.0,720,19.159119351328883,19.159119351328883,3.2389279254202994,0.0,19.15911935977306,-8.444176457344977e-09,0.0
12,780.0,780,19.15850470492325,19.15850470492325,3.5333397261080886,0.0,19.158504713367424,-8.44417587986877e-09,0.0
13,840.0,840,19.15783874211311,19.15783874211311,3.8277420817294434,0.0,19.157838750557286,-8.444175254207578e-09,0.0
14,900.0,900,19.157121439883618,19.157121439883618,4.1221342037222835,0.0,19.157121448327793,-8.444174580346077e-09,0.0
15,960.0,960,19.156352773451825,19.156352773451825,4.416515303170863,0.0,19.156352781895997,-8.444173858266657e-09,0.0
16,1020.0,1020,19.155532716291347,19.155532716291347,4.710884590778608,0.0,19.155532724735522,-8.444173087951841e-09,0.0
17,1080.0,1080,19.154661240065604,19.154661240065604,5.00524127684132,0.0,19.154661248509775,-8.444172269384561e-09,0.0
18,1140.0,1140,19.15373831472203,19.15373831472203,5.299584571219363,0.0,19.153738323166206,-8.444171402543578e-09,0.0
19,1200.0,1200,19.15276390839469,19.15276390839469,5.5939136833112935,0.0,19.152763916838857,-8.444170487409399e-09,0.0
20,1260.0,1260,19.151737987468405,19.151737987468405,5.888227822025993,0.0,19.151737995912576,-8.444169523958367e-09,0.0
21,1320.0,1320,19.150660516571687,19.150660516571687,6.182526195755792,0.0,19.15066052501586,-8.444168512167898e-09,0.0
22,1380.0,1380,19.149531458562393,19.149531458562393,6.476808012349479,0.0,19.14953146700656,-8.444167452013797e-09,0.0
23,1440.0,1440,19.148350774504806,19.148350774504806,6.771072479085088,0.0,19.148350782948974,-8.444166343470119e-09,0.0
24,1500.0,1500,19.147118423752286,19.147118423752286,7.065318802642348,0.0,19.147118432196454,-8.444165186508773e-09,0.0
25,1560.0,1560,19.14583436383438,19.14583436383438,7.359546189076377,0.0,19.145834372278543,-8.444163981103544e-09,0.0
26,1620.0,1620,19.14449855057055,19.14449855057055,7.653753843789666,0.0,19.14449855901471,-8.444162727225397e-09,0.0
27,1680.0,1680,19.143110937965794,19.143110937965794,7.947940971505802,0.0,19.143110946409955,-8.444161424841805e-09,0.0
28,1740.0,1740,19.141671478297624,19.141671478297624,8.242106776241577,0.0,19.14167148674178,-8.444160073923326e-09,0.0
29,1800.0,1800,19.140180122076753,19.140180122076753,8.536250461280451,0.0,19.14018013052091,-8.44415867443649e-09,0.0
30,1860.0,1860,19.138636818027777,19.138636818027777,8.8303712291454,0.0,19.138636826471934,-8.44415722634675e-09,0.0
31,1920.0,1920,19.137041513148002,19.137041513148002,9.124468281571462,0.0,19.13704152159216,-8.44415572961983e-09,0.0
32,1980.0,1980,19.135394152646366,19.135394152646366,9.418540819479205,0.0,19.135394161090524,-8.444154184218898e-09,0.0
33,2040.0,2040,19.13369467998768,19.13369467998768,9.712588042947237,0.0,19.133694688431834,-8.444152590106316e-09,0.0
34,2100.0,2100,19.131943036868176,19.131943036868176,10.006609151185417,0.0,19.131943045312326,-8.44415094724337e-09,0.0
35,2160.0,2160,19.13013916323206,19.13013916323206,10.300603342507658,0.0,19.13013917167621,-8.444149255590002e-09,0.0
36,2220.0,2220,19.12828299725866,19.12828299725866,10.594569814305025,0.0,19.128283005702805,-8.444147515105886e-09,0.0
37,2280.0,2280,19.12637447539041,19.12637447539041,10.888507763018602,0.0,19.126374483834557,-8.444145725748545e-09,0.0
38,2340.0,2340,19.124413532272108,19.124413532272108,11.182416384112802,0.0,19.12441354071625,-8.444143887473081e-09,0.0
39,2400.0,2400,19.122400100840338,19.122400100840338,11.476294872047754,0.0,19.122400109284477,-8.444142000236883e-09,0.0
40,2460.0,2460,19.120334112245903,19.120334112245903,11.770142420253034,0.0,19.12033412069004,-8.444140063991022e-09,0.0
41,2520.0,2520,19.118215495898706,19.118215495898706,12.063958221100249,0.0,19.118215504342842,-8.444138078691542e-09,0.0
42,2580.0,2580,19.11604417944315,19.11604417944315,12.35774146587626,0.0,19.116044187887287,-8.444136044287898e-09,0.0
43,2640.0,2640,19.11382008878824,19.11382008878824,12.65149134475607,0.0,19.113820097232374,-8.444133960730893e-09,0.0
44,2700.0,2700,19.111543148092355,19.111543148092355,12.945207046776149,0.0,19.111543156536488,-8.444131827969718e-09,0.0
45,2760.0,2760,19.109213279744637,19.109213279744637,13.23888775980754,0.0,19.10921328818877,-8.444129645951945e-09,0.0
46,2820.0,2820,19.106830404404505,19.106830404404505,13.532532670528651,0.0,19.10683041284863,-8.444127414624884e-09,0.0
47,2880.0,2880,19.104394440972822,19.104394440972822,13.826140964398702,0.0,19.104394449416947,-8.444125133933554e-09,0.0
48,2940.0,2940,19.10190530660729,19.10190530660729,14.119711825630686,0.0,19.10190531505141,-8.444122803822706e-09,0.0
49,3000.0,3000,19.099362916722683,19.099362916722683,14.413244437164586,0.0,19.099362925166805,-8.444120424233468e-09,0.0
50,3060.0,3060,19.09676718499179,19.09676718499179,14.706737980640591,0.0,19.096767193435905,-8.444117995110185e-09,0.0
51,3120.0,3120,19.094118023331006,19.094118023331006,15.000191636372334,0.0,19.094118031775125,-8.444115516390623e-09,0.0
52,3180.0,3180,19.091415341930745,19.091415341930745,15.293604583319887,0.0,19.091415350374856,-8.44411298801671e-09,0.0
53,3240.0,3240,19.08865904922773,19.08865904922773,15.58697599906326,0.0,19.08865905767184,-8.44411040992352e-09,0.0
54,3300.0,3300,19.08584905193435,19.08584905193435,15.880305059775425,0.0,19.085849060378457,-8.444107782049354e-09,0.0
55,3360.0,3360,19.08298525500793,19.08298525500793,16.173590940195854,0.0,19.082985263452034,-8.444105104329824e-09,0.0
56,3420.0,3420,19.0800675616836,19.0800675616836,16.46683281360351,0.0,19.080067570127703,-8.444102376697451e-09,0.0
57,3480.0,3480,19.077095873445295,19.077095873445295,16.760029851790417,0.0,19.07709588188939,-8.444099599087037e-09,0.0
58,3540.0,3540,19.074070090068727,19.074070090068727,17.053181225034727,0.0,19.074070098512824,-8.444096771428955e-09,0.0
59,3600.0,3600,19.070990109576854,19.070990109576854,17.346286102074483,0.0,19.070990118020948,-8.444093893653575e-09,0.0
60,3660.0,3660,19.06785582826033,19.06785582826033,17.639343650080683,0.0,19.067855836704418,-8.444090965690054e-09,0.0
61,3720.0,3720,19.064667140701214,19.064667140701214,17.93235303463065,0.0,19.064667149145304,-8.44408798746594e-09,0.0
62,3780.0,3780,19.061423939729195,19.061423939729195,18.225313419681797,0.0,19.06142394817328,-8.44408495890757e-09,0.0
63,3840.0,3840,19.058126116478437,19.058126116478437,18.51822396754467,0.0,19.05812612492252,-8.444081879940204e-09,0.0
64,3900.0,3900,19.054773560318868,19.054773560318868,18.811083838856923,0.0,19.05477356876295,-8.444078750488432e-09,0.0
65,3960.0,3960,19.05136615893692,19.05136615893692,19.10389219255619,0.0,19.051366167380994,-8.444075570472678e-09,0.0
66,4020.0,4020,19.047903798277545,19.047903798277545,19.396648185854225,0.0,19.047903806721617,-8.44407233981511e-09,0.0
67,4080.0,4080,19.04438636257712,19.04438636257712,19.689350974210125,0.0,19.04438637102119,-8.444069058436287e-09,0.0
68,4140.0,4140,19.040813734346052,19.040813734346052,19.981999711304095,0.0,19.040813742790117,-8.44406572625367e-09,0.0
69,4200.0,4200,19.03718579438295,19.03718579438295,20.274593549010913,0.0,19.03718580282701,-8.444062343185129e-09,0.0
70,4260.0,4260,19.033502421777214,19.033502421777214,20.567131637373635,0.0,19.033502430221276,-8.44405890914571e-09,0.0
71,4320.0,4320,19.029763493919408,19.029763493919408,20.859613124577315,0.0,19.029763502363465,-8.44405542405046e-09,0.0
72,4380.0,4380,19.02596888645841,19.02596888645841,21.15203715692291,0.0,19.025968894902462,-8.444051887812137e-09,0.0
73,4440.0,4440,19.022118473373155,19.022118473373155,21.444402878800524,0.0,19.022118481817206,-8.4440483003435e-09,0.0
74,4500.0,4500,19.01821212692187,19.01821212692187,21.736709432663726,0.0,19.018212135365914,-8.444044661553145e-09,0.0
75,4560.0,4560,19.0142497176464,19.0142497176464,22.02895595900313,0.0,19.01424972609044,-8.444040971352217e-09,0.0
76,4620.0,4620,19.010231114425217,19.010231114425217,22.32114159632,0.0,19.010231122869257,-8.444037229646892e-09,0.0
77,4680.0,4680,19.006156184406034,19.006156184406034,22.6132654811007,0.0,19.006156192850067,-8.444033436343342e-09,0.0
78,4740.0,4740,19.0020247930636,19.0020247930636,22.90532674779011,0.0,19.002024801507634,-8.444029591347873e-09,0.0
79,4800.0,4800,18.99783680417303,18.99783680417303,23.197324528765886,0.0,18.997836812617056,-8.44402569456263e-09,0.0
80,4860.0,4860,18.99359207980771,18.99359207980771,23.489257954312382,0.0,18.99359208825173,-8.44402174588881e-09,0.0
81,4920.0,4920,18.989290480373345,18.989290480373345,23.781126152594464,0.0,18.98929048881736,-8.444017745230706e-09,0.0
82,4980.0,4980,18.98493186458064,18.98493186458064,24.072928249631904,0.0,18.984931873024653,-8.444013692484006e-09,0.0
83,5040.0,5040,18.980516089474875,18.980516089474875,24.364663369273327,0.0,18.980516097918887,-8.444009587548567e-09,0.0
84,5100.0,5100,18.976043010385265,18.976043010385265,24.656330633170626,0.0,18.97604301882927,-8.444005430320479e-09,0.0
85,5160.0,5160,18.971512481010873,18.971512481010873,24.947929160752576,0.0,18.971512489454874,-8.444001220693819e-09,0.0
86,5220.0,5220,18.96692435334279,18.96692435334279,25.23945806919981,0.0,18.966924361786784,-8.44399695856293e-09,0.0
87,5280.0,5280,18.962278477723984,18.962278477723984,25.53091647341855,0.0,18.96227848616798,-8.44399264382041e-09,0.0
88,5340.0,5340,18.957574702827657,18.957574702827657,25.822303486015276,0.0,18.957574711271644,-8.443988276357109e-09,0.0
89,5400.0,5400,18.95281287563924,18.95281287563924,26.113618217271092,0.0,18.952812884083222,-8.44398385606011e-09,0.0
90,5460.0,5460,18.947992841516488,18.947992841516488,26.40485977511578,0.0,18.947992849960468,-8.443979382819595e-09,0.0
91,5520.0,5520,18.943114444131698,18.943114444131698,26.69602726510279,0.0,18.94311445257567,-8.443974856521302e-09,0.0
92,5580.0,5580,18.938177525542606,18.938177525542606,26.987119790383314,0.0,18.938177533986575,-8.443970277048286e-09,0.0
93,5640.0,5640,18.93318192611141,18.93318192611141,27.27813645168152,0.0,18.933181934555375,-8.443965644286822e-09,0.0
94,5700.0,5700,18.928127484574144,18.928127484574144,27.569076347268464,0.0,18.928127493018103,-8.443960958115801e-09,0.0
95,5760.0,5760,18.92301403802788,18.92301403802788,27.859938572937125,0.0,18.923014046471838,-8.443956218418811e-09,0.0
96,5820.0,5820,18.91784142192352,18.91784142192352,28.15072222197719,0.0,18.91784143036747,-8.443951425071378e-09,0.0
97,5880.0,5880,18.912609470076767,18.912609470076767,28.441426385149782,0.0,18.912609478520714,-8.443946577952252e-09,0.0
98,5940.0,5940,18.907318014668338,18.907318014668338,28.732050150662335,0.0,18.90731802311228,-8.443941676937904e-09,0.0
99,6000.0,6000,18.901966886257213,18.901966886257213,29.022592604143437,0.0,18.901966894701154,-8.443936721902375e-09,0.0
100,6060.0,6060,18.896555913774467,18.896555913774467,29.31305282861796,0.0,18.8965559222184,-8.4439317127177e-09,0.0
101,6120.0,6120,18.89108492453531,18.89108492453531,29.603429904481995,0.0,18.891084932979236,-8.44392664925362e-09,0.0
102,6180.0,6180,18.88555374422486,18.88555374422486,29.893722909478058,0.0,18.88555375266878,-8.443921531382974e-09,0.0
103,6240.0,6240,18.87996219692648,18.87996219692648,30.18393091867001,0.0,18.879962205370397,-8.443916358972013e-09,0.0
104,6300.0,6300,18.87431010513117,18.87431010513117,30.474053004418487,0.0,18.87431011357508,-8.443911131887122e-09,0.0
105,6360.0,6360,18.868597289697814,18.868597289697814,30.764088236356365,0.0,18.86859729814172,-8.443905849992802e-09,0.0
106,6420.0,6420,18.86282356990391,18.86282356990391,31.054035681363757,0.0,18.862823578347808,-8.443900513153691e-09,0.0
107,6480.0,6480,18.856988763434302,18.856988763434302,31.343894403543647,0.0,18.856988771878196,-8.44389512123026e-09,0.0
108,6540.0,6540,18.851092686371135,18.851092686371135,31.633663464197458,0.0,18.851092694815023,-8.44388967408338e-09,0.0
109,6600.0,6600,18.845135153234672,18.845135153234672,31.923341921800397,0.0,18.845135161678556,-8.443884171570567e-09,0.0
110,6660.0,6660,18.8391159769387,18.8391159769387,32.21292883197747,0.0,18.839115985382577,-8.443878613549063e-09,0.0
111,6720.0,6720,18.833034968850065,18.833034968850065,32.502423247478795,0.0,18.833034977293938,-8.443872999873559e-09,0.0
112,6780.0,6780,18.826891938745423,18.826891938745423,32.791824218155824,0.0,18.82689194718929,-8.443867330399685e-09,0.0
113,6840.0,6840,18.820686694848554,18.820686694848554,33.08113079093692,0.0,18.820686703292417,-8.443861604976754e-09,0.0
114,6900.0,6900,18.814419043815764,18.814419043815764,33.37034200980346,0.0,18.814419052259616,-8.443855823455694e-09,0.0
115,6960.0,6960,18.80808879076255,18.80808879076255,33.659456915765794,0.0,18.808088799206402,-8.443849985685412e-09,0.0
116,7020.0,7020,18.801695739244547,18.801695739244547,33.94847454683955,0.0,18.80169574768839,-8.44384409151267e-09,0.0
117,7080.0,7080,18.79523969128101,18.79523969128101,34.23739393802164,0.0,18.79523969972485,-8.443838140782343e-09,0.0
118,7140.0,7140,18.78872044735846,18.78872044735846,34.5262141212667,0.0,18.78872045580229,-8.443832133338233e-09,0.0
119,7200.0,7200,18.78213780643317,18.78213780643317,34.81493412546347,0.0,18.782137814876997,-8.443826069020783e-09,0.0
120,7260.0,7260,18.775491565915626,18.775491565915626,35.103552976411365,0.0,18.775491574359442,-8.443819947672046e-09,0.0
121,7320.0,7320,18.768781521732677,18.768781521732677,35.39206969679664,0.0,18.768781530176494,-8.44381376912776e-09,0.0
122,7380.0,7380,18.762007468275293,18.762007468275293,35.680483306169634,0.0,18.762007476719102,-8.443807533227424e-09,0.0
123,7440.0,7440,18.75516919844135,18.75516919844135,35.968792820921166,0.0,18.755169206885153,-8.44380123980301e-09,0.0
124,7500.0,7500,18.748266503618837,18.748266503618837,36.25699725425958,0.0,18.74826651206263,-8.44379488868918e-09,0.0
125,7560.0,7560,18.741299173709336,18.741299173709336,36.54509561618756,0.0,18.741299182153124,-8.44378847971589e-09,0.0
126,7620.0,7620,18.73426699713758,18.73426699713758,36.833086913479264,0.0,18.734267005581366,-8.44378201271377e-09,0.0
127,7680.0,7680,18.72716976083492,18.72716976083492,37.120970149657644,0.0,18.727169769278696,-8.443775487507936e-09,0.0
128,7740.0,7740,18.72000725026288,18.72000725026288,37.408744324971515,0.0,18.720007258706648,-8.443768903927134e-09,0.0
129,7800.0,7800,18.712779249426617,18.712779249426617,37.69640843637292,0.0,18.71277925787038,-8.443762261793794e-09,0.0
130,7860.0,7860,18.70548554087492,18.70548554087492,37.98396147749481,0.0,18.705485549318674,-8.443755560929807e-09,0.0
131,7920.0,7920,18.69812590569648,18.69812590569648,38.27140243862863,0.0,18.698125914140228,-8.44374880115639e-09,0.0
132,7980.0,7980,18.690700123540616,18.690700123540616,38.55873030670187,0.0,18.690700131984357,-8.44374198229033e-09,0.0
133,8040.0,8040,18.683207972629567,18.683207972629567,38.84594406525598,0.0,18.683207981073302,-8.443735104148808e-09,0.0
134,8100.0,8100,18.67564922975287,18.67564922975287,39.13304269442442,0.0,18.675649238196602,-8.443728166548745e-09,0.0
135,8160.0,8160,18.668023670292847,18.668023670292847,39.420025170910655,0.0,18.668023678736567,-8.443721169298321e-09,0.0
136,8220.0,8220,18.660331068203384,18.660331068203384,39.706890467966524,0.0,18.6603310766471,-8.443714112211629e-09,0.0
137,8280.0,8280,18.6525711960513,18.6525711960513,39.99363755537029,0.0,18.652571204495008,-8.443706995096985e-09,0.0
138,8340.0,8340,18.64474382499484,18.64474382499484,40.28026539940531,0.0,18.64474383343854,-8.443699817760014e-09,0.0
139,8400.0,8400,18.6368487248289,18.6368487248289,40.566772962838435,0.0,18.636848733272593,-8.443692580006881e-09,0.0
140,8460.0,8460,18.62888566395962,18.62888566395962,40.853159204899015,0.0,18.628885672403303,-8.443685281640253e-09,0.0
141,8520.0,8520,18.620854409413496,18.620854409413496,41.139423081257554,0.0,18.620854417857174,-8.443677922460918e-09,0.0
142,8580.0,8580,18.61275472689051,18.61275472689051,41.42556354400459,0.0,18.612754735334182,-8.443670502268452e-09,0.0
143,8640.0,8640,18.604586380715176,18.604586380715176,41.711579541630165,0.0,18.60458638915884,-8.443663020860148e-09,0.0
144,8700.0,8700,18.59634913388493,18.59634913388493,41.99747001900286,0.0,18.596349142328588,-8.44365547803061e-09,0.0
145,8760.0,8760,18.58804274807045,18.58804274807045,42.283233917349264,0.0,18.588042756514096,-8.443647873571481e-09,0.0
146,8820.0,8820,18.579666983610704,18.579666983610704,42.56887017423365,0.0,18.579666992054342,-8.443640207275755e-09,0.0
147,8880.0,8880,18.571221599551585,18.571221599551585,42.8543777235375,0.0,18.571221607995216,-8.443632478930507e-09,0.0
148,8940.0,8940,18.5627063536176,18.5627063536176,43.139755495439644,0.0,18.562706362061224,-8.443624688325097e-09,0.0
149,9000.0,9000,18.55412100228082,18.55412100228082,43.42500241639594,0.0,18.554121010724437,-8.443616835241628e-09,0.0
150,9060.0,9060,18.545465300683947,18.545465300683947,43.71011740912002,0.0,18.545465309127557,-8.443608919464351e-09,0.0
151,9120.0,9120,18.53673900275462,18.53673900275462,43.995099392562906,0.0,18.536739011198218,-8.443600940772817e-09,0.0
152,9180.0,9180,18.52794186113004,18.52794186113004,44.27994728189427,0.0,18.52794186957363,-8.443592898946303e-09,0.0
153,9240.0,9240,18.51907362721516,18.51907362721516,44.56465998848268,0.0,18.519073635658746,-8.44358479376046e-09,0.0
154,9300.0,9300,18.5101340511743,18.5101340511743,44.84923641987658,0.0,18.510134059617876,-8.443576624989595e-09,0.0
155,9360.0,9360,18.501122881954455,18.501122881954455,45.133675479785325,0.0,18.501122890398022,-8.44356839240613e-09,0.0
156,9420.0,9420,18.49203986729475,18.49203986729475,45.4179760680604,0.0,18.49203987573831,-8.443560095778457e-09,0.0
157,9480.0,9480,18.482884753719624,18.482884753719624,45.702137080676856,0.0,18.482884762163177,-8.4435517348751e-09,0.0
158,9540.0,9540,18.473657286593305,18.473657286593305,45.986157409714714,0.0,18.47365729503685,-8.443543309461764e-09,0.0
159,9600.0,9600,18.464357210083538,18.464357210083538,46.270035943341064,0.0,18.464357218527073,-8.443534819300387e-09,0.0
160,9660.0,9660,18.45498426720492,18.45498426720492,46.55377156579172,0.0,18.45498427564845,-8.443526264153177e-09,0.0
161,9720.0,9720,18.445538199821733,18.445538199821733,46.83736315735347,0.0,18.44553820826525,-8.443517643777906e-09,0.0
162,9780.0,9780,18.436018748661358,18.436018748661358,47.120809594346426,0.0,18.43601875710487,-8.443508957930463e-09,0.0
163,9840.0,9840,18.42642565334104,18.42642565334104,47.40410974910657,0.0,18.426425661784542,-8.443500206365797e-09,0.0
164,9900.0,9900,18.41675865235435,18.41675865235435,47.68726248996862,0.0,18.41675866079784,-8.443491388834692e-09,0.0
165,9960.0,9960,18.407017483095952,18.407017483095952,47.97026668124882,0.0,18.407017491539435,-8.443482505087659e-09,0.0
166,10020.0,10020,18.397201881898713,18.397201881898713,48.253121183228096,0.0,18.397201890342185,-8.443473554870775e-09,0.0
167,10080.0,10080,18.38731158401248,18.38731158401248,48.53582485213564,0.0,18.387311592455944,-8.443464537929043e-09,0.0
168,10140.0,10140,18.37734632364039,18.37734632364039,48.818376540132334,0.0,18.377346332083846,-8.443455454004372e-09,0.0
169,10200.0,10200,18.367305833945654,18.367305833945654,49.10077509529465,0.0,18.3673058423891,-8.443446302838404e-09,0.0
170,10260.0,10260,18.35718984707796,18.35718984707796,49.38301936159865,0.0,18.357189855521394,-8.443437084165388e-09,0.0
171,10320.0,10320,18.34699809415275,18.34699809415275,49.66510817890445,0.0,18.346998102596178,-8.443427797723333e-09,0.0
172,10380.0,10380,18.336730305329947,18.336730305329947,49.947040382940294,0.0,18.336730313773366,-8.443418443244742e-09,0.0
173,10440.0,10440,18.32638620976375,18.32638620976375,50.228814805287904,0.0,18.32638621820716,-8.44340902045741e-09,0.0
174,10500.0,10500,18.315965535661924,18.315965535661924,50.51043027336698,0.0,18.315965544105325,-8.443399529091687e-09,0.0
175,10560.0,10560,18.305468010285715,18.305468010285715,50.791885610420685,0.0,18.305468018729105,-8.44338996887053e-09,0.0
176,10620.0,10620,18.29489335996711,18.29489335996711,51.073179635501106,0.0,18.294893368410488,-8.443380339517297e-09,0.0
177,10680.0,10680,18.284241310119267,18.284241310119267,51.35431116345498,0.0,18.284241318562636,-8.443370640753469e-09,0.0
178,10740.0,10740,18.27351158527276,18.27351158527276,51.63527900490952,0.0,18.273511593716123,-8.443360872295413e-09,0.0
179,10800.0,10800,18.262703909072872,18.262703909072872,51.91608196625891,0.0,18.262703917516223,-8.443351033858692e-09,0.0
180,10860.0,10860,18.251818004323138,18.251818004323138,52.19671884965069,0.0,18.251818012766478,-8.443341125155513e-09,0.0
181,10920.0,10920,18.240853592958036,18.240853592958036,52.477188452972825,0.0,18.24085360140137,-8.443331145895656e-09,0.0
182,10980.0,10980,18.229810396104956,18.229810396104956,52.75748956984032,0.0,18.229810404548275,-8.44332109578608e-09,0.0
183,11040.0,11040,18.21868813408357,18.21868813408357,53.03762098958283,0.0,18.218688142526883,-8.443310974532272e-09,0.0
184,11100.0,11100,18.20748652643703,18.20748652643703,53.31758149723228,0.0,18.20748653488033,-8.443300781834735e-09,0.0
185,11160.0,11160,18.1962052919276,18.1962052919276,53.5973698735109,0.0,18.196205300370895,-8.443290517394516e-09,0.0
186,11220.0,11220,18.184844148576712,18.184844148576712,53.87698489481922,0.0,18.18484415701999,-8.443280180906481e-09,0.0
187,11280.0,11280,18.173402813667906,18.173402813667906,54.156425333224725,0.0,18.17340282211117,-8.443269772065757e-09,0.0
188,11340.0,11340,18.161881003789812,18.161881003789812,54.43568995645046,0.0,18.16188101223307,-8.443259290562233e-09,0.0
189,11400.0,11400,18.150278434847273,18.150278434847273,54.7147775278644,0.0,18.150278443290524,-8.443248736086474e-09,0.0
190,11460.0,11460,18.138594822056156,18.138594822056156,54.99368680646892,0.0,18.138594830499393,-8.443238108321374e-09,0.0
191,11520.0,11520,18.126829880004188,18.126829880004188,55.27241654689023,0.0,18.12682988844741,-8.443227406950641e-09,0.0
192,11580.0,11580,18.114983322656446,18.114983322656446,55.55096549936866,0.0,18.114983331099666,-8.443216631655158e-09,0.0
193,11640.0,11640,18.10305486336428,18.10305486336428,55.829332409749185,0.0,18.103054871807487,-8.443205782110563e-09,0.0
194,11700.0,11700,18.09104421489379,18.09104421489379,56.107516019471916,0.0,18.091044223336986,-8.443194857993036e-09,0.0
195,11760.0,11760,18.078951089470397,18.078951089470397,56.385515065563155,0.0,18.078951097913578,-8.4431838589723e-09,0.0
196,11820.0,11820,18.06677519876031,18.06677519876031,56.66332828062705,0.0,18.066775207203484,-8.443172784717008e-09,0.0
197,11880.0,11880,18.054516253944463,18.054516253944463,56.94095439283704,0.0,18.054516262387626,-8.443161634893794e-09,0.0
198,11940.0,11940,18.042173965688217,18.042173965688217,57.21839212592836,0.0,18.042173974131366,-8.443150409164316e-09,0.0
199,12000.0,12000,18.029748044193017,18.029748044193017,57.49564019919014,0.0,18.029748052636158,-8.443139107189696e-09,0.0
200,12060.0,12060,18.017238199234512,18.017238199234512,57.77269732745827,0.0,18.017238207677643,-8.443127728624608e-09,0.0
201,12120.0,12120,18.00464414015423,18.00464414015423,58.04956222110888,0.0,18.004644148597347,-8.443116273124658e-09,0.0
202,12180.0,12180,17.991965575908278,17.991965575908278,58.326233586051615,0.0,17.99196558435138,-8.44310474033901e-09,0.0
203,12240.0,12240,17.97920221508851,17.97920221508851,58.602710123723774,0.0,17.9792022235316,-8.443093129917359e-09,0.0
204,12300.0,12300,17.966353765928,17.966353765928,58.878990531084675,0.0,17.966353774371083,-8.443081441502814e-09,0.0
205,12360.0,12360,17.953419936359754,17.953419936359754,59.155073500610136,0.0,17.953419944802825,-8.443069674736737e-09,0.0
206,12420.0,12420,17.940400434010844,17.940400434010844,59.43095772028789,0.0,17.940400442453903,-8.443057829259552e-09,0.0
207,12480.0,12480,17.927294966269717,17.927294966269717,59.7066418736129,0.0,17.927294974712765,-8.443045904703345e-09,0.0
208,12540.0,12540,17.914103240256143,17.914103240256143,59.98212463958362,0.0,17.914103248699178,-8.44303390070343e-09,0.0
209,12600.0,12600,17.900824962906892,17.900824962906892,60.257404692697925,0.0,17.900824971349916,-8.443021816886922e-09,0.0
210,12660.0,12660,17.88745984095942,17.88745984095942,60.532480702950295,0.0,17.88745984940243,-8.443009652879992e-09,0.0
211,12720.0,12720,17.874007581009653,17.874007581009653,60.80735133582874,0.0,17.874007589452653,-8.442997408305452e-09,0.0
212,12780.0,12780,17.860467889516627,17.860467889516627,61.08201525231262,0.0,17.860467897959612,-8.442985082783427e-09,0.0
213,12840.0,12840,17.846840472860613,17.846840472860613,61.35647110887057,0.0,17.846840481303584,-8.442972675929604e-09,0.0
214,12900.0,12900,17.83312503734254,17.83312503734254,61.63071755745923,0.0,17.8331250457855,-8.442960187356983e-09,0.0
215,12960.0,12960,17.819321289234935,17.819321289234935,61.9047532455221,0.0,17.81932129767788,-8.442947616674667e-09,0.0
216,13020.0,13020,17.805428934787802,17.805428934787802,62.17857681598904,0.0,17.805428943230737,-8.442934963488933e-09,0.0
217,13080.0,13080,17.79144768031174,17.79144768031174,62.45218690727599,0.0,17.791447688754662,-8.442922227402429e-09,0.0
218,13140.0,13140,17.777377232132608,17.777377232132608,62.72558215328582,0.0,17.777377240575515,-8.442909408015118e-09,0.0
219,13200.0,13200,17.763217296695522,17.763217296695522,62.99876118340863,0.0,17.76321730513842,-8.44289650492306e-09,0.0
220,13260.0,13260,17.74896758054082,17.74896758054082,63.27172262252356,0.0,17.748967588983703,-8.442883517720168e-09,0.0
221,13320.0,13320,17.73462779037201,17.73462779037201,63.54446509100024,0.0,17.73462779881488,-8.442870445995246e-09,0.0
222,13380.0,13380,17.72019763310697,17.72019763310697,63.816987204701334,0.0,17.72019764154983,-8.442857289332794e-09,0.0
223,13440.0,13440,17.705676815823626,17.705676815823626,64.08928757498578,0.0,17.705676824266472,-8.44284404731557e-09,0.0
224,13500.0,13500,17.69106504591062,17.69106504591062,64.3613648087113,0.0,17.69106505435345,-8.442830719524442e-09,0.0
225,13560.0,13560,17.676362030995957,17.676362030995957,64.63321750823916,0.0,17.67636203943877,-8.442817305533163e-09,0.0
226,13620.0,13620,17.661567479068097,17.661567479068097,64.90484427143782,0.0,17.6615674875109,-8.442803804913597e-09,0.0
227,13680.0,13680,17.64668109845237,17.64668109845237,65.17624369168855,0.0,17.64668110689516,-8.442790217233847e-09,0.0
228,13740.0,13740,17.631702597868994,17.631702597868994,65.44741435789047,0.0,17.631702606311773,-8.442776542059732e-09,0.0
229,13800.0,13800,17.616631686482858,17.616631686482858,65.71835485446677,0.0,17.61663169492562,-8.442762778951958e-09,0.0
230,13860.0,13860,17.601468073905682,17.601468073905682,65.98906376137141,0.0,17.60146808234843,-8.442748927468146e-09,0.0
231,13920.0,13920,17.58621147025795,17.58621147025795,66.25953965409613,0.0,17.586211478700687,-8.442734987161075e-09,0.0
232,13980.0,13980,17.570861586211528,17.570861586211528,66.52978110367813,0.0,17.57086159465425,-8.442720957581234e-09,0.0
233,14040.0,14040,17.555418133016165,17.555418133016165,66.79978667670862,0.0,17.555418141458873,-8.442706838276028e-09,0.0
234,14100.0,14100,17.539880822530137,17.539880822530137,67.06955493534169,0.0,17.53988083097283,-8.442692628786676e-09,0.0
235,14160.0,14160,17.52424936726788,17.52424936726788,67.3390844373036,0.0,17.524249375710557,-8.44267832865426e-09,0.0
236,14220.0,14220,17.508523480469577,17.508523480469577,67.60837373590299,0.0,17.508523488912243,-8.442663937411933e-09,0.0
237,14280.0,14280,17.49270287607722,17.49270287607722,67.87742138004191,0.0,17.492702884519872,-8.442649454592849e-09,0.0
238,14340.0,14340,17.476787268844483,17.476787268844483,68.14622591422666,0.0,17.476787277287116,-8.442634879722768e-09,0.0
239,14400.0,14400,17.460776374314595,17.460776374314595,68.41478587858028,0.0,17.460776382757214,-8.442620212326372e-09,0.0
240,14460.0,14460,17.444669908909688,17.444669908909688,68.68309980885462,0.0,17.444669917352293,-8.44260545192445e-09,0.0
241,14520.0,14520,17.428467589959453,17.428467589959453,68.9511662364439,0.0,17.42846759840204,-8.442590598031873e-09,0.0
242,14580.0,14580,17.41216913573569,17.41216913573569,69.21898368839865,0.0,17.412169144178264,-8.442575650161225e-09,0.0
243,14640.0,14640,17.39577426550851,17.39577426550851,69.48655068744016,0.0,17.39577427395107,-8.442560607820123e-09,0.0
244,14700.0,14700,17.37928269956544,17.37928269956544,69.75386575197584,0.0,17.379282708007985,-8.442545470514428e-09,0.0
245,14760.0,14760,17.36269415929207,17.36269415929207,70.02092739611486,0.0,17.3626941677346,-8.442530237742346e-09,0.0
246,14820.0,14820,17.346008367196678,17.346008367196678,70.28773412968502,0.0,17.346008375639194,-8.442514909002214e-09,0.0
247,14880.0,14880,17.32922504695332,17.32922504695332,70.55428445824998,0.0,17.329225055395817,-8.442499483784976e-09,0.0
248,14940.0,14940,17.31234392345255,17.31234392345255,70.8205768831272,0.0,17.312343931895033,-8.44248396157956e-09,0.0
249,15000.0,15000,17.295364722848333,17.295364722848333,71.08660990140663,0.0,17.295364731290803,-8.442468341869923e-09,0.0
250,15060.0,15060,17.27828717261406,17.27828717261406,71.3523820059701,0.0,17.278287181056513,-8.442452624136522e-09,0.0
251,15120.0,15120,17.261111001576193,17.261111001576193,71.61789168551164,0.0,17.26111101001863,-8.442436807855383e-09,0.0
252,15180.0,15180,17.243835939976975,17.243835939976975,71.88313742455823,0.0,17.243835948419395,-8.442420892497822e-09,0.0
253,15240.0,15240,17.226461719497266,17.226461719497266,72.14811770349158,0.0,17.22646172793967,-8.442404877532875e-09,0.0
254,15300.0,15300,17.208988073337984,17.208988073337984,72.41283099857023,0.0,17.208988081780372,-8.442388762423794e-09,0.0
255,15360.0,15360,17.191414736267447,17.191414736267447,72.6772757819529,0.0,17.19141474470982,-8.442372546629263e-09,0.0
256,15420.0,15420,17.173741444642648,17.173741444642648,72.94145052172257,0.0,17.173741453085007,-8.44235622960568e-09,0.0
257,15480.0,15480,17.155967936479573,17.155967936479573,73.20535368191096,0.0,17.155967944921912,-8.442339810803799e-09,0.0
258,15540.0,15540,17.138093951540046,17.138093951540046,73.4689837225239,0.0,17.13809395998237,-8.442323289670874e-09,0.0
259,15600.0,15600,17.12011923128994,17.12011923128994,73.73233909956826,0.0,17.120119239732244,-8.44230666564852e-09,0.0
260,15660.0,15660,17.10204351906835,17.10204351906835,73.99541826507813,0.0,17.102043527510638,-8.442289938175927e-09,0.0
261,15720.0,15720,17.083866560061498,17.083866560061498,74.2582196671435,0.0,17.083866568503772,-8.442273106687853e-09,0.0
262,15780.0,15780,17.0655881013865,17.0655881013865,74.52074174993882,0.0,17.065588109828752,-8.442256170611794e-09,0.0
263,15840.0,15840,17.047207892126444,17.047207892126444,74.78298295375251,0.0,17.047207900568683,-8.44223912937471e-09,0.0
264,15900.0,15900,17.028725683422472,17.028725683422472,75.04494171501722,0.0,17.028725691864697,-8.442221982398452e-09,0.0
265,15960.0,15960,17.010141228500547,17.010141228500547,75.30661646634152,0.0,17.01014123694275,-8.442204729099361e-09,0.0
266,16020.0,16020,16.991454282731187,16.991454282731187,75.56800563654186,0.0,16.991454291173376,-8.442187368888537e-09,0.0
267,16080.0,16080,16.972664603687047,16.972664603687047,75.82910765067552,0.0,16.972664612129215,-8.442169901176133e-09,0.0
268,16140.0,16140,16.953771951230443,16.953771951230443,76.08992093007454,0.0,16.953771959672597,-8.442152325363706e-09,0.0
269,16200.0,16200,16.93477608752311,16.93477608752311,76.35044389238082,0.0,16.934776095965244,-8.442134640850659e-09,0.0
270,16260.0,16260,16.915676777110008,16.915676777110008,76.61067495158149,0.0,16.915676785552122,-8.442116847032899e-09,0.0
271,16320.0,16320,16.896473787002613,16.896473787002613,76.87061251804545,0.0,16.89647379544471,-8.442098943299881e-09,0.0
272,16380.0,16380,16.877166886693626,16.877166886693626,77.13025499856143,0.0,16.877166895135705,-8.44208092903757e-09,0.0
273,16440.0,16440,16.857755848243254,16.857755848243254,77.38960079637599,0.0,16.85775585668532,-8.442062803628564e-09,0.0
274,16500.0,16500,16.838240446341917,16.838240446341917,77.64864831123302,0.0,16.83824045478396,-8.442044566447934e-09,0.0
275,16560.0,16560,16.81862045837676,16.81862045837676,77.90739593941419,0.0,16.818620466818786,-8.442026216868875e-09,0.0
276,16620.0,16620,16.798895664467935,16.798895664467935,78.16584207378027,0.0,16.798895672909943,-8.44200775425839e-09,0.0
277,16680.0,16680,16.77906584757047,16.77906584757047,78.4239851038133,0.0,16.77906585601246,-8.441989177981744e-09,0.0
278,16740.0,16740,16.759130793506475,16.759130793506475,78.68182341566,0.0,16.759130801948448,-8.441970487395726e-09,0.0
279,16800.0,16800,16.73909029105346,16.73909029105346,78.93935539217591,0.0,16.739090299495416,-8.441951681855783e-09,0.0
280,16860.0,16860,16.71894413197695,16.71894413197695,79.19657941297082,0.0,16.718944140418884,-8.441932760711046e-09,0.0
281,16920.0,16920,16.69869211113764,16.69869211113764,79.45349385445456,0.0,16.69869211957955,-8.441913723307282e-09,0.0
282,16980.0,16980,16.678334026536607,16.678334026536607,79.71009708988475,0.0,16.6783340349785,-8.441894568983807e-09,0.0
283,17040.0,17040,16.65786967938154,16.65786967938154,79.9663874894149,0.0,16.657869687823414,-8.441875297078597e-09,0.0
284,17100.0,17100,16.637298874147874,16.637298874147874,80.22236342014378,0.0,16.63729888258973,-8.441855906919676e-09,0.0
285,17160.0,17160,16.616621418682758,16.616621418682758,80.47802324616555,0.0,16.616621427124596,-8.441836397838428e-09,0.0
286,17220.0,17220,16.59583712421716,16.59583712421716,80.73336532862167,0.0,16.595837132658975,-8.441816769154678e-09,0.0
287,17280.0,17280,16.574945805490096,16.574945805490096,80.98838802575284,0.0,16.57494581393189,-8.441797020185029e-09,0.0
288,17340.0,17340,16.55394728078205,16.55394728078205,81.24308969295292,0.0,16.553947289223828,-8.441777150244061e-09,0.0
289,17400.0,17400,16.53284137199649,16.53284137199649,81.49746868282331,0.0,16.532841380438246,-8.441757158639369e-09,0.0
290,17460.0,17460,16.51162790475069,16.51162790475069,81.7515233452287,0.0,16.511627913192427,-8.44173704467532e-09,0.0
291,17520.0,17520,16.490306708421244,16.490306708421244,82.00525202735409,0.0,16.49030671686296,-8.441716807651169e-09,0.0
292,17580.0,17580,16.46887761621313,16.46887761621313,82.25865307376252,0.0,16.468877624654827,-8.44169644686067e-09,0.0
293,17640.0,17640,16.447340465272116,16.447340465272116,82.51172482645404,0.0,16.44734047371379,-8.44167596159528e-09,0.0
294,17700.0,17700,16.42569509670178,16.42569509670178,82.76446562492609,0.0,16.425695105143436,-8.441655351139071e-09,0.0
295,17760.0,17760,16.403941355702276,16.403941355702276,83.01687380623444,0.0,16.40394136414391,-8.441634614773694e-09,0.0
296,17820.0,17820,16.382079091571605,16.382079091571605,83.2689477050561,0.0,16.38207910001322,-8.441613751775552e-09,0.0
297,17880.0,17880,16.36010815785047,16.36010815785047,83.5206856537523,0.0,16.36010816629206,-8.441592761415277e-09,0.0
298,17940.0,17940,16.33802841236317,16.33802841236317,83.77208598243364,0.0,16.33802842080474,-8.4415716429604e-09,0.0
299,18000.0,18000,16.31583971728524,16.31583971728524,84.02314701902598,0.0,16.31583972572679,-8.44155039567389e-09,0.0
300,18060.0,18060,16.293541939240423,16.293541939240423,84.27386708933732,0.0,16.293541947681952,-8.441529018813198e-09,0.0
301,18120.0,18120,16.271134949377267,16.271134949377267,84.52424451712601,0.0,16.271134957818774,-8.441507511631477e-09,0.0
302,18180.0,18180,16.248618623428186,16.248618623428186,84.7742776241705,0.0,16.248618631869675,-8.44148587337758e-09,0.0
303,18240.0,18240,16.22599284180818,16.22599284180818,85.02396473033954,0.0,16.225992850249643,-8.44146410329753e-09,0.0
304,18300.0,18300,16.203257489690575,16.203257489690575,85.27330415366438,0.0,16.203257498132015,-8.44144220062768e-09,0.0
305,18360.0,18360,16.180412457081392,16.180412457081392,85.52229421041166,0.0,16.18041246552281,-8.441420164607204e-09,0.0
306,18420.0,18420,16.157457638875943,16.157457638875943,85.77093321515784,0.0,16.15745764731734,-8.441397994464248e-09,0.0
307,18480.0,18480,16.134392934995745,16.134392934995745,86.01921948086428,0.0,16.13439294343712,-8.441375689426426e-09,0.0
308,18540.0,18540,16.111218250414264,16.111218250414264,86.2671513189544,0.0,16.11121825885562,-8.44135324871463e-09,0.0
309,18600.0,18600,16.087933495272946,16.087933495272946,86.51472703939146,0.0,16.08793350371428,-8.441330671547598e-09,0.0
310,18660.0,18660,16.064538584945456,16.064538584945456,86.76194495075787,0.0,16.064538593386764,-8.44130795713762e-09,0.0
311,18720.0,18720,16.041033440106638,16.041033440106638,87.00880336033558,0.0,16.041033448547925,-8.441285104693892e-09,0.0
312,18780.0,18780,16.017417986869223,16.017417986869223,87.25530057418759,0.0,16.01741799531049,-8.441262113420231e-09,0.0
313,18840.0,18840,15.993692156793072,15.993692156793072,87.50143489724151,0.0,15.993692165234313,-8.441238982517234e-09,0.0
314,18900.0,18900,15.96985588703168,15.96985588703168,87.74720463337326,0.0,15.969855895472895,-8.441215711180787e-09,0.0
315,18960.0,18960,15.945909120357467,15.945909120357467,87.99260808549302,0.0,15.94590912879866,-8.441192298603017e-09,0.0
316,19020.0,19020,15.921851805309132,15.921851805309132,88.23764355563154,0.0,15.9218518137503,-8.441168743969595e-09,0.0
317,19080.0,19080,15.89768389621496,15.89768389621496,88.48230934502882,0.0,15.897683904656107,-8.441145046465252e-09,0.0
318,19140.0,19140,15.87340535334074,15.87340535334074,88.72660375422305,0.0,15.873405361781861,-8.441121205267193e-09,0.0
319,19200.0,19200,15.849016142898773,15.849016142898773,88.97052508314175,0.0,15.84901615133987,-8.441097219552353e-09,0.0
320,19260.0,19260,15.824516237198502,15.824516237198502,89.21407163119335,0.0,15.824516245639577,-8.441073088490139e-09,0.0
321,19320.0,19320,15.799905614690328,15.799905614690328,89.45724169736066,0.0,15.799905623131377,-8.441048811248212e-09,0.0
322,19380.0,19380,15.775184260079822,15.775184260079822,89.70003358029544,0.0,15.775184268520846,-8.441024386988585e-09,0.0
323,19440.0,19440,15.750352164392694,15.750352164392694,89.94244557841436,0.0,15.750352172833693,-8.440999814871795e-09,0.0
324,19500.0,19500,15.725409325080875,15.725409325080875,90.18447598999626,0.0,15.725409333521851,-8.440975094050176e-09,0.0
325,19560.0,19560,15.700355746069249,15.700355746069249,90.42612311328071,0.0,15.700355754510198,-8.440950223676604e-09,0.0
326,19620.0,19620,15.675191437886477,15.675191437886477,90.66738524656768,0.0,15.675191446327402,-8.440925202898975e-09,0.0
327,19680.0,19680,15.649916417731632,15.649916417731632,90.90826068831889,0.0,15.64991642617253,-8.44090003085955e-09,0.0
328,19740.0,19740,15.624530709562883,15.624530709562883,91.14874773726042,0.0,15.624530718003756,-8.440874706699232e-09,0.0
329,19800.0,19800,15.599034344170144,15.599034344170144,91.38884469248639,0.0,15.599034352610992,-8.440849229553827e-09,0.0
330,19860.0,19860,15.573427359285061,15.573427359285061,91.62854985356417,0.0,15.573427367725884,-8.440823598556179e-09,0.0
331,19920.0,19920,15.547709799651086,15.547709799651086,91.8678615206409,0.0,15.547709808091883,-8.440797812836041e-09,0.0
332,19980.0,19980,15.521881717118253,15.521881717118253,92.10677799455127,0.0,15.521881725559025,-8.440771871519132e-09,0.0
333,20040.0,20040,15.49594317071385,15.49594317071385,92.34529757692668,0.0,15.495943179154596,-8.440745773727949e-09,0.0
334,20100.0,20100,15.469894226767877,15.469894226767877,92.58341857030567,0.0,15.469894235208596,-8.440719518583101e-09,0.0
335,20160.0,20160,15.443734958943388,15.443734958943388,92.82113927824605,0.0,15.443734967384081,-8.440693105198483e-09,0.0
336,20220.0,20220,15.417465448364828,15.417465448364828,93.05845800543752,0.0,15.417465456805493,-8.440666532688924e-09,0.0
337,20280.0,20280,15.391085783683778,15.391085783683778,93.29537305781643,0.0,15.391085792124418,-8.44063980016294e-09,0.0
338,20340.0,20340,15.364596061188065,15.364596061188065,93.5318827426814,0.0,15.364596069628679,-8.440612906728239e-09,0.0
339,20400.0,20400,15.33799638484624,15.33799638484624,93.76798536881071,0.0,15.337996393286828,-8.440585851489303e-09,0.0
340,20460.0,20460,15.311286866443256,15.311286866443256,94.00367924658022,0.0,15.311286874883812,-8.440558633547116e-09,0.0
341,20520.0,20520,15.284467625613534,15.284467625613534,94.23896268808359,0.0,15.284467634054065,-8.440531252000652e-09,0.0
342,20580.0,20580,15.257538789967546,15.257538789967546,94.4738340072529,0.0,15.25753879840805,-8.440503705945384e-09,0.0
343,20640.0,20640,15.230500495171272,15.230500495171272,94.7082915199811,0.0,15.230500503611747,-8.440475994474906e-09,0.0
344,20700.0,20700,15.20335288500153,15.20335288500153,94.94233354424595,0.0,15.203352893441979,-8.4404481166812e-09,0.0
345,20760.0,20760,15.176096111442565,15.176096111442565,95.17595840023452,0.0,15.176096119882986,-8.440420071652212e-09,0.0
346,20820.0,20820,15.148730334790674,15.148730334790674,95.4091644104694,0.0,15.148730343231067,-8.440391858475086e-09,0.0
347,20880.0,20880,15.121255723720491,15.121255723720491,95.64194989993639,0.0,15.121255732160853,-8.44036347623427e-09,0.0
348,20940.0,20940,15.093672455364374,15.093672455364374,95.87431319621327,0.0,15.093672463804706,-8.440334924012475e-09,0.0
349,21000.0,21000,15.06598071538422,15.06598071538422,96.10625262959974,0.0,15.065980723824525,-8.440306200890117e-09,0.0
350,21060.0,21060,15.038180698087407,15.038180698087407,96.33776653324853,0.0,15.038180706527681,-8.44027730594614e-09,0.0
351,21120.0,21120,15.010272606473505,15.010272606473505,96.56885324329815,0.0,15.010272614913754,-8.44024823825841e-09,0.0
352,21180.0,21180,14.982256652334788,14.982256652334788,96.79951109900668,0.0,14.982256660775008,-8.440218996903312e-09,0.0
353,21240.0,21240,14.954133056302844,14.954133056302844,97.02973844288658,0.0,14.954133064743033,-8.440189580953878e-09,0.0
354,21300.0,21300,14.925902047989455,14.925902047989455,97.25953362084083,0.0,14.925902056429615,-8.440159989484339e-09,0.0
355,21360.0,21360,14.897563865992115,14.897563865992115,97.48889498230064,0.0,14.897563874432247,-8.440130221565575e-09,0.0
356,21420.0,21420,14.869118758027996,14.869118758027996,97.71782088036376,0.0,14.8691187664681,-8.440100276271016e-09,0.0
357,21480.0,21480,14.84056698097235,14.84056698097235,97.94630967193449,0.0,14.84056698941242,-8.44007015266952e-09,0.0
358,21540.0,21540,14.811908800951441,14.811908800951441,98.17435971786449,0.0,14.81190880939148,-8.440039849831025e-09,0.0
359,21600.0,21600,14.783144493412792,14.783144493412792,98.40196938309481,0.0,14.783144501852801,-8.440009366824659e-09,0.0
360,21660.0,21660,14.754274343204356,14.754274343204356,98.6291370367993,0.0,14.754274351644336,-8.439978702718606e-09,0.0
361,21720.0,21720,14.725298644623969,14.725298644623969,98.85586105252892,0.0,14.725298653063918,-8.439947856582808e-09,0.0
362,21780.0,21780,14.696217701532865,14.696217701532865,99.08213980835701,0.0,14.696217709972782,-8.439916827485044e-09,0.0
363,21840.0,21840,14.667031827373865,14.667031827373865,99.30797168702625,0.0,14.66703183581375,-8.43988561449243e-09,0.0
364,21900.0,21900,14.637741345276567,14.637741345276567,99.53335507609596,0.0,14.637741353716422,-8.439854216675706e-09,0.0
365,21960.0,21960,14.60834658812724,14.60834658812724,99.75828836809075,0.0,14.608346596567063,-8.439822633103599e-09,0.0
366,22020.0,22020,14.578847898590785,14.578847898590785,99.98276996065069,0.0,14.578847907030575,-8.439790862845235e-09,0.0
367,22080.0,22080,14.549245629232715,14.549245629232715,100.20679825668141,0.0,14.549245637672474,-8.439758904971628e-09,0.0
368,22140.0,22140,14.519540142543057,14.519540142543057,100.43037166450632,0.0,14.519540150982785,-8.439726758554458e-09,0.0
369,22200.0,22200,14.489731811006857,14.489731811006857,100.65348859801912,0.0,14.48973181944655,-8.439694422665947e-09,0.0
370,22260.0,22260,14.45982101718909,14.45982101718909,100.87614747683732,0.0,14.459821025628752,-8.439661896378988e-09,0.0
371,22320.0,22320,14.429808153767175,14.429808153767175,101.09834672645717,0.0,14.429808162206802,-8.439629178771446e-09,0.0
372,22380.0,22380,14.399693623567186,14.399693623567186,101.3200847784091,0.0,14.39969363200678,-8.43959626891796e-09,0.0
373,22440.0,22440,14.369477839679538,14.36947783967954,101.54136007041363,0.0,14.369477848119104,-8.439563165899358e-09,0.0
374,22500.0,22500,14.339161225478257,14.339161225478257,101.76217104653908,0.0,14.339161233917787,-8.43952986879525e-09,0.0
375,22560.0,22560,14.308744214655844,14.308744214655844,101.98251615735964,0.0,14.308744223095339,-8.439496376689956e-09,0.0
376,22620.0,22620,14.278227251311755,14.278227251311755,102.20239386011389,0.0,14.278227259751219,-8.43946268866833e-09,0.0
377,22680.0,22680,14.247610789974347,14.247610789974347,102.42180261886477,0.0,14.247610798413774,-8.439428803819935e-09,0.0
378,22740.0,22740,14.216895295662333,14.216895295662333,102.64074090465975,0.0,14.216895304101728,-8.439394721234868e-09,0.0
379,22800.0,22800,14.186081243919025,14.186081243919025,102.85920719569212,0.0,14.186081252358385,-8.43936044000995e-09,0.0
380,22860.0,22860,14.155169120866864,14.155169120866864,103.07719997746273,0.0,14.15516912930619,-8.439325959239984e-09,0.0
381,22920.0,22920,14.124159423233605,14.124159423233605,103.29471774294242,0.0,14.124159431672895,-8.439291278029453e-09,0.0
382,22980.0,22980,14.093052658411002,14.093052658411002,103.51175899273517,0.0,14.093052666850259,-8.439256395480281e-09,0.0
383,23040.0,23040,14.061849344461399,14.061849344461399,103.72832223524179,0.0,14.061849352900621,-8.439221310704481e-09,0.0
384,23100.0,23100,14.030550010197448,14.030550010197448,103.94440598682405,0.0,14.030550018636635,-8.439186022815137e-09,0.0
385,23160.0,23160,13.999155195153168,13.999155195153168,104.16000877196979,0.0,13.999155203592318,-8.439150530929231e-09,0.0
386,23220.0,23220,13.967665449685908,13.967665449685908,104.37512912345768,0.0,13.967665458125024,-8.439114834170334e-09,0.0
387,23280.0,23280,13.93608133494497,13.93608133494497,104.58976558252355,0.0,13.936081343384046,-8.439078931664703e-09,0.0
388,23340.0,23340,13.90440342290777,13.90440342290777,104.80391669902627,0.0,13.904403431346811,-8.439042822547331e-09,0.0
389,23400.0,23400,13.872632296447245,13.872632296447245,105.01758103161399,0.0,13.872632304886253,-8.439006505954025e-09,0.0
390,23460.0,23460,13.840768549285755,13.840768549285755,105.2307571478918,0.0,13.840768557724724,-8.4389699810308e-09,0.0
391,23520.0,23520,13.80881278605255,13.80881278605255,105.44344362458818,0.0,13.808812794491482,-8.438933246925826e-09,0.0
392,23580.0,23580,13.776765622304524,13.776765622304524,105.6556390477229,0.0,13.77676563074342,-8.43889630279816e-09,0.0
393,23640.0,23640,13.7446276845133,13.7446276845133,105.8673420127747,0.0,13.744627692952161,-8.438859147806723e-09,0.0
394,23700.0,23700,13.712399610092588,13.712399610092588,106.0785511248491,0.0,13.71239961853141,-8.438821781123478e-09,0.0
395,23760.0,23760,13.680082047394292,13.680082047394292,106.28926499884655,0.0,13.680082055833074,-8.438784201923748e-09,0.0
396,23820.0,23820,13.647675655717244,13.647675655717244,106.49948225963057,0.0,13.647675664155992,-8.43874640939065e-09,0.0
397,23880.0,23880,13.615181105325233,13.615181105325233,106.70920154219579,0.0,13.615181113763942,-8.438708402715904e-09,0.0
398,23940.0,23940,13.582599077406647,13.582599077406647,106.91842149183667,0.0,13.582599085845317,-8.438670181097551e-09,0.0
399,24000.0,24000,13.549930264106305,13.549930264106305,107.1271407643152,0.0,13.549930272544938,-8.438631743743176e-09,0.0
400,24060.0,24060,13.517175368491378,13.517175368491378,107.33535802602934,0.0,13.51717537692997,-8.438593089868693e-09,0.0
401,24120.0,24120,13.484335104578642,13.484335104578642,107.54307195418087,0.0,13.484335113017199,-8.438554218694727e-09,0.0
402,24180.0,24180,13.451410197274516,13.451410197274516,107.75028123694361,0.0,13.45141020571303,-8.438515129457357e-09,0.0
403,24240.0,24240,13.418401382377368,13.418401382377368,107.95698457363078,0.0,13.418401390815845,-8.438475821394681e-09,0.0
404,24300.0,24300,13.385309406578719,13.385309406578719,108.16318067486236,0.0,13.385309415017154,-8.438436293761329e-09,0.0
405,24360.0,24360,13.352135027401488,13.352135027401488,108.3688682627325,0.0,13.352135035839886,-8.438396545815966e-09,0.0
406,24420.0,24420,13.318879013197698,13.318879013197698,108.57404607097592,0.0,13.318879021636054,-8.438356576829755e-09,0.0
407,24480.0,24480,13.285542143126364,13.285542143126364,108.77871284513445,0.0,13.285542151564679,-8.438316386082735e-09,0.0
408,24540.0,24540,13.252125207095986,13.252125207095986,108.98286734272287,0.0,13.252125215534262,-8.438275972867575e-09,0.0
409,24600.0,24600,13.218629005743965,13.218629005743965,109.18650833339429,0.0,13.218629014182198,-8.438235336485688e-09,0.0
410,24660.0,24660,13.185054350398557,13.185054350398557,109.38963459910492,0.0,13.185054358836751,-8.438194476251656e-09,0.0
411,24720.0,24720,13.151402063010801,13.151402063010801,109.59224493427844,0.0,13.151402071448954,-8.438153391488394e-09,0.0
412,24780.0,24780,13.117672976153823,13.117672976153823,109.79433814596908,0.0,13.117672984591934,-8.438112081531727e-09,0.0
413,24840.0,24840,13.08386793292062,13.08386793292062,109.99591305402504,0.0,13.083867941358692,-8.438070545730649e-09,0.0
414,24900.0,24900,13.049987786911005,13.049987786911005,110.19696849124995,0.0,13.049987795349034,-8.438028783446252e-09,0.0
415,24960.0,24960,13.016033402156477,13.016033402156477,110.39750330356453,0.0,13.016033410594464,-8.437986794049309e-09,0.0
416,25020.0,25020,12.982005653066185,12.982005653066185,110.59751635016671,0.0,12.982005661504129,-8.437944576926586e-09,0.0
417,25080.0,25080,12.94790542433802,12.94790542433802,110.79700650369121,0.0,12.947905432775922,-8.437902131475739e-09,0.0
418,25140.0,25140,12.91373361092968,12.91373361092968,110.99597265036759,0.0,12.913733619367541,-8.43785945710894e-09,0.0
419,25200.0,25200,12.879491117963935,12.879491117963935,111.19441369017792,0.0,12.879491126401753,-8.437816553251271e-09,0.0
420,25260.0,25260,12.845178860637562,12.845178860637562,111.39232853701301,0.0,12.845178869075335,-8.437773419340578e-09,0.0
421,25320.0,25320,12.810797764185539,12.810797764185539,111.58971611882718,0.0,12.81079777262327,-8.437730054832316e-09,0.0
422,25380.0,25380,12.77634876377424,12.77634876377424,111.78657537779254,0.0,12.776348772211927,-8.437686459190413e-09,0.0
423,25440.0,25440,12.741832804375541,12.741832804375541,111.98290527045158,0.0,12.741832812813186,-8.437642631899225e-09,0.0
424,25500.0,25500,12.707250840760432,12.707250840760432,112.17870476786787,0.0,12.707250849198031,-8.437598572454538e-09,0.0
425,25560.0,25560,12.672603837336254,12.672603837336254,112.3739728557766,0.0,12.672603845773809,-8.437554280369609e-09,0.0
426,25620.0,25620,12.637892768070664,12.637892768070664,112.56870853473272,0.0,12.637892776508174,-8.437509755169526e-09,0.0
427,25680.0,25680,12.603118616387293,12.603118616387293,112.76291082025779,0.0,12.60311862482476,-8.437464996396986e-09,0.0
428,25740.0,25740,12.568282375079532,12.568282375079532,112.95657874298531,0.0,12.568282383516951,-8.437420003612428e-09,0.0
429,25800.0,25800,12.533385046171173,12.533385046171173,113.14971134880474,0.0,12.533385054608548,-8.437374776388394e-09,0.0
430,25860.0,25860,12.498427640821136,12.498427640821136,113.34230769900329,0.0,12.498427649258467,-8.437329314318121e-09,0.0
431,25920.0,25920,12.463411179201273,12.463411179201273,113.53436687040627,0.0,12.463411187638556,-8.437283617007752e-09,0.0
432,25980.0,25980,12.428336690365013,12.428336690365013,113.72588795551572,0.0,12.42833669880225,-8.437237684080506e-09,0.0
433,26040.0,26040,12.393205212159701,12.393205212159701,113.91687006264671,0.0,12.393205220596892,-8.43719151517882e-09,0.0
434,26100.0,26100,12.35801779105604,12.35801779105604,114.1073123160626,0.0,12.358017799493187,-8.437145109960588e-09,0.0
435,26160.0,26160,12.32277548203383,12.32277548203383,114.29721385610756,0.0,12.322775490470928,-8.437098468100645e-09,0.0
436,26220.0,26220,12.287479348443036,12.287479348443036,114.4865738393372,0.0,12.287479356880086,-8.43705158929493e-09,0.0
437,26280.0,26280,12.252130461881485,12.252130461881485,114.67539143864731,0.0,12.25213047031849,-8.437004473250939e-09,0.0
438,26340.0,26340,12.216729902015748,12.216729902015748,114.86366584340061,0.0,12.216729910452704,-8.436957119700368e-09,0.0
439,26400.0,26400,12.181278756474837,12.181278756474837,115.05139625955063,0.0,12.181278764911745,-8.436909528389695e-09,0.0
440,26460.0,26460,12.145778120672238,12.145778120672238,115.23858190976416,0.0,12.145778129109098,-8.436861699083415e-09,0.0
441,26520.0,26520,12.110229097661284,12.110229097661284,115.4252220335409,0.0,12.110229106098096,-8.436813631566185e-09,0.0
442,26580.0,26580,12.074632797966018,12.074632797966018,115.61131588733068,0.0,12.074632806402782,-8.436765325640133e-09,0.0
443,26640.0,26640,12.038990339446695,12.038990339446695,115.79686274464846,0.0,12.038990347883411,-8.43671678112863e-09,0.0
444,26700.0,26700,12.003302847105727,12.003302847105727,115.981861896187,0.0,12.003302855542394,-8.436667997868355e-09,0.0
445,26760.0,26760,11.96757145293913,11.96757145293913,116.16631264992658,0.0,11.96757146137575,-8.436618975721525e-09,0.0
446,26820.0,26820,11.931797295749872,11.931797295749872,116.35021433124246,0.0,11.931797304186441,-8.436569714565142e-09,0.0
447,26880.0,26880,11.895981520982785,11.895981520982785,116.53356628300953,0.0,11.895981529419306,-8.436520214297048e-09,0.0
448,26940.0,26940,11.860125280557103,11.860125280557103,116.71636786570436,0.0,11.860125288993574,-8.436470474835379e-09,0.0
449,27000.0,27000,11.824229732635647,11.824229732635647,116.89861845750463,0.0,11.824229741072067,-8.436420496116149e-09,0.0
450,27060.0,27060,11.788296041516956,11.788296041516956,117.08031745438517,0.0,11.788296049953328,-8.436370278095808e-09,0.0
451,27120.0,27120,11.752325377377252,11.752325377377252,117.2614642702122,0.0,11.752325385813572,-8.43631982074962e-09,0.0
452,27180.0,27180,11.716318916108023,11.716318916108023,117.44205833683361,0.0,11.716318924544293,-8.436269124073687e-09,0.0
453,27240.0,27240,11.68027783913247,11.68027783913247,117.62209910416685,0.0,11.68027784756869,-8.436218188083739e-09,0.0
454,27300.0,27300,11.644203333170475,11.644203333170475,117.8015860402839,0.0,11.644203341606643,-8.436167012814185e-09,0.0
455,27360.0,27360,11.608096590089145,11.608096590089145,117.98051863149266,0.0,11.608096598525261,-8.436115598320003e-09,0.0
456,27420.0,27420,11.571958806655283,11.571958806655283,118.15889638241609,0.0,11.57195881509135,-8.436063944676338e-09,0.0
457,27480.0,27480,11.535791184343157,11.535791184343157,118.33671881606739,0.0,11.535791192779168,-8.436012051979031e-09,0.0
458,27540.0,27540,11.49959492912999,11.49959492912999,118.51398547392253,0.0,11.499594937565952,-8.435959920341131e-09,0.0
459,27600.0,27600,149.99999844066687,-150.00000155933313,118.69069591598922,300.0,8.43610474962294e-09,-150.0000015677692,0.0
460,27660.0,27660,149.99999844066693,-150.00000155933307,116.19069588998939,300.0,8.436102414206329e-09,-150.00000156776917,0.0
461,27720.0,27720,149.99999844066693,-150.00000155933304,113.69069586398953,300.0,8.43610014915471e-09,-150.00000156776917,0.0
462,27780.0,27780,149.99999844066696,-150.00000155933304,111.19069583798971,300.0,8.436097954471713e-09,-150.00000156776912,0.0
463,27840.0,27840,149.99999844066699,-150.00000155933301,108.69069581198987,300.0,8.436095830163653e-09,-150.00000156776912,0.0
464,27900.0,27900,149.999998440667,-150.00000155933296,106.19069578599003,300.0,8.436093776233222e-09,-150.00000156776906,0.0
465,27960.0,27960,149.99999844066707,-150.00000155933296,103.69069575999018,300.0,8.436091792688216e-09,-150.00000156776906,0.0
466,28020.0,28020,149.99999844066707,-150.00000155933293,101.19069573399037,300.0,8.4360898795328e-09,-150.000001567769,0.0
467,28080.0,28080,112.12414752215221,2.1241475221520663,98.69069570799053,110.00000000000014,2.1241475678788415,-4.572677563488894e-08,0.0
468,28140.0,28140,11.231010870747388,11.231010870747388,98.72333677485484,0.0,11.231010879182918,-8.435526862080534e-09,0.0
469,28200.0,28200,11.212224973840172,11.212224973840172,98.89591997522434,0.0,11.21222498227566,-8.435489474910326e-09,0.0
470,28260.0,28260,11.193292816022376,11.193292816022376,99.06821449897808,0.0,11.193292824457828,-8.43545189983022e-09,0.0
471,28320.0,28320,11.174215349922061,11.174215349922061,99.24021809857334,0.0,11.174215358357475,-8.435414136502417e-09,0.0
472,28380.0,28380,11.15499353646984,11.15499353646984,99.41192854110618,0.0,11.154993544905219,-8.43537618459758e-09,0.0
473,28440.0,28440,11.135628344867238,11.135628344867238,99.583343608439,0.0,11.135628353302577,-8.435338043799147e-09,0.0
474,28500.0,28500,11.11612075253752,11.11612075253752,99.7544610973275,0.0,11.116120760972823,-8.435299713799156e-09,0.0
475,28560.0,28560,11.096471745046864,11.096471745046864,99.92527881954722,0.0,11.096471753482124,-8.435261194298656e-09,0.0
476,28620.0,28620,11.076682316076216,11.076682316076216,100.09579460201849,0.0,11.076682324511436,-8.435222485009309e-09,0.0
477,28680.0,28680,11.056753467349228,11.056753467349228,100.26600628693123,0.0,11.056753475784411,-8.435183585655283e-09,0.0
478,28740.0,28740,11.036686208549144,11.036686208549144,100.43591173186856,0.0,11.036686216984286,-8.435144495968005e-09,0.0
479,28800.0,28800,11.016481557293384,11.016481557293384,100.60550880992896,0.0,11.016481565728487,-8.43510521569032e-09,0.0
480,28860.0,28860,10.996140539031481,10.996140539031481,100.77479540984842,0.0,10.996140547466547,-8.435065744577587e-09,0.0
481,28920.0,28920,10.975664187015688,10.975664187015688,100.94376943612059,0.0,10.975664195450715,-8.43502608239376e-09,0.0
482,28980.0,28980,149.99999844066755,-150.00000155933247,101.11242880911678,300.0,8.436057236107291e-09,-150.00000156776852,0.0
483,29040.0,29040,149.99999844066755,-150.00000155933242,98.61242878311697,300.0,8.436055252886106e-09,-150.00000156776846,0.0
484,29100.0,29100,149.9999984406676,-150.0000015593324,96.11242875711713,300.0,8.43605334010156e-09,-150.00000156776844,0.0
485,29160.0,29160,149.9999984406676,-150.0000015593324,93.6124287311173,300.0,8.436051497758761e-09,-150.00000156776846,0.0
486,29220.0,29220,149.99999844066767,-150.00000155933236,91.1124287051175,300.0,8.436049725864966e-09,-150.0000015677684,0.0
487,29280.0,29280,149.99999844066767,-150.0000015593323,88.61242867911766,300.0,8.436048024426361e-09,-150.00000156776838,0.0
488,29340.0,29340,149.9999984406677,-150.0000015593323,86.11242865311782,300.0,8.436046393448859e-09,-150.00000156776838,0.0
489,29400.0,29400,149.99999844066772,-150.0000015593323,83.612428627118,300.0,8.436044832939046e-09,-150.00000156776832,0.0
490,29460.0,29460,149.99999844066775,-150.00000155933225,81.11242860111818,300.0,8.436043342904453e-09,-150.0000015677683,0.0
491,29520.0,29520,149.99999844066775,-150.00000155933222,78.61242857511836,300.0,8.436041923350857e-09,-150.00000156776827,0.0
492,29580.0,29580,149.99999844064132,-70.0000015593585,76.11242854911853,219.99999999999983,8.458846321533256e-09,-70.00000156781735,0.0
493,29640.0,29640,10.853255545525702,10.853255545525702,74.94576185645158,0.0,10.853255553960393,-8.43469090637095e-09,0.0
494,29700.0,29700,10.853144775128857,10.853144775128857,75.11254021665687,0.0,10.85314478356353,-8.434673656142322e-09,0.0
495,29760.0,29760,10.85283789126909,10.85283789126909,75.27931687469041,0.0,10.852837899703745,-8.434656239076841e-09,0.0
496,29820.0,29820,10.852334985979889,10.852334985979889,75.44608881694197,0.0,10.852334994414527,-8.434638654708733e-09,0.0
497,29880.0,29880,10.851636162131756,10.851636162131756,75.61285303121558,0.0,10.851636170566376,-8.434620902568866e-09,0.0
498,29940.0,29940,10.850741533442577,10.850741533442577,75.77960650689606,0.0,10.85074154187718,-8.434602982193888e-09,0.0
499,30000.0,30000,10.849651224445854,10.849651224445854,75.94634623511567,0.0,10.84965123288044,-8.434584893123405e-09,0.0
500,30060.0,30060,10.848365370555273,10.848365370555273,76.11306920892036,0.0,10.84836537898984,-8.434566634899711e-09,0.0
501,30120.0,30120,10.846884118010514,10.846884118010514,76.27977242343695,0.0,10.846884126445062,-8.434548207065903e-09,0.0
502,30180.0,30180,10.845207623903708,10.845207623903708,76.44645287603943,0.0,10.845207632338237,-8.43452960916979e-09,0.0
503,30240.0,30240,10.843336056201757,10.843336056201757,76.6131075665158,0.0,10.843336064636267,-8.434510840762668e-09,0.0
504,30300.0,30300,10.841269593726912,10.841269593726912,76.77973349723516,0.0,10.841269602161404,-8.434491901397992e-09,0.0
505,30360.0,30360,10.83900842614653,10.83900842614653,76.94632767331447,0.0,10.839008434581002,-8.434472790631226e-09,0.0
506,30420.0,30420,10.8365527540082,10.8365527540082,77.11288710278532,0.0,10.836552762442652,-8.434453508023753e-09,0.0
507,30480.0,30480,10.833902788719405,10.833902788719405,77.27940879676096,0.0,10.83390279715384,-8.434434053137221e-09,0.0
508,30540.0,30540,10.831058752545397,10.831058752545397,77.44588976960334,0.0,10.831058760979811,-8.434414425538122e-09,0.0
509,30600.0,30600,10.828020878626823,10.828020878626823,77.61232703908982,0.0,10.82802088706122,-8.434394624796171e-09,0.0
510,30660.0,30660,10.82478941097265,10.82478941097265,77.77871762658044,0.0,10.824789419407026,-8.434374650484983e-09,0.0
511,30720.0,30720,10.821364604439797,10.821364604439797,77.94505855718477,0.0,10.821364612874154,-8.434354502180187e-09,0.0
512,30780.0,30780,10.817746724756192,10.817746724756192,78.11134685992872,0.0,10.817746733190527,-8.434334179463192e-09,0.0
513,30840.0,30840,10.813936048513419,10.813936048513419,78.27757956792152,0.0,10.813936056947735,-8.434313681916352e-09,0.0
514,30900.0,30900,10.809932863149092,10.809932863149092,78.44375371852273,0.0,10.809932871583387,-8.434293009127394e-09,0.0
515,30960.0,30960,10.805737466970228,10.805737466970228,78.60986635350885,0.0,10.8057374754045,-8.434272160687272e-09,0.0
516,31020.0,31020,10.801350169124179,10.801350169124179,78.77591451924033,0.0,10.801350177558431,-8.43425113619205e-09,0.0
517,31080.0,31080,10.796771289603221,10.796771289603221,78.94189526682827,0.0,10.79677129803745,-8.434229935239267e-09,0.0
518,31140.0,31140,10.792001159243968,10.792001159243968,79.10780565230088,0.0,10.792001167678178,-8.434208557432247e-09,0.0
519,31200.0,31200,10.787040119707916,10.787040119707916,79.27364273677031,0.0,10.787040128142102,-8.434187002378473e-09,0.0
520,31260.0,31260,10.781888523497203,10.781888523497203,79.43940358659887,0.0,10.781888531931369,-8.4341652696888e-09,0.0
521,31320.0,31320,10.77654673393035,10.77654673393035,79.60508527356566,0.0,10.776546742364493,-8.434143358978643e-09,0.0
522,31380.0,31380,10.771015125122934,10.771015125122934,79.77068487503277,0.0,10.771015133557055,-8.434121269867321e-09,0.0
523,31440.0,31440,10.765294082022319,10.765294082022319,79.93619947411122,0.0,10.765294090456416,-8.434099001978452e-09,0.0
524,31500.0,31500,10.759384000329547,10.759384000329547,80.10162615982735,0.0,10.759384008763623,-8.434076554942242e-09,0.0
525,31560.0,31560,10.753285286576213,10.753285286576213,80.26696202728813,0.0,10.753285295010267,-8.43405392838957e-09,0.0
526,31620.0,31620,10.746998358023154,10.746998358023154,80.43220417784758,0.0,10.746998366457186,-8.434031121959107e-09,0.0
527,31680.0,31680,10.740523642708716,10.740523642708716,80.59734971927158,0.0,10.740523651142722,-8.43400813529289e-09,0.0
528,31740.0,31740,10.733861579417432,10.733861579417432,80.76239576590359,0.0,10.733861587851418,-8.433984968039137e-09,0.0
529,31800.0,31800,10.727012617663457,10.727012617663457,80.92733943882969,0.0,10.727012626097418,-8.43396161984835e-09,0.0
530,31860.0,31860,10.719977217687402,10.719977217687402,81.0921778660435,0.0,10.71997722612134,-8.433938090378427e-09,0.0
531,31920.0,31920,10.712755850415856,10.712755850415856,81.25690818261101,0.0,10.71275585884977,-8.43391437928995e-09,0.0
532,31980.0,31980,10.705348997470216,10.705348997470216,81.4215275308348,0.0,10.705349005904106,-8.433890486252782e-09,0.0
533,32040.0,32040,10.697757151135741,10.697757151135741,81.58603306041829,0.0,10.697757159569607,-8.433866410935708e-09,0.0
534,32100.0,32100,10.689980814365104,10.689980814365104,81.7504219286298,0.0,10.689980822798947,-8.433842153019204e-09,0.0
535,32160.0,32160,10.682020500702592,10.682020500702592,81.91469130046627,0.0,10.68202050913641,-8.433817712185096e-09,0.0
536,32220.0,32220,10.673876734333222,10.673876734333222,82.0788383488161,0.0,10.673876742767016,-8.433793088122331e-09,0.0
537,32280.0,32280,10.665550050022473,10.665550050022473,82.24286025462274,0.0,10.66555005845624,-8.433768280523622e-09,0.0
538,32340.0,32340,10.657040993090346,10.657040993090346,82.40675420704713,0.0,10.657041001524089,-8.433743289090416e-09,0.0
539,32400.0,32400,10.648350119409304,10.648350119409304,82.57051740363002,0.0,10.648350127843024,-8.433718113527928e-09,0.0
540,32460.0,32460,10.639477995366738,10.639477995366738,82.734147050454,0.0,10.63947800380043,-8.433692753546208e-09,0.0
541,32520.0,32520,10.63042519782794,10.63042519782794,82.89764036230518,0.0,10.630425206261604,-8.433667208861223e-09,0.0
542,32580.0,32580,10.621192314140254,10.621192314140254,83.0609945628342,0.0,10.621192322573895,-8.433641479200636e-09,0.0
543,32640.0,32640,10.61177994206153,10.61177994206153,83.2242068847172,0.0,10.611779950495146,-8.43361556429036e-09,0.0
544,32700.0,32700,149.999998440669,-150.000001559331,83.38727456981594,300.0,8.435965497541809e-09,-150.000001567767,0.0
545,32760.0,32760,149.999998440669,-150.00000155933097,80.88727454381613,300.0,8.4359641124658e-09,-150.00000156776693,0.0
546,32820.0,32820,149.99999844066903,-150.00000155933097,78.38727451781634,300.0,8.43596279800548e-09,-150.00000156776693,0.0
547,32880.0,32880,149.99999844066906,-150.0000015593309,75.88727449181653,300.0,8.435961554167436e-09,-150.0000015677669,0.0
548,32940.0,32940,149.9999984406691,-150.0000015593309,73.38727446581673,300.0,8.435960380957714e-09,-150.00000156776687,0.0
549,33000.0,33000,149.9999984406691,-150.0000015593309,70.88727443981693,300.0,8.435959278383308e-09,-150.00000156776687,0.0
550,33060.0,33060,149.99999844066912,-150.00000155933088,68.38727441381714,300.0,8.4359582464504e-09,-150.00000156776684,0.0
551,33120.0,33120,149.99999844066915,-150.00000155933088,65.88727438781734,300.0,8.43595728516692e-09,-150.00000156776682,0.0
552,33180.0,33180,149.99999844066915,-150.00000155933085,63.387274361817546,300.0,8.435956394539722e-09,-150.0000015677668,0.0
553,33240.0,33240,149.99999844064504,-40.000001559354764,60.88727433581775,189.99999999999983,8.45515029983697e-09,-40.00000156780992,0.0
554,33300.0,33300,10.603523341931199,10.603523341931199,60.220607643150856,0.0,10.603523350364648,-8.433450056025032e-09,0.0
555,33360.0,33360,10.61145001609548,10.61145001609548,60.383548451827586,0.0,10.611450024528926,-8.43344436384758e-09,0.0
556,33420.0,33420,10.619188120744182,10.619188120744182,60.54661106706397,0.0,10.61918812917762,-8.433438488838013e-09,0.0
557,33480.0,33480,10.62673725801917,10.62673725801917,60.70979259117512,0.0,10.626737266452604,-8.4334324304815e-09,0.0
558,33540.0,33540,10.634097041170268,10.634097041170268,60.8730901203624,0.0,10.634097049603694,-8.433426188269924e-09,0.0
559,33600.0,33600,10.641267094560577,10.641267094560575,61.0365007448841,0.0,10.641267102993995,-8.433419761697187e-09,0.0
560,33660.0,33660,10.648247053692975,10.648247053692975,61.20002154922624,0.0,10.648247062126387,-8.433413150257728e-09,0.0
561,33720.0,33720,10.65503656523584,10.65503656523584,61.363649612273704,0.0,10.655036573669246,-8.433406353450559e-09,0.0
562,33780.0,33780,10.661635287048911,10.661635287048911,61.52738200748188,0.0,10.661635295482311,-8.4333993707763e-09,0.0
563,33840.0,33840,10.668042888211845,10.668042888211845,61.691215803048586,0.0,10.668042896645236,-8.433392201739206e-09,0.0
564,33900.0,33900,10.674259049022492,10.674259049022492,61.8551480620865,0.0,10.674259057455876,-8.433384845844334e-09,0.0
565,33960.0,33960,10.680283461063146,10.680283461063146,62.019175842795526,0.0,10.680283469496523,-8.433377302599835e-09,0.0
566,34020.0,34020,10.686115827163583,10.686115827163583,62.18329619863625,0.0,10.68611583559695,-8.433369571518564e-09,0.0
567,34080.0,34080,10.691755861468376,10.691755861468376,62.34750617850271,0.0,10.69175586990174,-8.433361652112166e-09,0.0
568,34140.0,34140,10.697203289438486,10.697203289438486,62.511802826896336,0.0,10.697203297871837,-8.433353543898338e-09,0.0
569,34200.0,34200,10.702457847870416,10.702457847870416,62.67618318409976,0.0,10.702457856303761,-8.433345246395445e-09,0.0
570,34260.0,34260,10.707519284915335,10.707519284915335,62.840644286351086,0.0,10.707519293348673,-8.433336759124405e-09,0.0
571,34320.0,34320,10.712387360093018,10.712387360093018,63.00518316601835,0.0,10.712387368526347,-8.43332808161031e-09,0.0
572,34380.0,34380,10.717061844328411,10.717061844328411,63.16979685177416,0.0,10.717061852761729,-8.433319213378782e-09,0.0
573,34440.0,34440,10.721542519925181,10.721542519925181,63.334482368771056,0.0,10.72154252835849,-8.433310153959483e-09,0.0
574,34500.0,34500,10.725829180641663,10.725829180641663,63.499236738816286,0.0,10.725829189074966,-8.433300902884888e-09,0.0
575,34560.0,34560,10.72992163165455,10.72992163165455,63.66405698054787,0.0,10.729921640087841,-8.433291459688692e-09,0.0
576,34620.0,34620,10.733819689595276,10.733819689595276,63.82894010961001,0.0,10.733819698028558,-8.43328182390781e-09,0.0
577,34680.0,34680,10.737523182580595,10.737523182580595,63.993883138829176,0.0,10.737523191013869,-8.433271995083329e-09,0.0
578,34740.0,34740,10.741031950176637,10.741031950176637,64.15888307839056,0.0,10.741031958609899,-8.433261972756731e-09,0.0
579,34800.0,34800,10.744345843480577,10.744345843480577,64.323936936014,0.0,10.744345851913831,-8.433251756473269e-09,0.0
580,34860.0,34860,10.747464725061162,10.747464725061162,64.4890417171312,0.0,10.747464733494404,-8.433241345781558e-09,0.0
581,34920.0,34920,10.750388469033375,10.750388469033375,64.65419442506202,0.0,10.750388477466608,-8.433230740231144e-09,0.0
582,34980.0,34980,10.753116961031393,10.753116961031393,64.81939206119189,0.0,10.753116969464614,-8.43321993937508e-09,0.0
583,35040.0,35040,10.75565009824155,10.75565009824155,64.9846316251488,0.0,10.755650106674757,-8.433208942771116e-09,0.0
584,35100.0,35100,10.757987789384549,10.757987789384549,65.14991011498083,0.0,10.757987797817748,-8.43319774997633e-09,0.0
585,35160.0,35160,10.760129954756522,10.760129954756522,65.31522452733341,0.0,10.760129963189707,-8.433186360552511e-09,0.0
586,35220.0,35220,10.762076526220284,10.762076526220284,65.48057185762723,0.0,10.762076534653458,-8.43317477406413e-09,0.0
587,35280.0,35280,10.763827447218864,10.763827447218864,65.64594910023587,0.0,10.763827455652027,-8.43316299007808e-09,0.0
588,35340.0,35340,10.765382672786918,10.765382672786918,65.81135324866383,0.0,10.76538268122007,-8.433151008164882e-09,0.0
589,35400.0,35400,10.766742169558661,10.766742169558661,65.97678129572472,0.0,10.7667421779918,-8.433138827896942e-09,0.0
590,35460.0,35460,10.767905915762691,10.767905915762691,66.14223023371933,0.0,10.767905924195817,-8.433126448850158e-09,0.0
591,35520.0,35520,10.768873901238674,10.768873901238674,66.30769705461394,0.0,10.768873909671788,-8.433113870602716e-09,0.0
592,35580.0,35580,10.769646127450422,10.769646127450422,66.4731787502187,0.0,10.769646135883521,-8.433101092736427e-09,0.0
593,35640.0,35640,10.770222607476663,10.770222607476663,66.63867231236623,0.0,10.77022261590975,-8.433088114835122e-09,0.0
594,35700.0,35700,10.770603366012862,10.770603366012862,66.80417473309018,0.0,10.770603374445937,-8.43307493648653e-09,0.0
595,35760.0,35760,10.770788439412035,10.770788439412035,66.96968300480363,0.0,10.770788447845096,-8.433061557281337e-09,0.0
596,35820.0,35820,10.77077787563427,10.77077787563427,67.1351941204783,0.0,10.770777884067318,-8.433047976812915e-09,0.0
597,35880.0,35880,10.770571734288973,10.770571734288973,67.30070507382294,0.0,10.770571742722007,-8.433034194677463e-09,0.0
598,35940.0,35940,10.770170086619284,10.770170086619284,67.46621285946223,0.0,10.770170095052306,-8.433020210474537e-09,0.0
599,36000.0,36000,10.769573015519773,10.769573015519773,67.63171447311566,0.0,10.76957302395278,-8.433006023806517e-09,0.0
600,36060.0,36060,10.768780615516068,10.768780615516068,67.79720691177654,0.0,10.76878062394906,-8.43299163427995e-09,0.0
601,36120.0,36120,10.767792992794888,10.767792992794888,67.96268717389069,0.0,10.767793001227865,-8.432977041503671e-09,0.0
602,36180.0,36180,10.7666102651654,10.7666102651654,68.12815225953568,0.0,10.766610273598362,-8.432962245089602e-09,0.0
603,36240.0,36240,10.765232562101154,10.765232562101154,68.29359917059945,0.0,10.765232570534103,-8.432947244653699e-09,0.0
604,36300.0,36300,10.763660024691067,10.763660024691067,68.45902491095946,0.0,10.763660033124,-8.432932039815953e-09,0.0
605,36360.0,36360,10.761892805692762,10.761892805692762,68.62442648666126,0.0,10.761892814125678,-8.432916630197697e-09,0.0
606,36420.0,36420,10.759931069484715,10.759931069484715,68.7898009060978,0.0,10.759931077917617,-8.432901015423894e-09,0.0
607,36480.0,36480,10.757774992091747,10.757774992091747,68.95514518018793,0.0,10.757775000524633,-8.432885195124482e-09,0.0
608,36540.0,36540,10.755424761157407,10.755424761157407,69.12045632255547,0.0,10.755424769590276,-8.432869168932489e-09,0.0
609,36600.0,36600,10.752880575961246,10.752880575961246,69.28573134970763,0.0,10.752880584394099,-8.432852936483631e-09,0.0
610,36660.0,36660,10.750142647392959,10.750142647392959,69.45096728121395,0.0,10.750142655825794,-8.432836497417657e-09,0.0
611,36720.0,36720,10.747211197979825,10.747211197979825,69.61616113988461,0.0,10.747211206412645,-8.432819851378081e-09,0.0
612,36780.0,36780,10.744086461828388,10.744086461828388,69.7813099519493,0.0,10.744086470261191,-8.432802998012987e-09,0.0
613,36840.0,36840,10.740768684669256,10.740768684669256,69.9464107472351,0.0,10.74076869310204,-8.432785936972071e-09,0.0
614,36900.0,36900,10.737258123825024,10.737258123825024,70.11146055934525,0.0,10.737258132257793,-8.432768667909602e-09,0.0
615,36960.0,36960,10.73355504819558,10.73355504819558,70.27645642583708,0.0,10.73355505662833,-8.432751190486027e-09,0.0
616,37020.0,37020,10.729659738245774,10.729659738245774,70.44139538840007,0.0,10.729659746678507,-8.432733504362069e-09,0.0
617,37080.0,37080,10.72557248604402,10.72557248604402,70.6062744930335,0.0,10.725572494476737,-8.432715609204896e-09,0.0
618,37140.0,37140,10.72129359517199,10.72129359517199,70.77109079022476,0.0,10.721293603604687,-8.432697504685311e-09,0.0
619,37200.0,37200,10.71682338076935,10.71682338076935,70.9358413351263,0.0,10.71682338920203,-8.432679190477476e-09,0.0
620,37260.0,37260,10.712162169505213,10.712162169505213,71.10052318773316,0.0,10.712162177937875,-8.432660666260121e-09,0.0
621,37320.0,37320,10.707310299560406,10.707310299560406,71.26513341306027,0.0,10.70731030799305,-8.432641931717624e-09,0.0
622,37380.0,37380,10.702268120630464,10.702268120630464,71.42966908131925,0.0,10.702268129063086,-8.432622986534632e-09,0.0
623,37440.0,37440,10.697035993868456,10.697035993868456,71.59412726809532,0.0,10.69703600230106,-8.432603830403992e-09,0.0
624,37500.0,37500,10.691614291934037,10.691614291934037,71.75850505452348,0.0,10.691614300366622,-8.432584463022446e-09,0.0
625,37560.0,37560,10.686003398908003,10.686003398908003,71.92279952746526,0.0,10.686003407340568,-8.432564884090773e-09,0.0
626,37620.0,37620,10.680203710333412,10.680203710333412,72.0870077796842,0.0,10.680203718765958,-8.432545093312035e-09,0.0
627,37680.0,37680,10.674215633131146,10.674215633131146,72.25112691002204,0.0,10.674215641563674,-8.432525090397223e-09,0.0
628,37740.0,37740,149.99999844067057,-150.00000155932943,72.41515402357354,300.0,8.435875584192708e-09,-150.0000015677653,0.0
629,37800.0,37800,149.9999984406706,-150.00000155932943,69.91515399757377,300.0,8.435874444363963e-09,-150.0000015677653,0.0
630,37860.0,37860,149.99999844067062,-150.0000015593294,67.415153971574,300.0,8.43587337536356e-09,-150.00000156776528,0.0
631,37920.0,37920,149.99999844067062,-150.00000155932938,64.91515394557423,300.0,8.435872377196206e-09,-150.00000156776525,0.0
632,37980.0,37980,149.99999844067062,-150.00000155932938,62.41515391957445,300.0,8.43587144986916e-09,-150.00000156776525,0.0
633,38040.0,38040,149.99999844067065,-150.00000155932935,59.915153893574676,300.0,8.435870593387932e-09,-150.00000156776522,0.0
634,38100.0,38100,149.99999844067068,-150.00000155932935,57.4151538675749,300.0,8.435869807756959e-09,-150.00000156776522,0.0
635,38160.0,38160,149.99999844067068,-150.00000155932932,54.915153841575126,300.0,8.435869092986188e-09,-150.0000015677652,0.0
636,38220.0,38220,145.36150783071008,0.3615078307102128,52.41515381557536,144.99999999999986,0.36150794470533165,-1.1399512031561785e-07,0.0
637,38280.0,38280,10.69154451012099,10.69154451012099,52.42070898575909,0.0,10.691544518553407,-8.432418160932867e-09,0.0
638,38340.0,38340,10.700948021776792,10.700948021776792,52.585002386387,0.0,10.700948030209204,-8.432411476459472e-09,0.0
639,38400.0,38400,10.710165910525122,10.710165910525122,52.74944028764403,0.0,10.710165918957527,-8.432404580640806e-09,0.0
640,38460.0,38460,10.719197676263885,10.719197676263885,52.91401983712482,0.0,10.719197684696285,-8.432397472694538e-09,0.0
641,38520.0,38520,10.72804283017191,10.72804283017191,53.07873817473913,0.0,10.728042838604301,-8.432390151840482e-09,0.0
642,38580.0,38580,10.736700894766209,10.736700894766209,53.243592432885166,0.0,10.736700903198594,-8.432382617301141e-09,0.0
643,38640.0,38640,10.745171403936729,10.745171403936729,53.40857973662379,0.0,10.745171412369102,-8.432374868304397e-09,0.0
644,38700.0,38700,10.753453902943482,10.753453902943482,53.57369720385334,0.0,10.75345391137585,-8.432366904074636e-09,0.0
645,38760.0,38760,10.761547948475323,10.761547948475323,53.738941945484285,0.0,10.76154795690768,-8.432358723846056e-09,0.0
646,38820.0,38820,10.769453108681452,10.769453108681452,53.904311065614905,0.0,10.769453117113802,-8.43235032685084e-09,0.0
647,38880.0,38880,10.777168963149997,10.777168963149997,54.069801661707366,0.0,10.77716897158234,-8.4323417123248e-09,0.0
648,38940.0,38940,10.784695103005012,10.784695103005012,54.23541082476349,0.0,10.784695111437346,-8.432332879508588e-09,0.0
649,39000.0,39000,10.792031130881735,10.792031130881735,54.40113563950205,0.0,10.792031139314059,-8.432323827641777e-09,0.0
650,39060.0,39060,10.79917666095949,10.79917666095949,54.566973184535655,0.0,10.799176669391805,-8.432314555968382e-09,0.0
651,39120.0,39120,10.806131318989825,10.806131318989825,54.73292053254812,0.0,10.806131327422131,-8.43230506373604e-09,0.0
652,39180.0,39180,10.812894742340967,10.812894742340967,54.89897475047231,0.0,10.812894750773264,-8.432295350191724e-09,0.0
653,39240.0,39240,10.819466579972044,10.819466579972044,55.06513289966867,0.0,10.819466588404328,-8.432285414586434e-09,0.0
654,39300.0,39300,10.825846492498371,10.825846492498371,55.23139203610329,0.0,10.825846500930647,-8.432275256175203e-09,0.0
655,39360.0,39360,10.832034152193465,10.832034152193465,55.397749210527074,0.0,10.832034160625732,-8.432264874212124e-09,0.0
656,39420.0,39420,10.838029243011691,10.838029243011691,55.564201468654836,0.0,10.838029251443947,-8.432254267955325e-09,0.0
657,39480.0,39480,10.843831460607056,10.843831460607056,55.73074585134484,0.0,10.8438314690393,-8.432243436665754e-09,0.0
658,39540.0,39540,10.849440512336141,10.849440512336141,55.897379394778554,0.0,10.849440520768372,-8.432232379606643e-09,0.0
659,39600.0,39600,10.854856117318791,10.854856117318791,56.06409913064051,0.0,10.854856125751011,-8.432221096039213e-09,0.0
660,39660.0,39660,10.860078006408656,10.860078006408656,56.230902086299025,0.0,10.860078014840864,-8.432209585233148e-09,0.0
661,39720.0,39720,10.865105922232837,10.865105922232837,56.39778528498656,0.0,10.865105930665035,-8.432197846457194e-09,0.0
662,39780.0,39780,10.869939619216694,10.869939619216694,56.56474574598059,0.0,10.86993962764888,-8.432185878980767e-09,0.0
663,39840.0,39840,10.874578863560739,10.874578863560739,56.73178048478494,0.0,10.874578871992915,-8.432173682078124e-09,0.0
664,39900.0,39900,10.87902343330668,10.87902343330668,56.89888651331071,0.0,10.879023441738841,-8.432161255023792e-09,0.0
665,39960.0,39960,10.88327311830728,10.88327311830728,57.06606084005824,0.0,10.883273126739427,-8.432148597093638e-09,0.0
666,40020.0,40020,10.887327720259192,10.887327720259192,57.233300470298616,0.0,10.887327728691327,-8.432135707569314e-09,0.0
667,40080.0,40080,10.891187052718998,10.891187052718998,57.40060240625566,0.0,10.891187061151118,-8.432122585729781e-09,0.0
668,40140.0,40140,10.894850941112676,10.894850941112676,57.56796364728815,0.0,10.894850949544784,-8.432109230857763e-09,0.0
669,40200.0,40200,10.89831922272844,10.89831922272844,57.73538119007231,0.0,10.898319231160535,-8.432095642240017e-09,0.0
670,40260.0,40260,10.901591746763893,10.901591746763893,57.90285202878395,0.0,10.901591755195977,-8.432081819161287e-09,0.0
671,40320.0,40320,10.904668374287263,10.904668374287263,58.07037315528161,0.0,10.904668382719333,-8.432067760911554e-09,0.0
672,40380.0,40380,10.907548978302318,10.907548978302318,58.23794155928888,0.0,10.907548986734371,-8.432053466780132e-09,0.0
673,40440.0,40440,10.910233443711592,10.910233443711592,58.405554228577834,0.0,10.910233452143629,-8.432038936061172e-09,0.0
674,40500.0,40500,10.912721667338898,10.912721667338898,58.573208149151924,0.0,10.912721675770925,-8.432024168046268e-09,0.0
675,40560.0,40560,10.915013557950816,10.915013557950816,58.74090030542908,0.0,10.915013566382827,-8.432009162033472e-09,0.0
676,40620.0,40620,10.917109036249677,10.917109036249677,58.90862768042531,0.0,10.917109044681672,-8.431993917320296e-09,0.0
677,40680.0,40680,10.91900803487189,10.91900803487189,59.07638725593807,0.0,10.919008043303869,-8.431978433204115e-09,0.0
678,40740.0,40740,10.920710498420936,10.920710498420936,59.24417601272966,0.0,10.920710506852895,-8.431962708990372e-09,0.0
679,40800.0,40800,10.922216383440817,10.922216383440817,59.41199093071111,0.0,10.922216391872764,-8.431946743980477e-09,0.0
680,40860.0,40860,10.923525658451275,10.923525658451275,59.57982898912571,0.0,10.923525666883204,-8.431930537478258e-09,0.0
681,40920.0,40920,10.924638303914316,10.924638303914316,59.747687166732966,0.0,10.92463831234623,-8.431914088792118e-09,0.0
682,40980.0,40980,10.925554312261411,10.925554312261411,59.91556244199217,0.0,10.925554320693308,-8.431897397230317e-09,0.0
683,41040.0,41040,10.92627368791048,10.92627368791048,60.08345179324632,0.0,10.92627369634236,-8.43188046210341e-09,0.0
684,41100.0,41100,10.92679644724383,10.92679644724383,60.25135219890626,0.0,10.926796455675694,-8.431863282723023e-09,0.0
685,41160.0,41160,10.927122618603427,10.927122618603427,60.41926063763463,0.0,10.927122627035272,-8.431845858404408e-09,0.0
686,41220.0,41220,10.927252242318106,10.927252242318106,60.58717408852955,0.0,10.927252250749934,-8.431828188462821e-09,0.0
687,41280.0,41280,10.927185370677613,10.927185370677613,60.7550895313089,0.0,10.927185379109424,-8.431810272215402e-09,0.0
688,41340.0,41340,10.926922067956847,10.926922067956847,60.92300394649403,0.0,10.926922076388639,-8.431792108982644e-09,0.0
689,41400.0,41400,10.92646241038892,10.92646241038892,61.09091431559402,0.0,10.926462418820693,-8.43177369808545e-09,0.0
690,41460.0,41460,10.925806486182243,10.925806486182243,61.25881762128939,0.0,10.925806494613997,-8.431755038847545e-09,0.0
691,41520.0,41520,10.924954395514343,10.924954395514343,61.42671084761611,0.0,10.924954403946078,-8.431736130594533e-09,0.0
692,41580.0,41580,10.923906250521188,10.923906250521188,61.59459098014956,0.0,10.923906258952906,-8.431716972652424e-09,0.0
693,41640.0,41640,10.922662175297594,10.922662175297594,61.76245500618828,0.0,10.922662183729294,-8.431697564350721e-09,0.0
694,41700.0,41700,10.921222305895883,10.921222305895883,61.93029991493775,0.0,10.92122231432756,-8.431677905020406e-09,0.0
695,41760.0,41760,10.919586790306864,10.919586790306864,62.098122697694066,0.0,10.919586798738521,-8.431657993995019e-09,0.0
696,41820.0,41820,10.917755788489114,10.917755788489114,62.2659203480275,0.0,10.917755796920751,-8.431637830609032e-09,0.0
697,41880.0,41880,10.915729472310423,10.915729472310423,62.433689861966336,0.0,10.91572948074204,-8.431617414198138e-09,0.0
698,41940.0,41940,149.99999844067221,-150.0000015593278,62.60142823817989,300.0,8.435777227422854e-09,-150.00000156776358,0.0
699,42000.0,42000,149.99999844067221,-150.00000155932776,60.10142821218015,300.0,8.435775556689556e-09,-150.00000156776355,0.0
700,42060.0,42060,149.99999844067224,-150.00000155932776,57.6014281861804,300.0,8.435773956958141e-09,-150.00000156776352,0.0
701,42120.0,42120,149.99999844067227,-150.0000015593277,55.10142816018065,300.0,8.43577242823197e-09,-150.0000015677635,0.0
702,42180.0,42180,149.9999984406723,-150.0000015593277,52.60142813418091,300.0,8.435770970516686e-09,-150.0000015677635,0.0
703,42240.0,42240,149.99999844045922,-450.00000155954075,50.10142810818116,600.0,8.501339397237422e-09,-450.000001568042,0.0
704,42300.0,42300,149.99999844045934,-450.0000015595407,42.60142808217778,600.0,8.501325399797978e-09,-450.000001568042,0.0
705,42360.0,42360,149.9999984404594,-450.0000015595406,35.1014280561744,600.0,8.501316087245827e-09,-450.00000156804197,0.0
706,42420.0,42420,149.9999984404594,-450.0000015595406,27.601428030171014,600.0,8.50131145901801e-09,-450.0000015680419,0.0
707,42480.0,42480,149.99999844045936,-450.0000015595407,20.101428004167637,600.0,8.501311514817589e-09,-450.00000156804197,0.0
708,42540.0,42540,149.99999844069634,-255.00000155930363,12.601427978164253,405.0,8.422778135030663e-09,-255.00000156772646,0.0
709,42600.0,42600,149.9999984406723,-150.0000015593277,8.351427952164924,300.0,8.43577379061905e-09,-150.0000015677635,0.0
710,42660.0,42660,149.99999844067227,-150.00000155932773,5.851427926165178,300.0,8.43577581685697e-09,-150.00000156776352,0.0
711,42720.0,42720,149.99999844067224,-150.00000155932776,3.3514279001654312,300.0,8.43577791415686e-09,-150.00000156776352,0.0
712,42780.0,42780,42.786386915961685,7.786386915961552,0.8514278741656838,35.00000000000014,7.786386924390477,-8.428924457498762e-09,0.0
713,42840.0,42840,11.09502420688385,11.09502420688385,0.9710786864300172,0.0,11.095024215315593,-8.431744743652283e-09,0.0
714,42900.0,42900,11.118150605197547,11.118150605197547,1.1415722250648528,0.0,11.118150613629329,-8.431779349522737e-09,0.0
715,42960.0,42960,11.141153246241911,11.141153246241911,1.3124211393537757,0.0,11.141153254673723,-8.4318136708473e-09,0.0
716,43020.0,43020,11.164030900453325,11.164030900453325,1.4836235275600802,0.0,11.164030908885172,-8.431847707542365e-09,0.0
717,43080.0,43080,11.18678234447705,11.18678234447705,1.6551774690527663,0.0,11.186782352908933,-8.43188145954166e-09,0.0
718,43140.0,43140,11.209406361263227,11.209406361263227,1.8270810244019506,0.0,11.209406369695142,-8.431914926787654e-09,0.0
719,43200.0,43200,11.231901740164155,11.231901740164155,1.9993322354757492,0.0,11.231901748596105,-8.43194810923518e-09,0.0
720,43260.0,43260,11.254267277065809,11.254267277065809,2.1719291255386586,0.0,11.254267285497791,-8.431981006849824e-09,0.0
721,43320.0,43320,11.276501774459454,11.276501774459454,2.3448696993519564,0.0,11.276501782891467,-8.432013619609544e-09,0.0
722,43380.0,43380,11.298604041578226,11.298604041578226,2.5181519432752033,0.0,11.298604050010272,-8.432045947504257e-09,0.0
723,43440.0,43440,11.320572894449475,11.320572894449475,2.691773825369842,0.0,11.320572902881553,-8.432077990533425e-09,0.0
724,43500.0,43500,11.342407156038323,11.342407156038323,2.865733295503602,0.0,11.342407164470432,-8.432109748709282e-09,0.0
725,43560.0,43560,11.364105656300715,11.364105656300715,3.040028285457111,0.0,11.364105664732856,-8.432141222053872e-09,0.0
726,43620.0,43620,11.385667232324803,11.385667232324803,3.214656709031318,0.0,11.385667240756977,-8.432172410600934e-09,0.0
727,43680.0,43680,11.40709072835664,11.40709072835664,3.3896164621570954,0.0,11.407090736788842,-8.432203314393754e-09,0.0
728,43740.0,43740,11.428374995953508,11.428374995953508,3.564905423005228,0.0,11.428375004385744,-8.432233933486232e-09,0.0
729,43800.0,43800,11.44951889403078,11.44951889403078,3.7405214520987666,0.0,11.449518902463042,-8.43226426794397e-09,0.0
730,43860.0,43860,11.470521288950998,11.470521288950998,3.916462392426092,0.0,11.470521297383291,-8.432294317841973e-09,0.0
731,43920.0,43920,11.491381054618685,11.491381054618685,4.092726069555359,0.0,11.491381063051008,-8.432324083265598e-09,0.0
732,43980.0,43980,11.512097072559518,11.512097072559518,4.269310291750386,0.0,11.512097080991872,-8.43235356430854e-09,0.0
733,44040.0,44040,11.532668231979585,11.532668231979585,4.44621285008777,0.0,11.532668240411967,-8.432382761075375e-09,0.0
734,44100.0,44100,11.553093429869813,11.553093429869813,4.623431518574908,0.0,11.553093438302225,-8.432411673679829e-09,0.0
735,44160.0,44160,11.573371571062035,11.573371571062035,4.8009640542696275,0.0,11.573371579494474,-8.432440302246505e-09,0.0
736,44220.0,44220,11.593501568296675,11.593501568296675,4.978808197400666,0.0,11.593501576729144,-8.43246864690647e-09,0.0
737,44280.0,44280,11.61348234232272,11.61348234232272,5.156961671489211,0.0,11.613482350755218,-8.43249670780167e-09,0.0
738,44340.0,44340,11.633312821937965,11.633312821937965,5.335422183471956,0.0,11.633312830370489,-8.432524485081717e-09,0.0
739,44400.0,44400,11.652991944058392,11.652991944058392,5.514187423824788,0.0,11.652991952490945,-8.432551978906978e-09,0.0
740,44460.0,44460,11.672518653798946,11.672518653798946,5.693255066687538,0.0,11.672518662231527,-8.432579189442118e-09,0.0
741,44520.0,44520,11.691891904525649,11.691891904525649,5.872622769989968,0.0,11.691891912958255,-8.432606116863364e-09,0.0
742,44580.0,44580,11.711110657922822,11.711110657922822,6.052288175578563,0.0,11.711110666355454,-8.432632761354068e-09,0.0
743,44640.0,44640,11.730173884052844,11.730173884052844,6.232248909344363,0.0,11.730173892485503,-8.432659123105377e-09,0.0
744,44700.0,44700,11.749080561398376,11.749080561398376,6.412502581351694,0.0,11.749080569831062,-8.432685202315833e-09,0.0
745,44760.0,44760,11.767829676942558,11.767829676942558,6.5930467859675685,0.0,11.767829685375267,-8.432710999189355e-09,0.0
746,44820.0,44820,11.786420226212865,11.786420226212865,6.7738791019923035,0.0,11.7864202346456,-8.43273651394263e-09,0.0
747,44880.0,44880,11.804851213331078,11.804851213331078,6.954997092790826,0.0,11.80485122176384,-8.432761746793017e-09,0.0
748,44940.0,44940,11.82312165106996,11.82312165106996,7.136398306424732,0.0,11.823121659502746,-8.432786697969839e-09,0.0
749,45000.0,45000,11.841230560893955,11.841230560893955,7.318080275785226,0.0,11.841230569326768,-8.432811367703633e-09,0.0
750,45060.0,45060,11.859176973016067,11.859176973016067,7.500040518726681,0.0,11.859176981448902,-8.432835756235818e-09,0.0
751,45120.0,45120,11.876959926447348,11.876959926447348,7.68227653820108,0.0,11.87695993488021,-8.432859863811714e-09,0.0
752,45180.0,45180,11.894578469027648,11.894578469027648,7.864785822393206,0.0,11.894578477460533,-8.432883690683497e-09,0.0
753,45240.0,45240,11.912031657491926,11.912031657491926,8.047565844856315,0.0,11.912031665924832,-8.432907237108315e-09,0.0
754,45300.0,45300,11.929318557470571,11.929318557470571,8.230614064648828,0.0,11.929318565903502,-8.432930503351115e-09,0.0
755,45360.0,45360,11.946438243577886,11.946438243577886,8.41392792647101,0.0,11.94643825201084,-8.432953489677782e-09,0.0
756,45420.0,45420,11.96338979941617,11.96338979941617,8.597504860803042,0.0,11.963389807849145,-8.432976196364152e-09,0.0
757,45480.0,45480,11.980172317640868,11.980172317640868,8.781342284043122,0.0,11.980172326073866,-8.432998623685651e-09,0.0
758,45540.0,45540,11.996784899964771,11.996784899964771,8.965437598646588,0.0,11.99678490839779,-8.433020771929274e-09,0.0
759,45600.0,45600,12.013226657218878,12.013226657218878,9.149788193265097,0.0,12.013226665651919,-8.433042641379992e-09,0.0
760,45660.0,45660,12.02949670936931,12.02949670936931,9.334391442886746,0.0,12.029496717802376,-8.433064232330712e-09,0.0
761,45720.0,45720,12.045594185571879,12.045594185571879,9.519244708976439,0.0,12.045594194004966,-8.43308554507649e-09,0.0
762,45780.0,45780,12.061518224156808,12.061518224156808,9.704345339617111,0.0,12.061518232589915,-8.43310657991843e-09,0.0
763,45840.0,45840,12.077267972712079,12.077267972712079,9.889690669650705,0.0,12.077267981145207,-8.433127337159922e-09,0.0
764,45900.0,45900,12.092842588086715,12.092842588086715,10.075278020820432,0.0,12.09284259651986,-8.433147817106642e-09,0.0
765,45960.0,45960,12.10824123640293,12.10824123640293,10.261104701913082,0.0,12.108241244836098,-8.43316802007045e-09,0.0
766,46020.0,46020,12.12346309309867,12.12346309309867,10.447168008901526,0.0,12.123463101531856,-8.433187946364814e-09,0.0
767,46080.0,46080,12.13850734297155,12.13850734297155,10.633465225087859,0.0,12.138507351404758,-8.433207596304017e-09,0.0
768,46140.0,46140,12.15337318014571,12.15337318014571,10.819993621247239,0.0,12.153373188578938,-8.433226970209054e-09,0.0
769,46200.0,46200,12.168059808162711,12.168059808162711,11.006750455771195,0.0,12.168059816595958,-8.43324606839958e-09,0.0
770,46260.0,46260,12.182566439942663,12.182566439942663,11.193732974812347,0.0,12.182566448375928,-8.433264891200901e-09,0.0
771,46320.0,46320,12.196892297855154,12.196892297855154,11.380938412428515,0.0,12.196892306288435,-8.433283438937103e-09,0.0
772,46380.0,46380,12.211036613698166,12.211036613698166,11.568363990727939,0.0,12.211036622131468,-8.433301711937656e-09,0.0
773,46440.0,46440,12.224998628730148,12.224998628730148,11.756006920014153,0.0,12.224998637163466,-8.433319710529742e-09,0.0
774,46500.0,46500,12.238777593708114,12.238777593708114,11.943864398931357,0.0,12.238777602141452,-8.433337435045922e-09,0.0
775,46560.0,46560,12.252372768865415,12.252372768865415,12.13193361461039,0.0,12.252372777298769,-8.433354885817948e-09,0.0
776,46620.0,46620,12.265783423958418,12.265783423958418,12.320211742814339,0.0,12.265783432391789,-8.433372063178245e-09,0.0
777,46680.0,46680,12.279008838266646,12.279008838266646,12.508695948084883,0.0,12.279008846700036,-8.433388967462196e-09,0.0
778,46740.0,46740,12.29204830061134,12.29204830061134,12.697383383888631,0.0,12.292048309044745,-8.43340559900451e-09,0.0
779,46800.0,46800,12.304901109379273,12.304901109379273,12.886271192763743,0.0,12.304901117812696,-8.433421958140976e-09,0.0
780,46860.0,46860,12.317566572499238,12.317566572499238,13.075356506466923,0.0,12.317566580932676,-8.433438045208048e-09,0.0
781,46920.0,46920,12.330044007511102,12.330044007511102,13.264636446120045,0.0,12.330044015944555,-8.433453860540842e-09,0.0
782,46980.0,46980,12.342332741501277,12.342332741501277,13.454108122357848,0.0,12.342332749934746,-8.433469404477027e-09,0.0
783,47040.0,47040,12.354432111202835,12.354432111202835,13.643768635474636,0.0,12.354432119636318,-8.433484677352519e-09,0.0
784,47100.0,47100,12.366341462923918,12.366341462923918,13.833615075572505,0.0,12.366341471357417,-8.43349967950418e-09,0.0
785,47160.0,47160,12.378060152615012,12.378060152615012,14.023644522708485,0.0,12.378060161048527,-8.433514411266994e-09,0.0
786,47220.0,47220,12.389587545822014,12.389587545822014,14.21385404704272,0.0,12.389587554255542,-8.433528872976205e-09,0.0
787,47280.0,47280,12.40092301775191,12.40092301775191,14.404240708985904,0.0,12.400923026185456,-8.433543064966791e-09,0.0
788,47340.0,47340,12.412065953265476,12.412065953265476,14.59480155934774,0.0,12.412065961699033,-8.433556987571852e-09,0.0
789,47400.0,47400,12.423015746833576,12.423015746833576,14.785533639485305,0.0,12.423015755267146,-8.43357064112287e-09,0.0
790,47460.0,47460,12.433771802620797,12.433771802620797,14.976433981450699,0.0,12.433771811054378,-8.433584025954426e-09,0.0
791,47520.0,47520,12.444333534425349,12.444333534425349,15.167499608140025,0.0,12.444333542858947,-8.433597142393025e-09,0.0
792,47580.0,47580,12.4547003657492,12.4547003657492,15.358727533441408,0.0,12.45470037418281,-8.433609990769211e-09,0.0
793,47640.0,47640,12.464871729724793,12.464871729724793,15.550114762384139,0.0,12.464871738158417,-8.43362257140869e-09,0.0
794,47700.0,47700,12.474847069199503,12.474847069199503,15.741658291286626,0.0,12.474847077633138,-8.433634884636898e-09,0.0
795,47760.0,47760,12.484625836681229,12.484625836681229,15.933355107905708,0.0,12.484625845114875,-8.433646930777117e-09,0.0
796,47820.0,47820,12.494207494378905,12.494207494378905,16.125202191585096,0.0,12.494207502812564,-8.433658710150618e-09,0.0
797,47880.0,47880,12.503591514196328,12.503591514196328,16.317196513404436,0.0,12.503591522629998,-8.433670223076918e-09,0.0
798,47940.0,47940,12.512777377719654,12.512777377719654,16.509335036328302,0.0,12.512777386153335,-8.433681469871373e-09,0.0
799,48000.0,48000,12.521764576235569,12.521764576235569,16.701614715354978,0.0,12.521764584669262,-8.433692450849068e-09,0.0
800,48060.0,48060,12.530552610758066,12.530552610758066,16.894032497665517,0.0,12.530552619191772,-8.433703166320786e-09,0.0
801,48120.0,48120,12.539140991985484,12.539140991985484,17.086585322773214,0.0,12.5391410004192,-8.433713616597175e-09,0.0
802,48180.0,48180,12.547529240321797,12.547529240321797,17.27927012267244,0.0,12.547529248755522,-8.433723801982836e-09,0.0
803,48240.0,48240,12.55571688591427,12.55571688591427,17.47208382198777,0.0,12.555716894348004,-8.4337337227821e-09,0.0
804,48300.0,48300,12.563703468599837,12.563703468599837,17.665023338123703,0.0,12.56370347703358,-8.43374337929392e-09,0.0
805,48360.0,48360,12.57148853794815,12.57148853794815,17.85808558141357,0.0,12.571488546381902,-8.433752771815907e-09,0.0
806,48420.0,48420,12.579071653243236,12.579071653243236,18.05126745526909,0.0,12.579071661676997,-8.433761900641907e-09,0.0
807,48480.0,48480,12.5864523835013,12.5864523835013,18.244565856329643,0.0,12.586452391935069,-8.433770766063077e-09,0.0
808,48540.0,48540,12.593630307464505,12.593630307464505,18.43797767461183,0.0,12.593630315898285,-8.433779368366139e-09,0.0
809,48600.0,48600,12.60060501361422,12.60060501361422,18.63149979365892,0.0,12.600605022048008,-8.433787707832975e-09,0.0
810,48660.0,48660,12.607376100159364,12.607376100159364,18.825129090690506,0.0,12.60737610859316,-8.433795784745066e-09,0.0
811,48720.0,48720,12.61394317504803,12.61394317504803,19.018862436752006,0.0,12.613943183481833,-8.433803599378648e-09,0.0
812,48780.0,48780,12.620305855968695,12.620305855968693,19.212696696864295,0.0,12.620305864402505,-8.433811152004449e-09,0.0
813,48840.0,48840,12.626463770370185,12.626463770370185,19.406628730173395,0.0,12.626463778804,-8.433818442892114e-09,0.0
814,48900.0,48900,12.632416555424717,12.632416555424717,19.60065539010047,0.0,12.632416563858543,-8.43382547230471e-09,0.0
815,48960.0,48960,12.63816385806581,12.63816385806581,19.794773524491212,0.0,12.638163866499644,-8.43383224050315e-09,0.0
816,49020.0,49020,12.643705335005631,12.643705335005631,19.988979975765872,0.0,12.643705343439471,-8.433838747743237e-09,0.0
817,49080.0,49080,12.649040652673685,12.649040652673685,20.18327158106951,0.0,12.649040661107533,-8.433844994276744e-09,0.0
818,49140.0,49140,12.654169487302607,12.654169487302607,20.377645172421314,0.0,12.654169495736458,-8.433850980351274e-09,0.0
819,49200.0,49200,12.659091524873357,12.659091524873357,20.572097576865247,0.0,12.659091533307215,-8.433856706208657e-09,0.0
820,49260.0,49260,12.663806461141597,12.663806461141597,20.766625616619855,0.0,12.663806469575459,-8.43386217208816e-09,0.0
821,49320.0,49320,12.668314001648493,12.668314001648493,20.96122610922844,0.0,12.66831401008236,-8.433867378225156e-09,0.0
822,49380.0,49380,12.672613861717837,12.672613861717837,21.155895867709493,0.0,12.672613870151707,-8.433872324846549e-09,0.0
823,49440.0,49440,12.676705766444343,12.676705766444343,21.35063170070694,0.0,12.67670577487822,-8.433877012179244e-09,0.0
824,49500.0,49500,12.680589450745835,12.680589450745835,21.54543041264035,0.0,12.680589459179718,-8.433881440442887e-09,0.0
825,49560.0,49560,12.684264659316549,12.684264659316549,21.740288803855865,0.0,12.684264667750433,-8.43388560985107e-09,0.0
826,49620.0,49620,12.687731146674894,12.687731146674894,21.93520367077641,0.0,12.687731155108782,-8.43388952061632e-09,0.0
827,49680.0,49680,12.690988677142114,12.690988677142114,22.130171806052697,0.0,12.690988685576007,-8.433893172943358e-09,0.0
828,49740.0,49740,12.694037024855586,12.694037024855586,22.32518999871383,0.0,12.694037033289481,-8.433896567032338e-09,0.0
829,49800.0,49800,12.696875973797875,12.696875973797875,22.52025503431817,0.0,12.696875982231774,-8.433899703080592e-09,0.0
830,49860.0,49860,12.699505317767477,12.699505317767477,22.715363695104575,0.0,12.699505326201379,-8.43390258127725e-09,0.0
831,49920.0,49920,12.701924860418426,12.701924860418426,22.910512760143316,0.0,12.701924868852334,-8.43390520180943e-09,0.0
832,49980.0,49980,12.704134415265624,12.704134415265624,23.105699005487466,0.0,12.704134423699532,-8.433907564855777e-09,0.0
833,50040.0,50040,12.706133805656858,12.706133805656858,23.30091920432443,0.0,12.706133814090768,-8.433909670595072e-09,0.0
834,50100.0,50100,12.707922864828731,12.707922864828731,23.496170127127073,0.0,12.707922873262643,-8.433911519194805e-09,0.0
835,50160.0,50160,12.709501435899393,12.709501435899393,23.691448541805663,0.0,12.709501444333306,-8.433913110821255e-09,0.0
836,50220.0,50220,12.710869371869919,12.710869371869919,23.8867512138597,0.0,12.710869380303834,-8.433914445635327e-09,0.0
837,50280.0,50280,12.712026535652965,12.712026535652965,24.082074906529815,0.0,12.71202654408688,-8.433915523791873e-09,0.0
838,50340.0,50340,12.71297280005207,12.71297280005207,24.27741638095007,0.0,12.712972808485988,-8.433916345440101e-09,0.0
839,50400.0,50400,12.71370804780564,12.71370804780564,24.472772396299916,0.0,12.71370805623956,-8.433916910725725e-09,0.0
840,50460.0,50460,12.714232171589412,12.714232171589412,24.668139709956915,0.0,12.71423218002333,-8.433917219786124e-09,0.0
841,50520.0,50520,12.714545074019544,12.714545074019544,24.86351507764939,0.0,12.714545082453458,-8.43391727275666e-09,0.0
842,50580.0,50580,12.714646667667536,12.714646667667536,25.058895253609204,0.0,12.714646676101454,-8.433917069766919e-09,0.0
843,50640.0,50640,12.71453687508477,12.71453687508477,25.254276990724748,0.0,12.714536883518688,-8.433916610938818e-09,0.0
844,50700.0,50700,12.71421562880333,12.71421562880333,25.449657040694266,0.0,12.714215637237247,-8.433915896392263e-09,0.0
845,50760.0,50760,12.713682871356147,12.713682871356147,25.645032154179262,0.0,12.71368287979006,-8.433914926239093e-09,0.0
846,50820.0,50820,12.712938555283186,12.712938555283186,25.84039908095815,0.0,12.712938563717099,-8.43391370058859e-09,0.0
847,50880.0,50880,12.711982643161846,12.711982643161846,26.035754570080055,0.0,12.711982651595761,-8.433912219542785e-09,0.0
848,50940.0,50940,12.710815107602727,12.710815107602727,26.231095370019023,0.0,12.710815116036638,-8.433910483199398e-09,0.0
849,51000.0,51000,12.70943593128886,12.70943593128886,26.426418228828236,0.0,12.70943593972277,-8.43390849165105e-09,0.0
850,51060.0,51060,12.707845106959404,12.707845106959404,26.621719894294756,0.0,12.70784511539331,-8.433906244983365e-09,0.0
851,51120.0,51120,12.706042637461085,12.706042637461085,26.816997114094082,0.0,12.706042645894987,-8.43390374328076e-09,0.0
852,51180.0,51180,12.704028535729407,12.704028535729407,27.01224663594545,0.0,12.704028544163306,-8.433900986618108e-09,0.0
853,51240.0,51240,12.701802824849855,12.701802824849855,27.207465207766877,0.0,12.701802833283752,-8.433897975067595e-09,0.0
854,51300.0,51300,12.699365538033733,12.699365538033733,27.40264957783112,0.0,12.699365546467629,-8.433894708696566e-09,0.0
855,51360.0,51360,12.696716718657466,12.696716718657466,27.59779649492129,0.0,12.696716727091356,-8.433891187566719e-09,0.0
856,51420.0,51420,12.693856420265542,12.693856420265542,27.792902708487045,0.0,12.69385642869943,-8.43388741173384e-09,0.0
857,51480.0,51480,12.690784706621296,12.690784706621296,27.98796496880084,0.0,12.690784715055178,-8.433883381249412e-09,0.0
858,51540.0,51540,12.68750165169289,12.68750165169289,28.182980027114972,0.0,12.68750166012677,-8.433879096160887e-09,0.0
859,51600.0,51600,12.684007339681,12.684007339681,28.37794463581837,0.0,12.684007348114873,-8.433874556510606e-09,0.0
860,51660.0,51660,12.680301865058766,12.680301865058766,28.57285554859385,0.0,12.680301873492636,-8.433869762333925e-09,0.0
861,51720.0,51720,12.676385332555324,12.676385332555324,28.76770952057597,0.0,12.676385340989189,-8.433864713663508e-09,0.0
862,51780.0,51780,12.67225785720462,12.67225785720462,28.96250330850862,0.0,12.67225786563848,-8.433859410527714e-09,0.0
863,51840.0,51840,12.667919564365864,12.667919564365864,29.157233670903384,0.0,12.667919572799716,-8.43385385294913e-09,0.0
864,51900.0,51900,12.66337058972247,12.66337058972247,29.351897368198188,0.0,12.663370598156316,-8.43384804094523e-09,0.0
865,51960.0,51960,12.658611079345752,12.658611079345752,29.54649116291597,0.0,12.658611087779594,-8.433841974529859e-09,0.0
866,52020.0,52020,12.653641189661773,12.653641189661773,29.7410118198243,0.0,12.65364119809561,-8.433835653712022e-09,0.0
867,52080.0,52080,12.648461087508071,12.648461087508071,29.935456106094488,0.0,12.648461095941899,-8.433829078496022e-09,0.0
868,52140.0,52140,12.64307095015188,12.64307095015188,30.12982079146158,0.0,12.643070958585701,-8.433822248882396e-09,0.0
869,52200.0,52200,12.637470965313408,12.637470965313408,30.32410264838463,0.0,12.637470973747224,-8.43381516486792e-09,0.0
870,52260.0,52260,12.631661331178963,12.631661331178963,30.518298452207333,0.0,12.63166133961277,-8.433807826442376e-09,0.0
871,52320.0,52320,12.62564225642685,12.62564225642685,30.712404981318826,0.0,12.625642264860648,-8.433800233595278e-09,0.0
872,52380.0,52380,12.619413960263588,12.619413960263588,30.906419017314974,0.0,12.61941396869738,-8.433792386309289e-09,0.0
873,52440.0,52440,12.612976672428838,12.612976672428838,31.100337345160074,0.0,12.612976680862623,-8.433784284564779e-09,0.0
874,52500.0,52500,12.606330633219464,12.606330633219464,31.29415675334878,0.0,12.60633064165324,-8.43377592833527e-09,0.0
875,52560.0,52560,12.599476093543394,12.599476093543394,31.487874034068305,0.0,12.599476101977162,-8.43376731759401e-09,0.0
876,52620.0,52620,12.592413314889985,12.592413314889985,31.681485983361473,0.0,12.592413323323743,-8.433758452308876e-09,0.0
877,52680.0,52680,12.585142569408436,12.585142569408436,31.874989401289334,0.0,12.585142577842186,-8.43374933244478e-09,0.0
878,52740.0,52740,12.577664139888858,12.577664139888858,32.06838109209495,0.0,12.577664148322599,-8.433739957962204e-09,0.0
879,52800.0,52800,12.569978319816169,12.569978319816169,32.26165786436696,0.0,12.569978328249897,-8.433730328820148e-09,0.0
880,52860.0,52860,12.562085413380483,12.562085413380483,32.45481653120385,0.0,12.562085421814205,-8.433720444970355e-09,0.0
881,52920.0,52920,12.553985735490977,12.553985735490977,32.64785391037852,0.0,12.553985743924688,-8.433710306365376e-09,0.0
882,52980.0,52980,12.545679611823228,12.545679611823228,32.84076682450295,0.0,12.545679620256928,-8.433699912952649e-09,0.0
883,53040.0,53040,12.537167378823012,12.537167378823012,33.033552101193685,0.0,12.5371673872567,-8.433689264677465e-09,0.0
884,53100.0,53100,12.528449383736389,12.528449383736389,33.22620657323731,0.0,12.528449392170067,-8.433678361482697e-09,0.0
885,53160.0,53160,12.519525984635488,12.519525984635488,33.41872707875645,0.0,12.519525993069156,-8.433667203305837e-09,0.0
886,53220.0,53220,12.510397550434602,12.510397550434602,33.611110461376065,0.0,12.510397558868256,-8.433655790084916e-09,0.0
887,53280.0,53280,12.501064460939755,12.501064460939755,33.80335357039012,0.0,12.501064469373398,-8.433644121753532e-09,0.0
888,53340.0,53340,12.491527106812727,12.491527106812727,33.99545326092895,0.0,12.49152711524636,-8.43363219824353e-09,0.0
889,53400.0,53400,12.481785889660648,12.481785889660648,34.18740639412602,0.0,12.481785898094268,-8.433620019485281e-09,0.0
890,53460.0,53460,12.471841222025105,12.471841222025105,34.37920983728619,0.0,12.471841230458713,-8.43360758540472e-09,0.0
891,53520.0,53520,12.461693527390233,12.461693527390233,34.570860464053695,0.0,12.461693535823828,-8.433594895929123e-09,0.0
892,53580.0,53580,12.451343240247953,12.451343240247953,34.762355154580305,0.0,12.451343248681535,-8.433581950980525e-09,0.0
893,53640.0,53640,12.44079080607524,12.44079080607524,34.953690795694506,0.0,12.440790814508809,-8.433568750480559e-09,0.0
894,53700.0,53700,12.430036681358018,12.430036681358018,35.14486428107024,0.0,12.430036689791573,-8.433555294351126e-09,0.0
895,53760.0,53760,12.419081333675315,12.419081333675315,35.33587251139616,0.0,12.419081342108857,-8.433541582510766e-09,0.0
896,53820.0,53820,12.407925241631068,12.407925241631068,35.526712394546024,0.0,12.407925250064595,-8.433527614877078e-09,0.0
897,53880.0,53880,12.396568894914822,12.396568894914822,35.71738084574814,0.0,12.396568903348337,-8.433513391365378e-09,0.0
898,53940.0,53940,12.385012794341986,12.385012794341986,35.907874787755716,0.0,12.385012802775485,-8.433498911892455e-09,0.0
899,54000.0,54000,12.37325745183925,12.37325745183925,36.09819115101782,0.0,12.373257460272733,-8.43348417637336e-09,0.0
900,54060.0,54060,12.36130339045877,12.36130339045877,36.28832687385014,0.0,12.36130339889224,-8.43346918472031e-09,0.0
901,54120.0,54120,12.349151144422006,12.349151144422006,36.4782789026059,0.0,12.349151152855459,-8.433453936849028e-09,0.0
902,54180.0,54180,12.336801259130864,12.336801259130864,36.66804419184757,0.0,12.3368012675643,-8.433438432672269e-09,0.0
903,54240.0,54240,12.324254291155878,12.324254291155878,36.857619704518605,0.0,12.324254299589303,-8.433422672101586e-09,0.0
904,54300.0,54300,12.311510808297646,12.311510808297646,37.047002412115084,0.0,12.311510816731051,-8.433406655053369e-09,0.0
905,54360.0,54360,12.298571389560854,12.298571389560854,37.23618929485831,0.0,12.298571397994243,-8.433390381437958e-09,0.0
906,54420.0,54420,12.285436625179694,12.285436625179694,37.42517734186695,0.0,12.285436633613068,-8.433373851169725e-09,0.0
907,54480.0,54480,12.27210711664185,12.27210711664185,37.61396355132959,0.0,12.272107125075207,-8.433357064163584e-09,0.0
908,54540.0,54540,12.258583476691118,12.258583476691118,37.802544930677705,0.0,12.25858348512446,-8.433340020334445e-09,0.0
909,54600.0,54600,12.244866329321091,12.244866329321091,37.99091849675858,0.0,12.244866337754415,-8.433322719598157e-09,0.0
910,54660.0,54660,12.230956309837849,12.230956309837849,38.1790812760082,0.0,12.230956318271152,-8.433305161870575e-09,0.0
911,54720.0,54720,12.216854064792008,12.216854064792008,38.36703030462509,0.0,12.216854073225294,-8.43328734707091e-09,0.0
912,54780.0,54780,12.202560252068047,12.202560252068047,38.55476262874311,0.0,12.202560260501315,-8.433269275118242e-09,0.0
913,54840.0,54840,12.188075540817303,12.188075540817303,38.742275304605606,0.0,12.188075549250554,-8.433250945934872e-09,0.0
914,54900.0,54900,12.173400611527228,12.173400611527228,38.92956539873855,0.0,12.17340061996046,-8.433232359442704e-09,0.0
915,54960.0,54960,12.15853615595727,12.15853615595727,39.11662998812474,0.0,12.158536164390483,-8.433213515566997e-09,0.0
916,55020.0,55020,12.143482877218661,12.143482877218661,39.303466160377,0.0,12.143482885651855,-8.433194414235703e-09,0.0
917,55080.0,55080,12.128241489729776,12.128241489729776,39.49007101391265,0.0,12.128241498162954,-8.433175055377846e-09,0.0
918,55140.0,55140,12.11281271919771,12.11281271919771,39.67644165812721,0.0,12.112812727630862,-8.433155438926754e-09,0.0
919,55200.0,55200,12.097197302689493,12.097197302689493,39.862575213567936,0.0,12.09719731112263,-8.433135564815886e-09,0.0
920,55260.0,55260,12.081395988544447,12.081395988544447,40.04846881210832,0.0,12.081395996977562,-8.433115432985695e-09,0.0
921,55320.0,55320,12.06540953643551,12.06540953643551,40.234119597121335,0.0,12.065409544868606,-8.43309504337502e-09,0.0
922,55380.0,55380,12.049238717321405,12.049238717321405,40.419524723653616,0.0,12.04923872575448,-8.433074395931432e-09,0.0
923,55440.0,55440,12.032884313480812,12.032884313480812,40.60468135859884,0.0,12.032884321913865,-8.433053490601168e-09,0.0
924,55500.0,55500,12.016347118476814,12.016347118476814,40.78958668087171,0.0,12.016347126909846,-8.433032327338252e-09,0.0
925,55560.0,55560,11.99962793712518,11.99962793712518,40.97423788158136,0.0,11.999627945558188,-8.433010906097116e-09,0.0
926,55620.0,55620,149.99999844067085,-150.00000155932915,41.158632164204235,300.0,8.435919095248596e-09,-150.00000156776505,0.0
927,55680.0,55680,149.99999844067085,-150.00000155932915,38.65863213820447,300.0,8.435918357583636e-09,-150.00000156776505,0.0
928,55740.0,55740,149.99999844067088,-150.00000155932915,36.1586321122047,300.0,8.435917691189806e-09,-150.00000156776505,0.0
929,55800.0,55800,149.99999844067088,-150.0000015593291,33.658632086204925,300.0,8.43591709606791e-09,-150.00000156776503,0.0
930,55860.0,55860,149.99999844067088,-150.00000155932915,31.158632060205154,300.0,8.435916572219832e-09,-150.00000156776505,0.0
931,55920.0,55920,149.99999844067088,-150.00000155932912,28.658632034205386,300.0,8.43591611964638e-09,-150.00000156776503,0.0
932,55980.0,55980,149.99999844067088,-150.0000015593291,26.158632008205615,300.0,8.43591573835024e-09,-150.00000156776503,0.0
933,56040.0,56040,149.99999844067088,-150.0000015593291,23.658631982205844,300.0,8.435915428333295e-09,-150.00000156776503,0.0
934,56100.0,56100,149.9999984406709,-150.0000015593291,21.158631956206076,300.0,8.435915189597022e-09,-150.000001567765,0.0
935,56160.0,56160,16.391332677971835,11.391332677971695,18.658631930206305,5.000000000000142,11.391332686405836,-8.434142575911363e-09,0.0
936,56220.0,56220,11.926663009982743,11.926663009982743,18.83367874234685,0.0,11.926663018415635,-8.432890249322596e-09,0.0
937,56280.0,56280,11.928157788845402,11.928157788845402,19.01695179725597,0.0,11.92815779727829,-8.432887783366386e-09,0.0
938,56340.0,56340,11.929439145535165,11.929439145535165,19.200247821933612,0.0,11.929439153968051,-8.432885073881633e-09,0.0
939,56400.0,56400,11.930506970005354,11.930506970005354,19.38356353679239,0.0,11.930506978438236,-8.432882120815102e-09,0.0
940,56460.0,56460,11.931361164034692,11.931361164034692,19.566895660553858,0.0,11.931361172467572,-8.432878924106979e-09,0.0
941,56520.0,56520,11.932001641188364,11.932001641188364,19.750240910430243,0.0,11.93200164962124,-8.432875483700133e-09,0.0
942,56580.0,56580,11.932428326862343,11.932428326862343,19.933596002305556,0.0,11.932428335295214,-8.432871799535418e-09,0.0
943,56640.0,56640,11.932641158294983,11.932641158294983,20.116957650917392,0.0,11.93264116672785,-8.432867871551807e-09,0.0
944,56700.0,56700,11.932640084584945,11.932640084584945,20.30032257003891,0.0,11.93264009301781,-8.432863699687466e-09,0.0
945,56760.0,56760,11.932425066686095,11.932425066686095,20.48368747266108,0.0,11.932425075118953,-8.43285928387989e-09,0.0
946,56820.0,56820,11.931996077456226,11.931996077456226,20.667049071174876,0.0,11.931996085889079,-8.432854624063882e-09,0.0
947,56880.0,56880,11.931353101643126,11.931353101643126,20.850404077554174,0.0,11.931353110075975,-8.432849720172502e-09,0.0
948,56940.0,56940,11.930496135924775,11.930496135924775,21.033749203538477,0.0,11.93049614435762,-8.432844572140958e-09,0.0
949,57000.0,57000,11.929425188919762,11.929425188919762,21.217081160816242,0.0,11.929425197352602,-8.432839179900828e-09,0.0
950,57060.0,57060,11.928140281166286,11.928140281166286,21.400396661208358,0.0,11.92814028959912,-8.432833543382213e-09,0.0
951,57120.0,57120,11.92664144519976,11.92664144519976,21.583692416851335,0.0,11.926641453632588,-8.432827662515083e-09,0.0
952,57180.0,57180,11.92492872551726,11.92492872551726,21.766965140381625,0.0,11.924928733950079,-8.432821537228861e-09,0.0
953,57240.0,57240,11.923002178623893,11.923002178623893,21.95021154511946,0.0,11.923002187056708,-8.432815167449888e-09,0.0
954,57300.0,57300,11.920861873032848,11.920861873032848,22.13342834525336,0.0,11.920861881465656,-8.432808553105843e-09,0.0
955,57360.0,57360,11.91850788928665,11.91850788928665,22.316612256024687,0.0,11.91850789771945,-8.432801694122122e-09,0.0
956,57420.0,57420,11.915940319955123,11.915940319955123,22.499759993912445,0.0,11.915940328387915,-8.432794590422912e-09,0.0
957,57480.0,57480,11.913159269682595,11.913159269682595,22.68286827681814,0.0,11.913159278115382,-8.432787241932262e-09,0.0
958,57540.0,57540,11.910164855177575,11.910164855177575,22.865933824251314,0.0,11.910164863610355,-8.43277964857463e-09,0.0
959,57600.0,57600,11.906957205238484,11.906957205238484,23.04895335751493,0.0,11.906957213671255,-8.432771810272051e-09,0.0
960,57660.0,57660,11.903536460765386,11.903536460765386,23.231923599891147,0.0,11.90353646919815,-8.432763726944276e-09,0.0
961,57720.0,57720,11.899902774760962,11.899902774760962,23.414841276827293,0.0,11.899902783193719,-8.432755398515219e-09,0.0
962,57780.0,57780,11.89605631236838,11.89605631236838,23.59770311612184,0.0,11.896056320801128,-8.432746824903423e-09,0.0
963,57840.0,57840,11.891997250878537,11.891997250878537,23.78050584811095,0.0,11.891997259311276,-8.432738006029307e-09,0.0
964,57900.0,57900,11.887725779742865,11.887725779742865,23.963246205855164,0.0,11.887725788175594,-8.432728941813566e-09,0.0
965,57960.0,57960,11.883242100563006,11.883242100563006,24.145920925326266,0.0,11.883242108995724,-8.43271963217447e-09,0.0
966,58020.0,58020,11.878546427140893,11.878546427140893,24.32852674559397,0.0,11.878546435573604,-8.432710077031501e-09,0.0
967,58080.0,58080,11.873638985479616,11.873638985479616,24.511060409013417,0.0,11.873638993912316,-8.432700276303198e-09,0.0
968,58140.0,58140,11.868520013789084,11.868520013789084,24.693518661412675,0.0,11.868520022221773,-8.432690229909177e-09,0.0
969,58200.0,58200,11.863189762490062,11.863189762490062,24.875898252280283,0.0,11.863189770922743,-8.432679937766368e-09,0.0
970,58260.0,58260,11.857648494261747,11.857648494261747,25.058195934952934,0.0,11.857648502694419,-8.432669399796666e-09,0.0
971,58320.0,58320,11.851896484013306,11.851896484013306,25.240408466803814,0.0,11.851896492445965,-8.43265861591566e-09,0.0
972,58380.0,58380,11.84593401891677,11.84593401891677,25.422532609430533,0.0,11.845934027349417,-8.432647586044577e-09,0.0
973,58440.0,58440,11.839761398421707,11.839761398421707,25.60456512884361,0.0,11.839761406854343,-8.432636310104375e-09,0.0
974,58500.0,58500,11.83337893424701,11.83337893424701,25.78650279565508,0.0,11.833378942679635,-8.432624788011984e-09,0.0
975,58560.0,58560,11.826786950421107,11.826786950421107,25.968342385267057,0.0,11.826786958853722,-8.432613019690782e-09,0.0
976,58620.0,58620,11.819985783255046,11.819985783255046,26.150080678060917,0.0,11.819985791687648,-8.432601005061193e-09,0.0
977,58680.0,58680,11.812975781371534,11.812975781371534,26.33171445958598,0.0,11.812975789804122,-8.432588744045114e-09,0.0
978,58740.0,58740,11.805757305738682,11.805757305738682,26.513240520748777,0.0,11.80575731417126,-8.432576236567004e-09,0.0
979,58800.0,58800,11.798330729626377,11.798330729626377,26.694655658002684,0.0,11.798330738058942,-8.432563482549032e-09,0.0
980,58860.0,58860,11.790696438644403,11.790696438644403,26.875956673536994,0.0,11.790696447076954,-8.432550481919145e-09,0.0
981,58920.0,58920,11.78285483076448,11.78285483076448,27.05714037546655,0.0,11.782854839197016,-8.432537234601532e-09,0.0
982,58980.0,58980,11.774806316285014,11.774806316285014,27.238203578021682,0.0,11.774806324717538,-8.432523740524413e-09,0.0
983,59040.0,59040,11.766551317882746,11.766551317882746,27.419143101737646,0.0,11.766551326315257,-8.432509999618959e-09,0.0
984,59100.0,59100,11.758090270582167,11.758090270582167,27.599955773644833,0.0,11.758090279014665,-8.43249601181541e-09,0.0
985,59160.0,59160,11.749423621784823,11.749423621784823,27.780638427458495,0.0,11.749423630217304,-8.432481777046956e-09,0.0
986,59220.0,59220,11.740551831261453,11.740551831261453,27.961187903768977,0.0,11.740551839693921,-8.432467295247461e-09,0.0
987,59280.0,59280,11.731475371142663,11.731475371142663,28.14160105023175,0.0,11.731475379575116,-8.432452566354957e-09,0.0
988,59340.0,59340,11.722194725967995,11.722194725967995,28.321874721757354,0.0,11.722194734400434,-8.43243759030936e-09,0.0
989,59400.0,59400,11.712710392622244,11.712710392622244,28.502005780702117,0.0,11.712710401054666,-8.43242236705031e-09,0.0
990,59460.0,59460,11.703022880400583,11.703022880400583,28.681991097057796,0.0,11.70302288883299,-8.4324068965227e-09,0.0
991,59520.0,59520,11.69313271096081,11.69313271096081,28.861827548642342,0.0,11.693132719393203,-8.432391178674367e-09,0.0
992,59580.0,59580,11.683040418350982,11.683040418350982,29.041512021289822,0.0,11.683040426783359,-8.432375213453295e-09,0.0
993,59640.0,59640,11.672746548967751,11.672746548967751,29.221041409040872,0.0,11.67274655740011,-8.432359000811629e-09,0.0
994,59700.0,59700,11.662251661637633,11.662251661637633,29.40041261433239,0.0,11.662251670069974,-8.432342540706219e-09,0.0
995,59760.0,59760,11.651556327503549,11.651556327503549,29.57962254818861,0.0,11.651556335935876,-8.432325833095392e-09,0.0
996,59820.0,59820,11.640661130114605,11.640661130114605,29.7586681304103,0.0,11.640661138546912,-8.432308877941111e-09,0.0
997,59880.0,59880,11.629566665366122,11.629566665366122,29.937546289765447,0.0,11.629566673798415,-8.432291675210172e-09,0.0
998,59940.0,59940,11.618273541508646,11.618273541508646,30.116253964178956,0.0,11.618273549940923,-8.432274224870042e-09,0.0
999,60000.0,60000,11.606782379137151,11.606782379137151,30.294788100922528,0.0,11.60678238756941,-8.432256526896934e-09,0.0
1000,60060.0,60060,11.595093811191616,11.595093811191616,30.47314565680432,0.0,11.595093819623854,-8.432238581266244e-09,0.0
1001,60120.0,60120,11.583208482929487,11.583208482929487,30.651323598358687,0.0,11.58320849136171,-8.432220387961306e-09,0.0
1002,60180.0,60180,11.571127051934944,11.571127051934944,30.82931890203542,0.0,11.571127060367145,-8.4322019469676e-09,0.0
1003,60240.0,60240,11.558850188091146,11.558850188091146,31.007128554389208,0.0,11.558850196523329,-8.432183258276662e-09,0.0
1004,60300.0,60300,11.546378573567939,11.546378573567939,31.184749552268595,0.0,11.546378582000102,-8.432164321882976e-09,0.0
1005,60360.0,60360,11.533712902816953,11.533712902816953,31.362178903004807,0.0,11.533712911249099,-8.432145137788427e-09,0.0
1006,60420.0,60420,11.520853882528137,11.520853882528137,31.53941362460048,0.0,11.520853890960263,-8.432125705999734e-09,0.0
1007,60480.0,60480,11.507802231652207,11.507802231652207,31.716450745917715,0.0,11.507802240084315,-8.432106026525636e-09,0.0
1008,60540.0,60540,11.49455868134153,11.49455868134153,31.89328730686649,0.0,11.494558689773617,-8.432086099384144e-09,0.0
1009,60600.0,60600,11.481123974957997,11.481123974957997,32.06992035859216,0.0,11.481123983390061,-8.432065924596768e-09,0.0
1010,60660.0,60660,11.467498868035936,11.467498868035936,32.246346963663065,0.0,11.467498876467982,-8.432045502192944e-09,0.0
1011,60720.0,60720,11.453684128245849,11.453684128245849,32.4225641962576,0.0,11.453684136677875,-8.43202483220547e-09,0.0
1012,60780.0,60780,11.439680535406412,11.439680535406412,32.598569142350705,0.0,11.439680543838415,-8.432003914675349e-09,0.0
1013,60840.0,60840,11.425488881424627,11.425488881424627,32.7743588999005,0.0,11.425488889856611,-8.431982749650565e-09,0.0
1014,60900.0,60900,11.411109970268491,11.411109970268491,32.94993057903412,0.0,11.411109978700452,-8.431961337183411e-09,0.0
1015,60960.0,60960,11.3965446179469,11.3965446179469,33.125281302232956,0.0,11.396544626378839,-8.431939677333704e-09,0.0
1016,61020.0,61020,11.381793652485795,11.381793652485795,33.3004082045178,0.0,11.381793660917712,-8.431917770169461e-09,0.0
1017,61080.0,61080,11.366857913863576,11.366857913863576,33.47530843363339,0.0,11.366857922295472,-8.431895615765151e-09,0.0
1018,61140.0,61140,11.351738254000791,11.351738254000791,33.64997915023214,0.0,11.351738262432663,-8.431873214202504e-09,0.0
1019,61200.0,61200,11.336435536721428,11.336435536721428,33.82441752805767,0.0,11.336435545153279,-8.431850565571045e-09,0.0
1020,61260.0,61260,11.32095063769074,11.32095063769074,33.99862075412768,0.0,11.320950646122567,-8.43182766996675e-09,0.0
1021,61320.0,61320,11.305284444412372,11.305284444412372,34.172586028915916,0.0,11.305284452844178,-8.431804527496484e-09,0.0
1022,61380.0,61380,11.289437856125087,11.289437856125087,34.3463105665341,0.0,11.289437864556868,-8.43178113827182e-09,0.0
1023,61440.0,61440,11.273411783824159,11.273411783824159,34.519791594912284,0.0,11.273411792255915,-8.431757502412928e-09,0.0
1024,61500.0,61500,11.25720715018169,11.25720715018169,34.693026355979434,0.0,11.257207158613426,-8.431733620053558e-09,0.0
1025,61560.0,61560,11.240824889468442,11.240824889468442,34.86601210584295,0.0,11.240824897900152,-8.431709491329613e-09,0.0
1026,61620.0,61620,11.224265947568071,11.224265947568071,35.038746114966834,0.0,11.224265955999757,-8.431685116388684e-09,0.0
1027,61680.0,61680,11.207531281860593,11.207531281860593,35.21122566835018,0.0,11.207531290292254,-8.43166049538657e-09,0.0
1028,61740.0,61740,11.190621861201805,11.190621861201805,35.38344806570383,0.0,11.190621869633441,-8.43163562848982e-09,0.0
1029,61800.0,61800,11.173538665850275,11.173538665850275,35.555410621626685,0.0,11.173538674281886,-8.431610515874253e-09,0.0
1030,61860.0,61860,11.156282687415663,11.156282687415663,35.72711066578097,0.0,11.15628269584725,-8.431585157722148e-09,0.0
1031,61920.0,61920,11.138854928795263,11.138854928795263,35.898545543066646,0.0,11.138854937226823,-8.431559554230569e-09,0.0
1032,61980.0,61980,11.121256404092485,11.121256404092485,36.069712613794856,0.0,11.121256412524017,-8.431533705600877e-09,0.0
1033,62040.0,62040,11.10348813857839,11.10348813857839,36.24060925386013,0.0,11.103488147009898,-8.431507612050165e-09,0.0
1034,62100.0,62100,11.0855511685905,11.0855511685905,36.41123285491201,0.0,11.08555117702198,-8.431481273801303e-09,0.0
1035,62160.0,62160,11.067446541502175,11.067446541502175,36.58158082452506,0.0,11.06744654993363,-8.43145469108953e-09,0.0
1036,62220.0,62220,11.049175315584607,11.049175315584607,36.75165058636854,0.0,11.049175324016034,-8.431427864161644e-09,0.0
1037,62280.0,62280,11.0307385600041,11.0307385600041,36.92143958037374,0.0,11.030738568435499,-8.431400793272512e-09,0.0
1038,62340.0,62340,11.01213735468907,11.01213735468907,37.09094526290153,0.0,11.012137363120445,-8.431373478691241e-09,0.0
1039,62400.0,62400,10.993372790269792,10.993372790269792,37.260165106907635,0.0,10.993372798701138,-8.431345920694475e-09,0.0
1040,62460.0,62460,10.974445967986414,10.974445967986414,37.429096602107165,0.0,10.974445976417735,-8.431318119573371e-09,0.0
1041,62520.0,62520,10.955357999619647,10.955357999619647,37.597737255137616,0.0,10.955358008050938,-8.431290075628496e-09,0.0
1042,62580.0,62580,10.936110007373424,10.936110007373424,37.766084589720826,0.0,10.936110015804687,-8.431261789172514e-09,0.0
1043,62640.0,62640,10.916703123815031,10.916703123815031,37.93413614682319,0.0,10.916703132246262,-8.431233260529652e-09,0.0
1044,62700.0,62700,10.897138491754502,10.897138491754502,38.101889484814876,0.0,10.897138500185708,-8.431204490035293e-09,0.0
1045,62760.0,62760,149.99999844067182,-150.00000155932818,38.26934217962722,300.0,8.435837340290038e-09,-150.000001567764,0.0
1046,62820.0,62820,149.99999844067185,-150.00000155932815,35.76934215362746,300.0,8.43583627387551e-09,-150.000001567764,0.0
1047,62880.0,62880,149.99999844067185,-150.00000155932815,33.26934212762771,300.0,8.435835278785879e-09,-150.000001567764,0.0
1048,62940.0,62940,149.99999844067185,-150.00000155932815,30.76934210162796,300.0,8.43583435502007e-09,-150.00000156776397,0.0
1049,63000.0,63000,149.99999844067185,-150.00000155932813,28.269342075628206,300.0,8.43583350257768e-09,-150.00000156776397,0.0
1050,63060.0,63060,149.99999844067187,-150.00000155932813,25.769342049628452,300.0,8.435832721458979e-09,-150.00000156776395,0.0
1051,63120.0,63120,149.99999844067187,-150.00000155932813,23.2693420236287,300.0,8.435832011663564e-09,-150.00000156776397,0.0
1052,63180.0,63180,149.9999984406719,-150.00000155932813,20.769341997628946,300.0,8.435831373191703e-09,-150.00000156776395,0.0
1053,63240.0,63240,149.9999984406442,-65.00000155935591,18.269341971629196,215.0000000000001,8.459212484391739e-09,-65.00000156781512,0.0
1054,63300.0,63300,10.782602301446262,10.782602301446262,17.186008612295616,0.0,10.782602309877278,-8.431015597536517e-09,0.0
1055,63360.0,63360,10.779149629640587,10.779149629640587,17.351701267650228,0.0,10.77914963807159,-8.431005480594422e-09,0.0
1056,63420.0,63420,10.77549049687951,10.77549049687951,17.517340866948096,0.0,10.775490505310506,-8.4309951401357e-09,0.0
1057,63480.0,63480,10.771625134883546,10.771625134883546,17.682924237572532,0.0,10.771625143314532,-8.430984576129296e-09,0.0
1058,63540.0,63540,10.767553789219038,10.767553789219038,17.84844821046763,0.0,10.767553797650011,-8.430973788550883e-09,0.0
1059,63600.0,63600,10.763276719296778,10.763276719296778,18.01390962035102,0.0,10.763276727727742,-8.43096277737976e-09,0.0
1060,63660.0,63660,10.758794198355554,10.758794198355554,18.1793053059266,0.0,10.758794206786506,-8.430951542602213e-09,0.0
1061,63720.0,63720,10.754106513478968,10.754106513478968,18.344632110097052,0.0,10.75410652190991,-8.43094008420937e-09,0.0
1062,63780.0,63780,10.749213965574224,10.749213965574224,18.50988688017657,0.0,10.749213974005151,-8.43092840219949e-09,0.0
1063,63840.0,63840,10.74411686936827,10.74411686936827,18.67506646810328,0.0,10.744116877799186,-8.43091649657727e-09,0.0
1064,63900.0,63900,10.738815553402178,10.738815553402178,18.84016773065163,0.0,10.738815561833084,-8.430904367351585e-09,0.0
1065,63960.0,63960,10.733310360016667,10.733310360016667,19.005187529644633,0.0,10.733310368447558,-8.43089201453924e-09,0.0
1066,64020.0,64020,10.727601645337401,10.727601645337401,19.170122732165943,0.0,10.727601653768279,-8.43087943816268e-09,0.0
1067,64080.0,64080,10.721689779267772,10.721689779267772,19.334970210771687,0.0,10.72168978769864,-8.430866638251345e-09,0.0
1068,64140.0,64140,10.715575145491055,10.715575145491055,19.499726843702152,0.0,10.715575153921908,-8.430853614840587e-09,0.0
1069,64200.0,64200,10.709258141418543,10.709258141418543,19.66438951509359,0.0,10.709258149849383,-8.430840367972212e-09,0.0
1070,64260.0,64260,10.70273917820144,10.70273917820144,19.82895511518911,0.0,10.702739186632268,-8.430826897695821e-09,0.0
1071,64320.0,64320,10.696018680720067,10.696018680720067,19.99342054054986,0.0,10.696018689150879,-8.430813204066529e-09,0.0
1072,64380.0,64380,10.68909708753697,10.68909708753697,20.157782694265983,0.0,10.68909709596777,-8.43079928714778e-09,0.0
1073,64440.0,64440,10.681974850912164,10.681974850912164,20.322038486166857,0.0,10.68197485934295,-8.430785147006921e-09,0.0
1074,64500.0,64500,10.674652436732375,10.674652436732375,20.486184833031594,0.0,10.674652445163145,-8.430770783724605e-09,0.0
1075,64560.0,64560,10.667130324559022,10.667130324559022,20.650218658798437,0.0,10.667130332989778,-8.430756197381889e-09,0.0
1076,64620.0,64620,10.65940900752914,10.65940900752914,20.814136894774887,0.0,10.659409015959882,-8.430741388070851e-09,0.0
1077,64680.0,64680,10.651488992385904,10.651488992385904,20.977936479846306,0.0,10.65148900081663,-8.430726355889753e-09,0.0
1078,64740.0,64740,10.643370799425119,10.643370799425119,21.141614360685026,0.0,10.64337080785583,-8.430711100946536e-09,0.0
1079,64800.0,64800,10.635054962472692,10.635054962472692,21.305167491958578,0.0,10.635054970903388,-8.430695623354384e-09,0.0
1080,64860.0,64860,10.626542028854027,10.626542028854027,21.468592836537635,0.0,10.626542037284707,-8.43067992323495e-09,0.0
1081,64920.0,64920,10.617832559376012,10.617832559376012,21.631887365703413,0.0,10.617832567806676,-8.430664000717812e-09,0.0
1082,64980.0,64980,10.608927128279113,10.608927128279113,21.795048059354883,0.0,10.608927136709761,-8.430647855940623e-09,0.0
1083,65040.0,65040,10.599826323200357,10.599826323200357,21.958071906215164,0.0,10.59982633163099,-8.430631489049496e-09,0.0
1084,65100.0,65100,10.59053074514333,10.59053074514333,22.120955904037395,0.0,10.590530753573946,-8.430614900198751e-09,0.0
1085,65160.0,65160,10.5810410084607,10.5810410084607,22.28369705981016,0.0,10.581041016891296,-8.430598089549958e-09,0.0
1086,65220.0,65220,10.571357740782723,10.571357740782723,22.44629238996256,0.0,10.571357749213304,-8.430581057274374e-09,0.0
1087,65280.0,65280,10.561481582994473,10.561481582994473,22.608738920568307,0.0,10.561481591425038,-8.430563803550242e-09,0.0
1088,65340.0,65340,10.55141318918552,10.55141318918552,22.77103368754938,0.0,10.551413197616066,-8.430546328567904e-09,0.0
1089,65400.0,65400,10.541153226623113,10.541153226623113,22.93317373687892,0.0,10.541153235053642,-8.430528632522806e-09,0.0
1090,65460.0,65460,10.530702375684106,10.530702375684106,23.09515612478375,0.0,10.530702384114615,-8.430510715619675e-09,0.0
1091,65520.0,65520,10.52006132982773,10.52006132982773,23.25697791794582,0.0,10.520061338258222,-8.43049257807426e-09,0.0
1092,65580.0,65580,10.509230795532277,10.509230795532277,23.418636193703232,0.0,10.509230803962751,-8.430474220110637e-09,0.0
1093,65640.0,65640,10.498211492242392,10.498211492242392,23.5801280402503,0.0,10.498211500672848,-8.43045564196136e-09,0.0
1094,65700.0,65700,10.48700415234031,10.48700415234031,23.741450556836813,0.0,10.487004160770747,-8.43043684386879e-09,0.0
1095,65760.0,65760,10.475609521059326,10.475609521059326,23.90260085396683,0.0,10.475609529489745,-8.430417826083758e-09,0.0
1096,65820.0,65820,10.464028356457833,10.464028356457833,24.063576053596165,0.0,10.464028364888232,-8.43039858886906e-09,0.0
1097,65880.0,65880,10.452261429329736,10.452261429329736,24.224373289329453,0.0,10.452261437760113,-8.430379132495958e-09,0.0
1098,65940.0,65940,10.440309523180341,10.440309523180341,24.38498970661588,0.0,10.440309531610701,-8.430359457243109e-09,0.0
1099,66000.0,66000,10.428173434122714,10.428173434122714,24.545422462944472,0.0,10.428173442553053,-8.430339563403686e-09,0.0
1100,66060.0,66060,10.415853970862928,10.415853970862928,24.705668728037878,0.0,10.41585397929325,-8.430319451277048e-09,0.0
1101,66120.0,66120,10.403351954582897,10.403351954582897,24.86572568404586,0.0,10.403351963013195,-8.430299121173575e-09,0.0
1102,66180.0,66180,10.390668218919611,10.390668218919611,25.025590525737005,0.0,10.39066822734989,-8.430278573415607e-09,0.0
1103,66240.0,66240,10.377803609863653,10.377803609863653,25.185260460690127,0.0,10.377803618293909,-8.430257808332618e-09,0.0
1104,66300.0,66300,10.364758985700167,10.364758985700167,25.344732709484088,0.0,10.364758994130405,-8.430236826267378e-09,0.0
1105,66360.0,66360,10.351535216918835,10.351535216918835,25.504004505886737,0.0,10.35153522534905,-8.430215627571269e-09,0.0
1106,66420.0,66420,10.338133186182851,10.338133186182851,25.663073097042446,0.0,10.338133194613045,-8.430194212606961e-09,0.0
1107,66480.0,66480,10.324553788193105,10.324553788193105,25.82193574365918,0.0,10.324553796623277,-8.430172581748818e-09,0.0
1108,66540.0,66540,10.310797929641963,10.310797929641963,25.980589720193468,0.0,10.310797938072112,-8.43015073537806e-09,0.0
1109,66600.0,66600,10.29686652913429,10.29686652913429,26.13903231503469,0.0,10.29686653756442,-8.430128673892979e-09,0.0
1110,66660.0,66660,149.99999844067239,-150.00000155932761,26.297260830688113,300.0,8.43578705239642e-09,-150.0000015677634,0.0
1111,66720.0,66720,149.99999844067239,-150.00000155932761,23.797260804688364,300.0,8.435786282947955e-09,-150.00000156776338,0.0
1112,66780.0,66780,149.9999984406724,-150.00000155932761,21.297260778688624,300.0,8.435785584830167e-09,-150.00000156776338,0.0
1113,66840.0,66840,149.9999984406724,-150.00000155932761,18.797260752688878,300.0,8.435784958041713e-09,-150.00000156776338,0.0
1114,66900.0,66900,149.9999984406724,-150.0000015593276,16.29726072668913,300.0,8.435784402581923e-09,-150.00000156776338,0.0
1115,66960.0,66960,149.9999984406724,-150.0000015593276,13.797260700689389,300.0,8.435783918452271e-09,-150.00000156776338,0.0
1116,67020.0,67020,149.9999984406724,-150.00000155932756,11.297260674689646,300.0,8.435783505648863e-09,-150.00000156776335,0.0
1117,67080.0,67080,149.9999984406724,-150.0000015593276,8.797260648689905,300.0,8.435783164174922e-09,-150.00000156776338,0.0
1118,67140.0,67140,149.9999984406724,-150.00000155932756,6.29726062269016,300.0,8.435782894029376e-09,-150.00000156776335,0.0
1119,67200.0,67200,149.99999844065337,-25.000001559346497,3.7972605966904176,174.99999999999986,8.449186070106154e-09,-25.000001567795685,0.0
1120,67260.0,67260,10.233876920463905,10.233876920463905,3.3805939040236748,0.0,10.233876928893913,-8.430009433229109e-09,0.0
1121,67320.0,67320,10.236326829639772,10.236326829639772,3.537854479357194,0.0,10.23632683806978,-8.430008102299695e-09,0.0
1122,67380.0,67380,10.238574793622043,10.238574793622043,3.6951527016283823,0.0,10.23857480205205,-8.43000656480774e-09,0.0
1123,67440.0,67440,10.240620632925868,10.240620632925868,3.852485467612765,0.0,10.240620641355873,-8.430004820658748e-09,0.0
1124,67500.0,67500,10.24246418230238,10.24246418230238,4.009849671327783,0.0,10.242464190732383,-8.430002869770181e-09,0.0
1125,67560.0,67560,10.244105290818334,10.244105290818334,4.1672422042515525,0.0,10.244105299248336,-8.43000071206327e-09,0.0
1126,67620.0,67620,10.24554382183665,10.24554382183665,4.3246599555428515,0.0,10.24554383026665,-8.429998347466098e-09,0.0
1127,67680.0,67680,10.246779653090341,10.246779653090341,4.482099812260798,0.0,10.246779661520337,-8.429995775916966e-09,0.0
1128,67740.0,67740,10.247812676672886,10.247812676672886,4.639558659585678,0.0,10.247812685102877,-8.429992997360225e-09,0.0
1129,67800.0,67800,10.248642799054377,10.248642799054377,4.797033381039608,0.0,10.248642807484368,-8.429990011748556e-09,0.0
1130,67860.0,67860,10.249269941141776,10.249269941141776,4.9545208587074665,0.0,10.249269949571763,-8.429986819042438e-09,0.0
1131,67920.0,67920,10.24969403826198,10.24969403826198,5.112017973458736,0.0,10.249694046691962,-8.429983419207463e-09,0.0
1132,67980.0,67980,10.249915040193738,10.249915040193738,5.269521605169085,0.0,10.249915048623716,-8.429979812220103e-09,0.0
1133,68040.0,68040,10.24993291118738,10.24993291118738,5.427028632942453,0.0,10.249932919617354,-8.429975998064097e-09,0.0
1134,68100.0,68100,10.249747629984439,10.249747629984439,5.584535935333423,0.0,10.249747638414412,-8.429971976731108e-09,0.0
1135,68160.0,68160,10.249359189802812,10.249359189802812,5.742040390569908,0.0,10.24935919823278,-8.429967748217373e-09,0.0
1136,68220.0,68220,10.248767598404122,10.248767598404122,5.899538876775601,0.0,10.248767606834086,-8.429963312531495e-09,0.0
1137,68280.0,68280,10.247972878052387,10.247972878052387,6.0570282721934685,0.0,10.247972886482344,-8.429958669688529e-09,0.0
1138,68340.0,68340,10.246975065564834,10.246975065564834,6.214505455408597,0.0,10.246975073994788,-8.429953819711193e-09,0.0
1139,68400.0,68400,10.245774212287985,10.245774212287985,6.371967305571833,0.0,10.245774220717934,-8.429948762628791e-09,0.0
1140,68460.0,68460,10.2443703841444,10.2443703841444,6.529410702623049,0.0,10.244370392574343,-8.429943498481111e-09,0.0
1141,68520.0,68520,10.24276366157855,10.24276366157855,6.686832527515125,0.0,10.242763670008488,-8.42993802731547e-09,0.0
1142,68580.0,68580,10.240954139648988,10.240954139648988,6.8442296624371055,0.0,10.24095414807892,-8.429932349187114e-09,0.0
1143,68640.0,68640,10.238941927947103,10.238941927947103,7.001598991038769,0.0,10.23894193637703,-8.429926464159357e-09,0.0
1144,68700.0,68700,10.236727150658938,10.236727150658938,7.158937398653945,0.0,10.236727159088856,-8.429920372303983e-09,0.0
1145,68760.0,68760,10.234309946531395,10.234309946531395,7.316241772524795,0.0,10.234309954961311,-8.429914073700564e-09,0.0
1146,68820.0,68820,10.231690468889386,10.231690468889386,7.473509002025551,0.0,10.231690477319296,-8.429907568439032e-09,0.0
1147,68880.0,68880,10.228868885642312,10.228868885642312,7.630735978886541,0.0,10.228868894072212,-8.429900856615497e-09,0.0
1148,68940.0,68940,10.225845379250122,10.225845379250122,7.787919597418303,0.0,10.225845387680016,-8.429893938334272e-09,0.0
1149,69000.0,69000,10.222620146747765,10.222620146747765,7.9450567547351705,0.0,10.222620155177651,-8.429886813713915e-09,0.0
1150,69060.0,69060,10.219193399735703,10.219193399735703,8.102144350979252,0.0,10.219193408165582,-8.429879482872317e-09,0.0
1151,69120.0,69120,10.215565364358028,10.215565364358028,8.259179289544248,0.0,10.215565372787902,-8.42987194594403e-09,0.0
1152,69180.0,69180,10.211736281305447,10.211736281305447,8.41615847729894,0.0,10.211736289735313,-8.429864203069394e-09,0.0
1153,69240.0,69240,10.207706405803421,10.207706405803421,8.573078824810722,0.0,10.207706414233277,-8.429856254396407e-09,0.0
1154,69300.0,69300,10.203476007604404,10.203476007604404,8.72993724656896,0.0,10.203476016034253,-8.429848100084089e-09,0.0
1155,69360.0,69360,10.199045370967895,10.199045370967895,8.886730661208205,0.0,10.199045379397733,-8.42983974029845e-09,0.0
1156,69420.0,69420,10.194414794647374,10.194414794647374,9.043455991731136,0.0,10.194414803077203,-8.429831175217063e-09,0.0
1157,69480.0,69480,10.189584591879239,10.189584591879239,9.200110165731274,0.0,10.189584600309063,-8.429822405023681e-09,0.0
1158,69540.0,69540,10.184555090348383,10.184555090348383,9.356690115615542,0.0,10.184555098778198,-8.429813429913622e-09,0.0
1159,69600.0,69600,10.179326632208296,10.179326632208296,9.513192778826285,0.0,10.1793266406381,-8.429804250090665e-09,0.0
1160,69660.0,69660,10.173899574012824,10.173899574012824,9.66961509806361,0.0,10.17389958244262,-8.429794865768142e-09,0.0
1161,69720.0,69720,10.168274286725042,10.168274286725042,9.825954021506664,0.0,10.168274295154825,-8.429785277166368e-09,0.0
1162,69780.0,69780,10.162451155679628,10.162451155679628,9.982206503035064,0.0,10.162451164109404,-8.429775484520716e-09,0.0
1163,69840.0,69840,10.156430580569868,10.156430580569868,10.13836950244973,0.0,10.156430588999633,-8.429765488069112e-09,0.0
1164,69900.0,69900,10.150212975407221,10.150212975407221,10.294439985693545,0.0,10.150212983836976,-8.429755288063464e-09,0.0
1165,69960.0,69960,10.143798768507926,10.143798768507926,10.450414925071362,0.0,10.14379877693767,-8.42974488476522e-09,0.0
1166,70020.0,70020,10.137188402421664,10.137188402421664,10.606291299469824,0.0,10.137188410851397,-8.429734278443764e-09,0.0
1167,70080.0,70080,10.130382333978542,10.130382333978542,10.762066094576095,0.0,10.130382342408264,-8.429723469379902e-09,0.0
1168,70140.0,70140,10.123381034183568,10.123381034183568,10.917736303097287,0.0,10.12338104261328,-8.42971245786224e-09,0.0
1169,70200.0,70200,10.116184988199763,10.116184988199763,11.0732989249783,0.0,10.116184996629464,-8.42970124419228e-09,0.0
1170,70260.0,70260,10.108794695328077,10.108794695328077,11.22875096761936,0.0,10.108794703757768,-8.4296898286792e-09,0.0
1171,70320.0,70320,10.101210668953769,10.101210668953769,11.384089446093293,0.0,10.101210677383447,-8.429678211643322e-09,0.0
1172,70380.0,70380,10.093433436518842,10.093433436518842,11.539311383361941,0.0,10.093433444948507,-8.429666393413577e-09,0.0
1173,70440.0,70440,10.085463539469165,10.085463539469165,11.69441381049217,0.0,10.085463547898819,-8.429654374330995e-09,0.0
1174,70500.0,70500,10.077301533202217,10.077301533202217,11.849393766871069,0.0,10.077301541631858,-8.429642154746818e-09,0.0
1175,70560.0,70560,10.068947987039783,10.068947987039783,12.004248300420334,0.0,10.068947995469413,-8.429629735021434e-09,0.0
1176,70620.0,70620,10.060403484177172,10.060403484177172,12.158974467810236,0.0,10.06040349260679,-8.42961711552638e-09,0.0
1177,70680.0,70680,10.051668621618626,10.051668621618626,12.313569334672817,0.0,10.05166863004823,-8.42960429664342e-09,0.0
1178,70740.0,70740,10.042744010140096,10.042744010140096,12.468029975814082,0.0,10.042744018569687,-8.429591278764793e-09,0.0
1179,70800.0,70800,10.03363027423188,10.03363027423188,12.622353475425625,0.0,10.03363028266146,-8.429578062294707e-09,0.0
1180,70860.0,70860,10.02432805206033,10.02432805206033,12.776536927295378,0.0,10.024328060489895,-8.429564647644894e-09,0.0
1181,70920.0,70920,10.014837995364276,10.014837995364276,12.930577435017762,0.0,10.014838003793827,-8.429551035240936e-09,0.0
1182,70980.0,70980,10.005160769455637,10.005160769455637,13.084472112202253,0.0,10.005160777885173,-8.429537225519165e-09,0.0
1183,71040.0,71040,9.99529705311044,9.99529705311044,13.238218082681945,0.0,9.995297061539961,-8.429523218923309e-09,0.0
1184,71100.0,71100,9.985247538534535,9.985247538534535,13.391812480720466,0.0,9.985247546964045,-8.42950901591282e-09,0.0
1185,71160.0,71160,9.975012931290104,9.975012931290104,13.545252451218337,0.0,9.9750129397196,-8.429494616954277e-09,0.0
1186,71220.0,71220,9.96459395021601,9.96459395021601,13.698535149918218,0.0,9.964593958645489,-8.429480022527432e-09,0.0
1187,71280.0,71280,9.953991327398999,9.953991327398999,13.85165774360893,0.0,9.953991335828464,-8.42946523312225e-09,0.0
1188,71340.0,71340,9.943205808050674,9.943205808050674,14.004617410329018,0.0,9.943205816480125,-8.42945024923959e-09,0.0
1189,71400.0,71400,149.9999984406727,-150.00000155932727,14.157411339568455,300.0,8.435754532478368e-09,-150.00000156776304,0.0
1190,71460.0,71460,149.9999984406727,-150.0000015593273,11.657411313568717,300.0,8.435754196746659e-09,-150.00000156776304,0.0
1191,71520.0,71520,149.9999984406727,-150.00000155932727,9.157411287568978,300.0,8.435753932341193e-09,-150.00000156776304,0.0
1192,71580.0,71580,149.99999844067273,-150.00000155932727,6.65741126156924,300.0,8.435753739260491e-09,-150.000001567763,0.0
1193,71640.0,71640,149.99999844067273,-150.00000155932727,4.157411235569501,300.0,8.435753617503479e-09,-150.00000156776304,0.0
1194,71700.0,71700,149.9999984406727,-150.00000155932727,1.6574112095697635,300.0,8.435753567069345e-09,-150.00000156776304,0.0
1195,71760.0,71760,149.9999984406727,-150.00000155932727,-0.8425888164299749,300.0,8.435753587956483e-09,-150.00000156776304,0.0
1196,71820.0,71820,149.9999984406727,-150.00000155932727,-3.342588842429713,300.0,8.43575368016462e-09,-150.00000156776304,0.0
1197,71880.0,71880,149.999998440645,-65.0000015593551,-5.84258886842945,215.0000000000001,8.459117713912716e-09,-65.00000156781421,0.0
1198,71940.0,71940,9.905026461808395,9.905026461808395,-6.925922227763016,0.0,9.905026470237798,-8.429402302246591e-09,0.0
1199,72000.0,72000,9.908176198492598,9.908176198492598,-6.773714987810836,0.0,9.908176206922004,-8.429406527784629e-09,0.0
1200,72060.0,72060,9.911128364754656,9.911128364754656,-6.621459346904942,0.0,9.911128373184068,-8.429410562858486e-09,0.0
1201,72120.0,72120,9.913882701423752,9.913882701423752,-6.469158341044154,0.0,9.913882709853166,-8.42941440750029e-09,0.0
1202,72180.0,72180,9.916438963830478,9.916438963830478,-6.316815010209885,0.0,9.916438972259895,-8.429418061753862e-09,0.0
1203,72240.0,72240,9.918796921784859,9.918796921784859,-6.164432398143299,0.0,9.91879693021428,-8.429421525673775e-09,0.0
1204,72300.0,72300,9.920956359636058,9.920956359636058,-6.012013552122814,0.0,9.920956368065482,-8.429424799322e-09,0.0
1205,72360.0,72360,9.922917076338894,9.922917076338894,-5.859561522740681,0.0,9.922917084768322,-8.429427882770721e-09,0.0
1206,72420.0,72420,9.924678885430344,9.924678885430344,-5.70707936367855,0.0,9.924678893859774,-8.429430776104758e-09,0.0
1207,72480.0,72480,9.926241615118503,9.926241615118503,-5.554570131483379,0.0,9.926241623547936,-8.429433479413365e-09,0.0
1208,72540.0,72540,9.927605108284714,9.927605108284714,-5.402036885342,0.0,9.92760511671415,-8.429435992800857e-09,0.0
1209,72600.0,72600,9.928769222497563,9.928769222497563,-5.249482686855633,0.0,9.928769230927001,-8.429438316378937e-09,0.0
1210,72660.0,72660,9.929733830085949,9.929733830085949,-5.096910599814196,0.0,9.929733838515391,-8.429440450270466e-09,0.0
1211,72720.0,72720,9.930498818124644,9.930498818124644,-4.944323689969484,0.0,9.930498826554087,-8.429442394606505e-09,0.0
1212,72780.0,72780,9.931064088500943,9.931064088500943,-4.791725024808578,0.0,9.931064096930386,-8.429444149529274e-09,0.0
1213,72840.0,72840,9.931429557874667,9.931429557874667,-4.639117673326223,0.0,9.931429566304113,-8.429445715191475e-09,0.0
1214,72900.0,72900,9.931595157776549,9.931595157776549,-4.486504705797825,0.0,9.931595166205996,-8.429447091755086e-09,0.0
1215,72960.0,72960,9.931560834577864,9.931560834577864,-4.333889193550934,0.0,9.931560843007311,-8.429448279391226e-09,0.0
1216,73020.0,73020,9.931326549518259,9.931326549518259,-4.181274208737195,0.0,9.931326557947708,-8.429449278284459e-09,0.0
1217,73080.0,73080,9.930892278734051,9.930892278734051,-4.028662824103873,0.0,9.930892287163502,-8.429450088625122e-09,0.0
1218,73140.0,73140,9.930258013271224,9.930258013271224,-3.876058112764935,0.0,9.930258021700675,-8.429450710616463e-09,0.0
1219,73200.0,73200,9.929423759095535,9.929423759095535,-3.7234631479719433,0.0,9.929423767524986,-8.42945114447275e-09,0.0
1220,73260.0,73260,9.928389537105925,9.928389537105925,-3.570881002884784,0.0,9.928389545535378,-8.429451390415646e-09,0.0
1221,73320.0,73320,9.927155383151506,9.927155383151506,-3.4183147503421987,0.0,9.927155391580957,-8.429451448680389e-09,0.0
1222,73380.0,73380,9.925721348036141,9.925721348036141,-3.265767462632046,0.0,9.925721356465592,-8.429451319509742e-09,0.0
1223,73440.0,73440,9.924087497524702,9.924087497524702,-3.1132422112614995,0.0,9.924087505954153,-8.429451003157628e-09,0.0
1224,73500.0,73500,9.92225391235585,9.92225391235585,-2.9607420667271453,0.0,9.922253920785302,-8.42945049988967e-09,0.0
1225,73560.0,73560,9.92022068823701,9.92022068823701,-2.8082700982848863,0.0,9.92022069666646,-8.429449809980217e-09,0.0
1226,73620.0,73620,9.917987935872913,9.917987935872913,-2.6558293737199197,0.0,9.917987944302364,-8.429448933715187e-09,0.0
1227,73680.0,73680,9.91555578093368,9.91555578093368,-2.5034229591162815,0.0,9.915555789363129,-8.429447871391248e-09,0.0
1228,73740.0,73740,9.91292436406921,9.91292436406921,-2.351053918626876,0.0,9.912924372498656,-8.429446623315825e-09,0.0
1229,73800.0,73800,9.91009384092502,9.91009384092502,-2.1987253142432883,0.0,9.910093849354466,-8.429445189803998e-09,0.0
1230,73860.0,73860,9.907064382106478,9.907064382106478,-2.0464402055653492,0.0,9.907064390535922,-8.429443571185912e-09,0.0
1231,73920.0,73920,9.903836173183704,9.903836173183704,-1.894201649571255,0.0,9.903836181613146,-8.429441767799502e-09,0.0
1232,73980.0,73980,9.900409414730284,9.900409414730284,-1.7420127003876074,0.0,9.900409423159724,-8.429439779993995e-09,0.0
1233,74040.0,74040,9.896784322243358,9.896784322243358,-1.5898764090588609,0.0,9.896784330672794,-8.429437608130583e-09,0.0
1234,74100.0,74100,9.892961126166092,9.892961126166092,-1.4377958233179968,0.0,9.892961134595529,-8.429435252579867e-09,0.0
1235,74160.0,74160,9.888940071903091,9.888940071903091,-1.2857739873568534,0.0,9.888940080332523,-8.429432713724006e-09,0.0
1236,74220.0,74220,9.884721419767484,9.884721419767484,-1.133813941596218,0.0,9.884721428196913,-8.429429991956188e-09,0.0
1237,74280.0,74280,9.880305444981285,9.880305444981285,-0.9819187224567333,0.0,9.880305453410713,-8.429427087680349e-09,0.0
1238,74340.0,74340,9.875692437649557,9.875692437649557,-0.8300913621297964,0.0,9.87569244607898,-8.429424001310507e-09,0.0
1239,74400.0,74400,9.870882702775923,9.870882702775923,-0.6783348883488571,0.0,9.870882711205343,-8.429420733273453e-09,0.0
1240,74460.0,74460,9.8658765601973,9.8658765601973,-0.5266523241604758,0.0,9.865876568626717,-8.429417284005385e-09,0.0
1241,74520.0,74520,9.860674344582396,9.860674344582396,-0.3750466876963862,0.0,9.860674353011808,-8.42941365395675e-09,0.0
1242,74580.0,74580,9.855276405423991,9.855276405423991,-0.2235209919455789,0.0,9.855276413853401,-8.429409843583778e-09,0.0
1243,74640.0,74640,9.849683106982273,9.849683106982273,-0.0720782445265057,0.0,9.849683115411677,-8.4294058533599e-09,0.0
1244,74700.0,74700,9.84389482828217,9.84389482828217,0.0792785525398464,0.0,9.843894836711572,-8.42940168376433e-09,0.0
1245,74760.0,74760,9.837911963074779,9.837911963074779,0.2305464030568403,0.0,9.837911971504177,-8.429397335292549e-09,0.0
1246,74820.0,74820,9.831734919796581,9.831734919796581,0.3817223168784806,0.0,9.831734928225973,-8.429392808448773e-09,0.0
1247,74880.0,74880,9.825364121577302,9.825364121577302,0.5328033101350793,0.0,9.82536413000669,-8.429388103747297e-09,0.0
1248,74940.0,74940,9.818800006146626,9.818800006146626,0.6837864054590418,0.0,9.81880001457601,-8.429383221716807e-09,0.0
1249,75000.0,75000,9.81204302583813,9.81204302583813,0.8346686322092196,0.0,9.812043034267509,-8.429378162895658e-09,0.0
1250,75060.0,75060,9.805093647558659,9.805093647558659,0.9854470266953234,0.0,9.805093655988031,-8.429372927835248e-09,0.0
1251,75120.0,75120,9.797952352684227,9.797952352684227,1.1361186324018662,0.0,9.797952361113593,-8.429367517095718e-09,0.0
1252,75180.0,75180,9.79061963712532,9.79061963712532,1.2866805002105048,0.0,9.790619645554681,-8.429361931251314e-09,0.0
1253,75240.0,75240,9.783096011176323,9.783096011176323,1.4371296886233886,0.0,9.78309601960568,-8.42935617088798e-09,0.0
1254,75300.0,75300,9.775381999531369,9.775381999531369,1.5874632639841895,0.0,9.775382007960719,-8.429350236602821e-09,0.0
1255,75360.0,75360,9.767478141225151,9.767478141225151,1.7376783006993792,0.0,9.767478149654496,-8.429344129001675e-09,0.0
1256,75420.0,75420,9.759384989572322,9.759384989572322,1.8877718814585973,0.0,9.759384998001659,-8.429337848707183e-09,0.0
1257,75480.0,75480,9.75110311213322,9.75110311213322,2.0377410974540835,0.0,9.75110312056255,-8.429331396350456e-09,0.0
1258,75540.0,75540,9.742633090639998,9.742633090639998,2.1875830485995884,0.0,9.742633099069321,-8.429324772575778e-09,0.0
1259,75600.0,75600,9.733975520954967,9.733975520954967,2.337294843748148,0.0,9.733975529384285,-8.429317978038589e-09,0.0
1260,75660.0,75660,9.725131013012879,9.725131013012879,2.4868736009092145,0.0,9.72513102144219,-8.429311013406161e-09,0.0
1261,75720.0,75720,9.716100190747994,9.716100190747994,2.6363164474649037,0.0,9.716100199177298,-8.429303879357862e-09,0.0
1262,75780.0,75780,9.70688369205429,9.70688369205429,2.7856205203851228,0.0,9.706883700483587,-8.429296576585826e-09,0.0
1263,75840.0,75840,9.69748216870897,9.69748216870897,2.934782966442082,0.0,9.697482177138259,-8.42928910579268e-09,0.0
1264,75900.0,75900,9.687896286302443,9.687896286302443,3.083800942423634,0.0,9.687896294731726,-8.429281467693413e-09,0.0
1265,75960.0,75960,9.678126724173097,9.678126724173097,3.2326716153455397,0.0,9.67812673260237,-8.429273663015784e-09,0.0
1266,76020.0,76020,9.668174175351355,9.668174175351355,3.3813921626627246,0.0,9.668174183780621,-8.429265692498978e-09,0.0
1267,76080.0,76080,9.658039346463644,9.658039346463644,3.529959772479682,0.0,9.658039354892903,-8.429257556892938e-09,0.0
1268,76140.0,76140,9.6477229576875,9.6477229576875,3.6783716437593985,0.0,9.64772296611675,-8.429249256963057e-09,0.0
1269,76200.0,76200,9.637225742648631,9.637225742648631,3.826624986531588,0.0,9.637225751077873,-8.429240793483878e-09,0.0
1270,76260.0,76260,9.626548448353551,9.626548448353551,3.9747170220993464,0.0,9.626548456782784,-8.4292321672419e-09,0.0
1271,76320.0,76320,9.615691835109995,9.615691835109995,4.122644983244771,0.0,9.615691843539219,-8.429223379037604e-09,0.0
1272,76380.0,76380,9.604656676451816,9.604656676451816,4.270406114433353,0.0,9.60465668488103,-8.429214429681693e-09,0.0
1273,76440.0,76440,9.59344375902942,9.59344375902942,4.41799767201722,0.0,9.593443767458625,-8.429205320000454e-09,0.0
1274,76500.0,76500,9.582053882556359,9.582053882556359,4.565416924436698,0.0,9.582053890985554,-8.429196050824348e-09,0.0
1275,76560.0,76560,9.570487859687585,9.570487859687585,4.712661152421039,0.0,9.570487868116771,-8.429186623006817e-09,0.0
1276,76620.0,76620,9.558746515952548,9.558746515952548,4.859727649187297,0.0,9.558746524381723,-8.429177037404263e-09,0.0
1277,76680.0,76680,9.546830689663281,9.546830689663281,5.00661372063816,0.0,9.546830698092448,-8.429167294889486e-09,0.0
1278,76740.0,76740,9.534741231777293,9.534741231777293,5.1533166855583765,0.0,9.53474124020645,-8.429157396346445e-09,0.0
1279,76800.0,76800,9.522479005875306,9.522479005875306,5.29983387580908,0.0,9.522479014304453,-8.429147342671198e-09,0.0
1280,76860.0,76860,9.510044887966814,9.510044887966814,5.4461626365217555,0.0,9.510044896395952,-8.429137134771897e-09,0.0
1281,76920.0,76920,9.497439766484344,9.497439766484344,5.592300326289237,0.0,9.497439774913472,-8.429126773569061e-09,0.0
1282,76980.0,76980,9.48466454209051,9.48466454209051,5.738244317356605,0.0,9.484664550519627,-8.4291162599941e-09,0.0
1283,77040.0,77040,9.471720127648785,9.471720127648785,5.8839919958091205,0.0,9.471720136077892,-8.429105594990792e-09,0.0
1284,77100.0,77100,9.458607448050131,9.458607448050131,6.029540761759716,0.0,9.458607456479225,-8.429094779516354e-09,0.0
1285,77160.0,77160,9.445327440147215,9.445327440147215,6.174888029533811,0.0,9.445327448576299,-8.429083814537814e-09,0.0
1286,77220.0,77220,9.431881052615651,9.431881052615651,6.320031227853132,0.0,9.431881061044724,-8.429072701034706e-09,0.0
1287,77280.0,77280,9.418269245863597,9.418269245863597,6.4649678000173845,0.0,9.418269254292658,-8.42906143999893e-09,0.0
1288,77340.0,77340,9.404492991856445,9.404492991856445,6.609695204084547,0.0,9.404493000285495,-8.429050032434212e-09,0.0
1289,77400.0,77400,9.390553274083599,9.390553274083599,6.754210913048467,0.0,9.390553282512638,-8.429038479353957e-09,0.0
1290,77460.0,77460,9.376451087363069,9.376451087363069,6.898512415015944,0.0,9.376451095792095,-8.42902678178784e-09,0.0
1291,77520.0,77520,9.362187437743641,9.362187437743641,7.042597213380815,0.0,9.362187446172657,-8.429014940771981e-09,0.0
1292,77580.0,77580,9.34776334238504,9.34776334238504,7.186462826996534,0.0,9.347763350814043,-8.429002957356351e-09,0.0
1293,77640.0,77640,9.333179829412105,9.333179829412105,7.3301067903469095,0.0,9.333179837841096,-8.428990832604896e-09,0.0
1294,77700.0,77700,9.318437937805724,9.318437937805724,7.473526653714602,0.0,9.3184379462347,-8.428978567588829e-09,0.0
1295,77760.0,77760,9.303538717234154,9.303538717234154,7.616719983347942,0.0,9.30353872566312,-8.428966163391585e-09,0.0
1296,77820.0,77820,9.288483227970262,9.288483227970262,7.759684361625166,0.0,9.288483236399218,-8.428953621112065e-09,0.0
1297,77880.0,77880,9.273272540692298,9.273272540692298,7.902417387217367,0.0,9.273272549121238,-8.42894094185535e-09,0.0
1298,77940.0,77940,9.2579077363825,9.2579077363825,8.044916675248398,0.0,9.257907744811428,-8.428928126739964e-09,0.0
1299,78000.0,78000,9.242389906186302,9.242389906186302,8.187179857453202,0.0,9.242389914615217,-8.42891517689532e-09,0.0
1300,78060.0,78060,9.226720151230449,9.226720151230449,8.329204582333992,0.0,9.22672015965935,-8.428902093461583e-09,0.0
1301,78120.0,78120,9.210899582548501,9.210899582548501,8.470988515313627,0.0,9.210899590977391,-8.428888877590615e-09,0.0
1302,78180.0,78180,9.194929320845853,9.194929320845853,8.612529338887846,0.0,9.194929329274729,-8.42887553044503e-09,0.0
1303,78240.0,78240,9.178810496401406,9.178810496401406,8.753824752773903,0.0,9.178810504830267,-8.428862053197522e-09,0.0
1304,78300.0,78300,9.162544248906515,9.162544248906515,8.894872474057665,0.0,9.162544257335364,-8.42884844703114e-09,0.0
1305,78360.0,78360,9.146131727305281,9.146131727305281,9.035670237338254,0.0,9.146131735734116,-8.428834713141298e-09,0.0
1306,78420.0,78420,9.12957408963168,9.12957408963168,9.176215794870238,0.0,9.1295740980605,-8.428820852732952e-09,0.0
1307,78480.0,78480,9.112872502878151,9.112872502878151,9.316506916703304,0.0,9.112872511306959,-8.428806867020064e-09,0.0
1308,78540.0,78540,9.096028142771868,9.096028142771868,9.456541390819925,0.0,9.096028151200661,-8.42879275722964e-09,0.0
1309,78600.0,78600,9.07904219370426,9.07904219370426,9.59631702326958,0.0,9.079042202133039,-8.428778524595267e-09,0.0
1310,78660.0,78660,9.061915848463407,9.061915848463407,9.735831638301894,0.0,9.061915856892172,-8.428764170365186e-09,0.0
1311,78720.0,78720,9.044650308152976,9.044650308152976,9.875083078495674,0.0,9.044650316581727,-8.428749695794629e-09,0.0
1312,78780.0,78780,9.027246781979601,9.027246781979601,10.014069204886686,0.0,9.027246790408334,-8.428735102146758e-09,0.0
1313,78840.0,78840,9.009706487077132,9.009706487077132,10.152787897092166,0.0,9.009706495505853,-8.428720390701e-09,0.0
1314,78900.0,78900,8.992030648359066,8.992030648359066,10.291237053432644,0.0,8.992030656787772,-8.428705562739738e-09,0.0
1315,78960.0,78960,8.974220498327087,8.974220498327087,10.429414591051488,0.0,8.974220506755778,-8.428690619557322e-09,0.0
1316,79020.0,79020,8.956277276904785,8.956277276904785,10.567318446031509,0.0,8.956277285333462,-8.428675562459255e-09,0.0
1317,79080.0,79080,8.938202231238126,8.938202231238126,10.704946573509005,0.0,8.938202239666786,-8.428660392757494e-09,0.0
1318,79140.0,79140,8.919996615555474,8.919996615555474,10.842296947784757,0.0,8.919996623984119,-8.42864511177556e-09,0.0
1319,79200.0,79200,8.901661690928984,8.901661690928984,10.97936756243285,0.0,8.901661699357613,-8.428629720844493e-09,0.0
1320,79260.0,79260,8.88319872515225,8.88319872515225,11.116156430405855,0.0,8.883198733580866,-8.428614221304078e-09,0.0
1321,79320.0,79320,8.864608992514516,8.864608992514516,11.252661584138089,0.0,8.864609000943114,-8.428598614504179e-09,0.0
1322,79380.0,79380,8.845893773622654,8.845893773622654,11.388881075645456,0.0,8.845893782051236,-8.428582901803262e-09,0.0
1323,79440.0,79440,8.827054355210088,8.827054355210088,11.524812976622517,0.0,8.827054363638656,-8.428567084567324e-09,0.0
1324,79500.0,79500,8.80809202998968,8.80809202998968,11.660455378536637,0.0,8.808092038418232,-8.428551164171767e-09,0.0
1325,79560.0,79560,8.789008096377689,8.789008096377689,11.795806392719872,0.0,8.789008104806225,-8.428535141999792e-09,0.0
1326,79620.0,79620,8.769803858383415,8.769803858383415,11.930864150456603,0.0,8.769803866811934,-8.428519019443474e-09,0.0
1327,79680.0,79680,8.750480625370328,8.750480625370328,12.06562680306949,0.0,8.750480633798832,-8.428502797902813e-09,0.0
1328,79740.0,79740,8.731039711877955,8.731039711877955,12.20009252200174,0.0,8.731039720306443,-8.428486478785477e-09,0.0
1329,79800.0,79800,8.711482437420576,8.711482437420576,12.334259498896659,0.0,8.711482445849047,-8.428470063507462e-09,0.0
1330,79860.0,79860,8.691810126280823,8.691810126280823,12.468125945674084,0.0,8.691810134709275,-8.428453553493375e-09,0.0
1331,79920.0,79920,8.672024107329658,8.672024107329658,12.60169009460366,0.0,8.672024115758095,-8.428436950174671e-09,0.0
1332,79980.0,79980,8.652125713818029,8.652125713818029,12.734950198375351,0.0,8.65212572224645,-8.428420254989802e-09,0.0
1333,80040.0,80040,8.632116283167633,8.632116283167633,12.867904530166749,0.0,8.632116291596036,-8.428403469387024e-09,0.0
1334,80100.0,80100,8.611997156790425,8.611997156790425,13.000551383707153,0.0,8.611997165218812,-8.42838659482038e-09,0.0
1335,80160.0,80160,8.591769679837698,8.591769679837698,13.132889073338893,0.0,8.591769688266067,-8.428369632752514e-09,0.0
1336,80220.0,80220,8.571435201080938,8.571435201080938,13.264915934074793,0.0,8.571435209509291,-8.42835258465212e-09,0.0
1337,80280.0,80280,8.550995072634652,8.550995072634652,13.396630321653795,0.0,8.550995081062988,-8.428335451996762e-09,0.0
1338,80340.0,80340,8.530450649753892,8.530450649753892,13.528030612592344,0.0,8.53045065818221,-8.428318236270591e-09,0.0
1339,80400.0,80400,8.509803290681498,8.509803290681498,13.659115204232624,0.0,8.5098032991098,-8.428300938965555e-09,0.0
1340,80460.0,80460,8.489054356399604,8.489054356399604,13.78988251478849,0.0,8.489054364827888,-8.428283561579115e-09,0.0
1341,80520.0,80520,8.468205210418422,8.468205210418422,13.920330983387558,0.0,8.46820521884669,-8.428266105619347e-09,0.0
1342,80580.0,80580,8.447257218597532,8.447257218597532,14.050459070110051,0.0,8.44725722702578,-8.428248572598095e-09,0.0
1343,80640.0,80640,8.4262117489284,8.4262117489284,14.180265256024894,0.0,8.426211757356631,-8.428230964036611e-09,0.0
1344,80700.0,80700,8.405070171303356,8.405070171303356,14.30974804322249,0.0,8.40507017973157,-8.428213281463001e-09,0.0
1345,80760.0,80760,8.383833857346962,8.383833857346962,14.43890595484391,0.0,8.38383386577516,-8.428195526413573e-09,0.0
1346,80820.0,80820,8.362504180165876,8.362504180165876,14.567737535107538,0.0,8.362504188594054,-8.428177700428534e-09,0.0
1347,80880.0,80880,8.341082514169793,8.341082514169793,14.696241349331817,0.0,8.341082522597953,-8.428159805060454e-09,0.0
1348,80940.0,80940,8.319570234861342,8.319570234861342,14.824415983955289,0.0,8.319570243289483,-8.428141841864997e-09,0.0
1349,81000.0,81000,8.297968718603324,8.297968718603324,14.952260046553388,0.0,8.297968727031446,-8.428123812408582e-09,0.0
1350,81060.0,81060,8.276279342437341,8.276279342437341,15.079772165851653,0.0,8.276279350865448,-8.428105718263809e-09,0.0
1351,81120.0,81120,8.254503483860821,8.254503483860823,15.206950991736168,0.0,8.25450349228891,-8.428087561011344e-09,0.0
1352,81180.0,81180,8.232642520616707,8.232642520616707,15.333795195260558,0.0,8.232642529044776,-8.428069342239382e-09,0.0
1353,81240.0,81240,8.210697830501731,8.210697830501731,15.460303468649764,0.0,8.210697838929782,-8.428051063545124e-09,0.0
1354,81300.0,81300,8.188670791139344,8.188670791139344,15.586474525300869,0.0,8.188670799567378,-8.428032726533565e-09,0.0
1355,81360.0,81360,8.166562779781025,8.166562779781025,15.712307099780437,0.0,8.166562788209038,-8.428014332817766e-09,0.0
1356,81420.0,81420,8.144375173108589,8.144375173108589,15.8377999478188,0.0,8.144375181536585,-8.427995884022219e-09,0.0
1357,81480.0,81480,8.122109347016307,8.122109347016307,15.962951846301298,0.0,8.122109355444284,-8.427977381775172e-09,0.0
1358,81540.0,81540,8.09976667639033,8.09976667639033,16.087761593256175,0.0,8.099766684818288,-8.42795882771859e-09,0.0
1359,81600.0,81600,8.077348534962972,8.077348534962972,16.212228007839105,0.0,8.077348543390913,-8.427940223502901e-09,0.0
1360,81660.0,81660,8.05485629502712,8.05485629502712,16.33634993031543,0.0,8.054856303455042,-8.427921570786607e-09,0.0
1361,81720.0,81720,149.999998440671,-150.000001559329,16.460126222038078,300.0,8.435825861536457e-09,-150.00000156776483,0.0
1362,81780.0,81780,149.99999844067096,-150.00000155932904,13.960126196038313,300.0,8.435827385077038e-09,-150.00000156776485,0.0
1363,81840.0,81840,149.99999844067094,-150.0000015593291,11.460126170038547,300.0,8.435828979787126e-09,-150.0000015677649,0.0
1364,81900.0,81900,149.9999984406709,-150.0000015593291,8.960126144038782,300.0,8.435830645659325e-09,-150.00000156776494,0.0
1365,81960.0,81960,149.99999844067088,-150.00000155932912,6.460126118039016,300.0,8.435832382685037e-09,-150.00000156776494,0.0
1366,82020.0,82020,149.99999844067085,-150.00000155932918,3.96012609203925,300.0,8.435834190854579e-09,-150.00000156776503,0.0
1367,82080.0,82080,149.99999844067082,-150.00000155932918,1.4601260660394828,300.0,8.435836070161234e-09,-150.00000156776503,0.0
1368,82140.0,82140,149.99999844067077,-150.0000015593292,-1.0398739599602844,300.0,8.435838020596125e-09,-150.00000156776505,0.0
1369,82200.0,82200,149.99999844067074,-150.00000155932923,-3.5398739859600523,300.0,8.435840042153075e-09,-150.00000156776508,0.0
1370,82260.0,82260,12.560347109249674,7.560347109249531,-6.039874011959821,5.000000000000142,7.560347117678741,-8.429208903533354e-09,0.0
1371,82320.0,82320,7.870904443943043,7.870904443943043,-5.923696678058625,0.0,7.870904452370888,-8.427845314429725e-09,0.0
1372,82380.0,82380,7.8586841372726015,7.8586841372726015,-5.802747113114304,0.0,7.85868414570045,-8.427848183860602e-09,0.0
1373,82440.0,82440,7.846324667525105,7.846324667525105,-5.681985333549151,0.0,7.846324675952957,-8.42785104347976e-09,0.0
1374,82500.0,82500,7.833826938583421,7.833826938583421,-5.561413477835786,0.0,7.833826947011274,-8.427853894669728e-09,0.0
1375,82560.0,82560,7.821191863019311,7.821191863019311,-5.441033670557158,0.0,7.8211918714471675,-8.427856738824864e-09,0.0
1376,82620.0,82620,7.80842036198454,7.80842036198454,-5.320848022273031,0.0,7.8084203704124,-8.427859577354848e-09,0.0
1377,82680.0,82680,7.795513365072334,7.795513365072334,-5.200858629388138,0.0,7.795513373500197,-8.427862411681733e-09,0.0
1378,82740.0,82740,7.782471810142057,7.782471810142057,-5.081067574022464,0.0,7.782471818569921,-8.427865243241003e-09,0.0
1379,82800.0,82800,7.7692966431795645,7.7692966431795645,-4.961476923884217,0.0,7.769296651607433,-8.427868073481733e-09,0.0
1380,82860.0,82860,7.755988818185248,7.755988818185248,-4.842088732144962,0.0,7.755988826613119,-8.427870903866427e-09,0.0
1381,82920.0,82920,7.742549296949528,7.742549296949528,-4.722905037316453,0.0,7.742549305377401,-8.427873735873457e-09,0.0
1382,82980.0,82980,7.728979048973882,7.728979048973882,-4.603927863130931,0.0,7.72897905740176,-8.427876570992086e-09,0.0
1383,83040.0,83040,7.7152790512810805,7.7152790512810805,-4.485159218422637,0.0,7.715279059708959,-8.427879410729986e-09,0.0
1384,83100.0,83100,7.701450288267708,7.701450288267708,-4.366601097012221,0.0,7.70145029669559,-8.427882256605048e-09,0.0
1385,83160.0,83160,7.687493751543788,7.687493751543788,-4.248255477593443,0.0,7.687493759971674,-8.427885110154255e-09,0.0
1386,83220.0,83220,7.673410439793196,7.673410439793196,-4.130124323622323,0.0,7.673410448221084,-8.427887972926412e-09,0.0
1387,83280.0,83280,7.6592013585808125,7.6592013585808125,-4.012209583208438,0.0,7.659201367008703,-8.427890846486996e-09,0.0
1388,83340.0,83340,7.644867520243612,7.644867520243612,-3.894513189009183,0.0,7.644867528671506,-8.427893732415599e-09,0.0
1389,83400.0,83400,7.630409943686549,7.630409943686549,-3.7770370581257096,0.0,7.630409952114445,-8.427896632310093e-09,0.0
1390,83460.0,83460,7.615829654255236,7.615829654255236,-3.6597830920019967,0.0,7.6158296626831365,-8.427899547783002e-09,0.0
1391,83520.0,83520,7.6011276835397,7.6011276835397,-3.542753176325878,0.0,7.601127691967603,-8.42790248046258e-09,0.0
1392,83580.0,83580,7.586305069248372,7.586305069248372,-3.4259491809330878,0.0,7.586305077676278,-8.42790543199455e-09,0.0
1393,83640.0,83640,7.571362855015774,7.571362855015774,-3.309372959713241,0.0,7.5713628634436825,-8.427908404041846e-09,0.0
1394,83700.0,83700,7.556302090258778,7.556302090258778,-3.1930263505187684,0.0,7.55630209868669,-8.427911398285009e-09,0.0
1395,83760.0,83760,7.541123829996365,7.541123829996365,-3.076911175076061,0.0,7.541123838424279,-8.427914416422596e-09,0.0
1396,83820.0,83820,7.525829134697989,7.525829134697989,-2.9610292388993864,0.0,7.525829143125906,-8.427917460169155e-09,0.0
1397,83880.0,83880,7.51041907010445,7.51041907010445,-2.8453823312071305,0.0,7.510419078532371,-8.427920531261553e-09,0.0
1398,83940.0,83940,7.49489470708069,7.49489470708069,-2.7299722248407945,0.0,7.4948947155086145,-8.427923631454125e-09,0.0
1399,84000.0,84000,7.479257121421582,7.479257121421583,-2.614800676186258,0.0,7.4792571298495085,-8.427926762519092e-09,0.0
1400,84060.0,84060,7.4635073936983805,7.4635073936983805,-2.499869425098016,0.0,7.46350740212631,-8.427929926250986e-09,0.0
1401,84120.0,84120,7.447646609112199,7.447646609112199,-2.3851801948257867,0.0,7.447646617540132,-8.427933124463828e-09,0.0
1402,84180.0,84180,7.431675857281494,7.431675857281494,-2.2707346919433653,0.0,7.43167586570943,-8.427936358993685e-09,0.0
1403,84240.0,84240,7.415596232115694,7.415596232115694,-2.1565346062807427,0.0,7.415596240543635,-8.427939631698403e-09,0.0
1404,84300.0,84300,7.399408831602413,7.399408831602413,-2.0425816108581674,0.0,7.399408840030356,-8.427942944456259e-09,0.0
1405,84360.0,84360,7.383114757693382,7.383114757693382,-1.9288773618234796,0.0,7.383114766121328,-8.42794629916932e-09,0.0
1406,84420.0,84420,7.366715116089282,7.366715116089282,-1.815423498391194,0.0,7.366715124517232,-8.42794969776506e-09,0.0
1407,84480.0,84480,7.350211016090103,7.350211016090103,-1.7022216427848913,0.0,7.350211024518057,-8.427953142192866e-09,0.0
1408,84540.0,84540,7.333603570422477,7.333603570422478,-1.5892734001819093,0.0,7.333603578850434,-8.42795663442753e-09,0.0
1409,84600.0,84600,7.316893895069722,7.316893895069722,-1.4765803586606865,0.0,7.316893903497681,-8.427960176470323e-09,0.0
1410,84660.0,84660,7.300083109109504,7.300083109109504,-1.3641440891507175,0.0,7.300083117537468,-8.427963770346982e-09,0.0
1411,84720.0,84720,7.283172334529526,7.283172334529526,-1.251966145385004,0.0,7.283172342957493,-8.427967418112415e-09,0.0
1412,84780.0,84780,149.99999843416134,-1.5658386612783626e-06,-1.1400480638553359,150.0,1.514317131993542e-08,-1.5809818364168166e-06,0.0
1413,84840.0,84840,149.99999843416253,-1.565837477727195e-06,-1.1400480899723124,150.0,1.5142043370520095e-08,-1.5809795249150175e-06,0.0
1414,84900.0,84900,149.99999843416362,-1.5658363701341631e-06,-1.1400481160892677,150.0,1.5140990249648108e-08,-1.5809773641999165e-06,0.0
1415,84960.0,84960,149.99999843416467,-1.5658353453535682e-06,-1.1400481422062032,150.0,1.514001188917699e-08,-1.5809753610578855e-06,0.0
1416,85020.0,85020,149.9999984341656,-1.5658344065346573e-06,-1.1400481683231203,150.0,1.5139108243187975e-08,-1.5809735185921286e-06,0.0
1417,85080.0,85080,149.99999843416646,-1.5658335314752794e-06,-1.1400481944400205,150.0,1.513827940468377e-08,-1.5809718146934068e-06,0.0
1418,85140.0,85140,149.99999843416725,-1.565832746681235e-06,-1.140048220556905,150.0,1.5137525206204067e-08,-1.5809702757000552e-06,0.0
1419,85200.0,85200,149.99999843416796,-1.5658320385646236e-06,-1.1400482466737751,150.0,1.5136845698943158e-08,-1.5809688880754291e-06,0.0
1420,85260.0,85260,149.99999843416862,-1.5658314041337178e-06,-1.140048272790633,150.0,1.5136240878840157e-08,-1.580967648823896e-06,0.0
1421,85320.0,85320,149.99999843416916,-1.5658308498813722e-06,-1.1400482989074792,150.0,1.5135710693224556e-08,-1.580966564385402e-06,0.0
1422,85380.0,85380,149.99999843416964,-1.5658303828533383e-06,-1.1400483250243154,150.0,1.5135255088573343e-08,-1.5809656417522393e-06,0.0
1423,85440.0,85440,149.99999843417004,-1.5658299769608714e-06,-1.1400483511411434,150.0,1.5134874192056835e-08,-1.5809648549628503e-06,0.0
1424,85500.0,85500,149.99999843417035,-1.5658296536848304e-06,-1.1400483772579642,150.0,1.513456787695073e-08,-1.5809642253715263e-06,0.0
1425,85560.0,85560,149.99999843417058,-1.5658294081318304e-06,-1.140048403374779,150.0,1.5134336160620442e-08,-1.5809637481020024e-06,0.0
1426,85620.0,85620,149.99999843417075,-1.5658292423866185e-06,-1.1400484294915894,150.0,1.5134179025315842e-08,-1.580963425221321e-06,0.0
1427,85680.0,85680,149.99999843417083,-1.5658291524162472e-06,-1.1400484556083972,150.0,1.5134096488409067e-08,-1.5809632527140154e-06,0.0
1428,85740.0,85740,149.99999843417083,-1.565829156087301e-06,-1.140048481725203,150.0,1.513408845122481e-08,-1.5809632483480285e-06,0.0
1429,85800.0,85800,90.20220059495041,2.702200594950258,-1.1400485078420088,87.50000000000014,2.7022006159197383,-2.096948027516867e-08,0.0
1430,85860.0,85860,7.144369802621934,7.144369802621934,-1.0985246920601794,0.0,7.144369811049943,-8.428008162006634e-09,0.0
1431,85920.0,85920,7.145752760321137,7.145752760321137,-0.9887395427708244,0.0,7.145752768749144,-8.428007386500987e-09,0.0
1432,85980.0,85980,7.146982326082762,7.146982326082762,-0.8789331420314916,0.0,7.14698233451077,-8.428006697594588e-09,0.0
1433,86040.0,86040,7.148058404660811,7.148058404660811,-0.7691078469649553,0.0,7.148058413088817,-8.428006095133397e-09,0.0
1434,86100.0,86100,7.148980912683444,7.148980912683444,-0.6592660161576029,0.0,7.14898092111145,-8.42800557898648e-09,0.0
1435,86160.0,86160,7.149749778661962,7.149749778661962,-0.5494100094769695,0.0,7.149749787089969,-8.428005149038643e-09,0.0
1436,86220.0,86220,7.150364942996107,7.150364942996107,-0.43954218788913274,0.0,7.1503649514241125,-8.428004805194038e-09,0.0
1437,86280.0,86280,7.150826357978089,7.150826357978089,-0.329664913276028,0.0,7.150826366406094,-8.42800454737699e-09,0.0
1438,86340.0,86340,7.151133987855029,7.151133987855029,-0.2197805482527001,0.0,7.1511339962830345,-8.428004375530906e-09,0.0
1439,86400.0,86400,7.151287808752853,7.151287808752853,-0.10989145598359669,0.0,7.151287817180858,-8.42800428961734e-09,0.0
1440,,86460,,,,,,,
