,time,time_x,P_Grid,P_BTMS,E_BTMS,P_Charge,P_BTMS_Ch,P_BTMS_DCh,"param: btms size, a,b,c"
0,60.0,60,24.801493622661848,24.801493622661848,6.248436418384513e-17,0.0,24.801493623722255,-1.0604064283047368e-09,184.87206533677917
1,120.0,120,24.801493622661845,24.801493622661845,0.3811162853335254,0.0,24.80149362372225,-1.060406245645662e-09,0.5917808219178082
2,180.0,180,24.801493622661834,24.801493622661834,0.7622325706670505,0.0,24.80149362372224,-1.0604058803287051e-09,0.040740740740740744
3,240.0,240,24.801493622661823,24.801493622661823,1.1433488560005758,0.0,24.80149362372223,-1.0604053323550156e-09,0.12
4,300.0,300,24.801493622661802,24.801493622661802,1.5244651413341006,0.0,24.80149362372221,-1.0604046017272412e-09,0.0
5,360.0,360,24.801493622661784,24.801493622661784,1.905581426667625,0.0,24.801493623722187,-1.0604036884488445e-09,0.0
6,420.0,420,24.801493622661756,24.801493622661756,2.2866977120011494,0.0,24.80149362372216,-1.0604025925237826e-09,0.0
7,480.0,480,24.801493622661724,24.801493622661724,2.6678139973346733,0.0,24.801493623722124,-1.0604013139572782e-09,0.0
8,540.0,540,24.801493622661688,24.801493622661688,3.0489302826681968,0.0,24.801493623722088,-1.060399852754787e-09,0.0
9,600.0,600,24.801493622661646,24.801493622661646,3.4300465680017194,0.0,24.801493623722045,-1.060398208923103e-09,0.0
10,660.0,660,24.801493622661603,24.801493622661603,3.8111628533352415,0.0,24.801493623722,-1.0603963824697328e-09,0.0
11,720.0,720,24.801493622661553,24.801493622661553,4.192279138668763,0.0,24.801493623721946,-1.0603943734028965e-09,0.0
12,780.0,780,24.801493622661496,24.801493622661496,4.5733954240022845,0.0,24.801493623721893,-1.0603921817317302e-09,0.0
13,840.0,840,24.801493622661443,24.801493622661443,4.9545117093358035,0.0,24.80149362372183,-1.0603898074660977e-09,0.0
14,900.0,900,24.801493622661376,24.801493622661376,5.335627994669322,0.0,24.80149362372177,-1.0603872506165319e-09,0.0
15,960.0,960,24.80149362266131,24.80149362266131,5.716744280002841,0.0,24.801493623721697,-1.0603845111951369e-09,0.0
16,1020.0,1020,24.80149362266124,24.80149362266124,6.097860565336357,0.0,24.801493623721623,-1.0603815892139731e-09,0.0
17,1080.0,1080,24.801493622661162,24.801493622661162,6.478976850669873,0.0,24.80149362372154,-1.0603784846864543e-09,0.0
18,1140.0,1140,24.801493622661084,24.801493622661084,6.860093136003387,0.0,24.80149362372146,-1.0603751976263425e-09,0.0
19,1200.0,1200,24.801493622661,24.801493622661,7.241209421336902,0.0,24.80149362372137,-1.0603717280488993e-09,0.0
20,1260.0,1260,24.801493622660907,24.801493622660907,7.622325706670414,0.0,24.801493623721274,-1.0603680759697056e-09,0.0
21,1320.0,1320,24.801493622660814,24.801493622660814,8.003441992003925,0.0,24.80149362372118,-1.0603642414052009e-09,0.0
22,1380.0,1380,24.80149362266072,24.80149362266072,8.384558277337433,0.0,24.801493623721075,-1.0603602243729306e-09,0.0
23,1440.0,1440,24.801493622660615,24.801493622660615,8.76567456267094,0.0,24.801493623720972,-1.0603560248906869e-09,0.0
24,1500.0,1500,24.801493622660505,24.801493622660505,9.146790848004446,0.0,24.80149362372086,-1.06035164297811e-09,0.0
25,1560.0,1560,24.80149362266039,24.80149362266039,9.527907133337951,0.0,24.80149362372074,-1.0603470786546073e-09,0.0
26,1620.0,1620,24.80149362266028,24.80149362266028,9.909023418671456,0.0,24.80149362372062,-1.0603423319409534e-09,0.0
27,1680.0,1680,24.801493622660157,24.801493622660157,10.290139704004957,0.0,24.801493623720496,-1.06033740285852e-09,0.0
28,1740.0,1740,24.801493622660033,24.801493622660033,10.671255989338457,0.0,24.801493623720365,-1.0603322914299437e-09,0.0
29,1800.0,1800,24.8014936226599,24.8014936226599,11.052372274671955,0.0,24.80149362372023,-1.0603269976782112e-09,0.0
30,1860.0,1860,24.80149362265977,24.80149362265977,11.433488560005449,0.0,24.801493623720088,-1.0603215216271667e-09,0.0
31,1920.0,1920,24.801493622659628,24.801493622659628,11.814604845338943,0.0,24.801493623719946,-1.0603158633018187e-09,0.0
32,1980.0,1980,24.801493622659486,24.801493622659486,12.195721130672435,0.0,24.801493623719796,-1.0603100227275101e-09,0.0
33,2040.0,2040,24.80149362265934,24.80149362265934,12.576837416005924,0.0,24.801493623719644,-1.060303999930806e-09,0.0
34,2100.0,2100,24.801493622659187,24.801493622659187,12.957953701339411,0.0,24.801493623719484,-1.0602977949392026e-09,0.0
35,2160.0,2160,24.80149362265903,24.80149362265903,13.339069986672895,0.0,24.80149362371932,-1.0602914077803997e-09,0.0
36,2220.0,2220,24.80149362265887,24.80149362265887,13.720186272006378,0.0,24.801493623719157,-1.0602848384836245e-09,0.0
37,2280.0,2280,24.8014936226587,24.8014936226587,14.101302557339858,0.0,24.80149362371898,-1.0602780870782793e-09,0.0
38,2340.0,2340,24.801493622658533,24.801493622658533,14.482418842673335,0.0,24.801493623718805,-1.0602711535952062e-09,0.0
39,2400.0,2400,24.80149362265836,24.80149362265836,14.86353512800681,0.0,24.801493623718624,-1.0602640380656109e-09,0.0
40,2460.0,2460,24.801493622658178,24.801493622658178,15.244651413340282,0.0,24.801493623718436,-1.0602567405217326e-09,0.0
41,2520.0,2520,24.801493622657993,24.801493622657993,15.625767698673751,0.0,24.801493623718244,-1.060249260996639e-09,0.0
42,2580.0,2580,24.80149362265781,24.80149362265781,16.006883984007217,0.0,24.80149362371805,-1.0602415995241697e-09,0.0
43,2640.0,2640,24.801493622657617,24.801493622657617,16.388000269340683,0.0,24.80149362371785,-1.0602337561389636e-09,0.0
44,2700.0,2700,24.801493622657418,24.801493622657418,16.76911655467414,0.0,24.801493623717644,-1.060225730876286e-09,0.0
45,2760.0,2760,24.80149362265722,24.80149362265722,17.1502328400076,0.0,24.801493623717434,-1.060217523772842e-09,0.0
46,2820.0,2820,24.80149362265701,24.80149362265701,17.531349125341052,0.0,24.801493623717217,-1.060209134865278e-09,0.0
47,2880.0,2880,24.8014936226568,24.8014936226568,17.912465410674507,0.0,24.801493623717,-1.0602005641916384e-09,0.0
48,2940.0,2940,24.801493622656587,24.801493622656587,18.293581696007955,0.0,24.801493623716777,-1.0601918117911738e-09,0.0
49,3000.0,3000,24.801493622656366,24.801493622656366,18.6746979813414,0.0,24.80149362371655,-1.0601828777027717e-09,0.0
50,3060.0,3060,24.801493622656142,24.801493622656142,19.05581426667484,0.0,24.801493623716315,-1.0601737619671528e-09,0.0
51,3120.0,3120,24.801493622655915,24.801493622655915,19.43693055200828,0.0,24.801493623716077,-1.0601644646256192e-09,0.0
52,3180.0,3180,24.801493622655684,24.801493622655684,19.818046837341715,0.0,24.801493623715835,-1.060154985719837e-09,0.0
53,3240.0,3240,24.801493622655446,24.801493622655446,20.199163122675145,0.0,24.80149362371559,-1.060145325292942e-09,0.0
54,3300.0,3300,24.801493622655205,24.801493622655205,20.580279408008572,0.0,24.801493623715334,-1.0601354833883894e-09,0.0
55,3360.0,3360,24.801493622654956,24.801493622654956,20.961395693341995,0.0,24.801493623715082,-1.0601254600509007e-09,0.0
56,3420.0,3420,24.801493622654707,24.801493622654707,21.342511978675414,0.0,24.80149362371482,-1.060115255325386e-09,0.0
57,3480.0,3480,24.801493622654448,24.801493622654448,21.72362826400883,0.0,24.801493623714556,-1.0601048692582397e-09,0.0
58,3540.0,3540,24.801493622654192,24.801493622654192,22.104744549342243,0.0,24.801493623714286,-1.0600943018962199e-09,0.0
59,3600.0,3600,24.801493622653926,24.801493622653926,22.485860834675652,0.0,24.80149362371401,-1.060083553287059e-09,0.0
60,3660.0,3660,24.801493622653656,24.801493622653656,22.866977120009054,0.0,24.801493623713732,-1.0600726234793048e-09,0.0
61,3720.0,3720,24.801493622653382,24.801493622653382,23.248093405342452,0.0,24.801493623713444,-1.060061512522479e-09,0.0
62,3780.0,3780,24.801493622653105,24.801493622653105,23.62920969067585,0.0,24.801493623713156,-1.0600502204662788e-09,0.0
63,3840.0,3840,24.801493622652824,24.801493622652824,24.01032597600924,0.0,24.801493623712865,-1.0600387473619138e-09,0.0
64,3900.0,3900,24.80149362265254,24.80149362265254,24.39144226134263,0.0,24.801493623712563,-1.060027093261321e-09,0.0
65,3960.0,3960,24.801493622652245,24.801493622652245,24.77255854667601,0.0,24.80149362371226,-1.0600152582171505e-09,0.0
66,4020.0,4020,24.80149362265195,24.80149362265195,25.153674832009383,0.0,24.801493623711956,-1.0600032422824304e-09,0.0
67,4080.0,4080,24.80149362265165,24.80149362265165,25.53479111734276,0.0,24.801493623711643,-1.0599910455114987e-09,0.0
68,4140.0,4140,24.801493622651343,24.801493622651343,25.91590740267613,0.0,24.801493623711327,-1.0599786679592455e-09,0.0
69,4200.0,4200,24.801493622651037,24.801493622651037,26.297023688009492,0.0,24.801493623711,-1.0599661096819142e-09,0.0
70,4260.0,4260,24.801493622650725,24.801493622650725,26.67813997334285,0.0,24.801493623710677,-1.0599533707357486e-09,0.0
71,4320.0,4320,24.80149362265041,24.80149362265041,27.059256258676204,0.0,24.801493623710346,-1.0599404511781992e-09,0.0
72,4380.0,4380,24.80149362265008,24.80149362265008,27.44037254400956,0.0,24.80149362371001,-1.0599273510677937e-09,0.0
73,4440.0,4440,24.801493622649755,24.801493622649755,27.8214888293429,0.0,24.801493623709668,-1.0599140704630014e-09,0.0
74,4500.0,4500,24.801493622649424,24.801493622649424,28.202605114676242,0.0,24.801493623709327,-1.0599006094243283e-09,0.0
75,4560.0,4560,24.801493622649087,24.801493622649087,28.583721400009576,0.0,24.801493623708975,-1.0598869680120187e-09,0.0
76,4620.0,4620,24.801493622648746,24.801493622648746,28.964837685342903,0.0,24.80149362370862,-1.0598731462875823e-09,0.0
77,4680.0,4680,24.801493622648405,24.801493622648405,29.34595397067623,0.0,24.80149362370826,-1.059859144313082e-09,0.0
78,4740.0,4740,24.801493622648053,24.801493622648053,29.727070256009547,0.0,24.801493623707895,-1.0598449621520788e-09,0.0
79,4800.0,4800,24.801493622647698,24.801493622647698,30.10818654134286,0.0,24.80149362370753,-1.0598305998681195e-09,0.0
80,4860.0,4860,24.801493622647342,24.801493622647342,30.48930282667617,0.0,24.801493623707156,-1.0598160575259435e-09,0.0
81,4920.0,4920,24.80149362264698,24.80149362264698,30.870419112009476,0.0,24.80149362370678,-1.0598013351909162e-09,0.0
82,4980.0,4980,24.80149362264661,24.80149362264661,31.251535397342774,0.0,24.801493623706396,-1.0597864329291737e-09,0.0
83,5040.0,5040,24.801493622646237,24.801493622646237,31.632651682676062,0.0,24.80149362370601,-1.0597713508078994e-09,0.0
84,5100.0,5100,24.80149362264586,24.80149362264586,32.01376796800935,0.0,24.801493623705614,-1.0597560888953104e-09,0.0
85,5160.0,5160,24.801493622645477,24.801493622645477,32.39488425334263,0.0,24.80149362370522,-1.0597406472595503e-09,0.0
86,5220.0,5220,24.801493622645093,24.801493622645093,32.7760005386759,0.0,24.80149362370482,-1.0597250259700141e-09,0.0
87,5280.0,5280,24.801493622644706,24.801493622644706,33.15711682400917,0.0,24.801493623704413,-1.0597092250973046e-09,0.0
88,5340.0,5340,24.801493622644312,24.801493622644312,33.538233109342436,0.0,24.801493623704,-1.0596932447121984e-09,0.0
89,5400.0,5400,24.80149362264391,24.80149362264391,33.919349394675685,0.0,24.80149362370359,-1.0596770848866078e-09,0.0
90,5460.0,5460,24.801493622643505,24.801493622643505,34.30046568000894,0.0,24.801493623703166,-1.059660745693201e-09,0.0
91,5520.0,5520,24.8014936226431,24.8014936226431,34.68158196534218,0.0,24.80149362370274,-1.0596442272053737e-09,0.0
92,5580.0,5580,24.801493622642685,24.801493622642685,35.06269825067542,0.0,24.801493623702314,-1.0596275294972348e-09,0.0
93,5640.0,5640,24.80149362264227,24.80149362264227,35.44381453600865,0.0,24.80149362370188,-1.0596106526439255e-09,0.0
94,5700.0,5700,24.801493622641846,24.801493622641846,35.82493082134188,0.0,24.80149362370144,-1.0595935967210531e-09,0.0
95,5760.0,5760,24.80149362264142,24.80149362264142,36.2060471066751,0.0,24.801493623700996,-1.0595763618052868e-09,0.0
96,5820.0,5820,24.80149362264099,24.80149362264099,36.58716339200831,0.0,24.80149362370055,-1.0595589479738921e-09,0.0
97,5880.0,5880,24.801493622640553,24.801493622640553,36.96827967734151,0.0,24.801493623700097,-1.0595413553052695e-09,0.0
98,5940.0,5940,24.801493622640116,24.801493622640116,37.34939596267471,0.0,24.801493623699642,-1.05952358387811e-09,0.0
99,6000.0,6000,24.801493622639672,24.801493622639672,37.730512248007905,0.0,24.801493623699177,-1.0595056337721092e-09,0.0
100,6060.0,6060,24.80149362263922,24.80149362263922,38.11162853334109,0.0,24.80149362369871,-1.0594875050679512e-09,0.0
101,6120.0,6120,24.80149362263877,24.80149362263877,38.49274481867427,0.0,24.80149362369824,-1.0594691978467426e-09,0.0
102,6180.0,6180,24.80149362263831,24.80149362263831,38.87386110400744,0.0,24.801493623697763,-1.0594507121905932e-09,0.0
103,6240.0,6240,24.80149362263785,24.80149362263785,39.25497738934061,0.0,24.801493623697283,-1.0594320481823409e-09,0.0
104,6300.0,6300,24.801493622637384,24.801493622637384,39.63609367467376,0.0,24.801493623696793,-1.059413205905827e-09,0.0
105,6360.0,6360,24.80149362263691,24.80149362263691,40.017209960006916,0.0,24.801493623696306,-1.0593941854452566e-09,0.0
106,6420.0,6420,24.801493622636436,24.801493622636436,40.39832624534006,0.0,24.80149362369581,-1.0593749868859404e-09,0.0
107,6480.0,6480,24.801493622635952,24.801493622635952,40.77944253067319,0.0,24.80149362369531,-1.0593556103136694e-09,0.0
108,6540.0,6540,24.80149362263547,24.80149362263547,41.16055881600632,0.0,24.801493623694807,-1.0593360558152526e-09,0.0
109,6600.0,6600,24.801493622634982,24.801493622634982,41.54167510133944,0.0,24.8014936236943,-1.0593163234782996e-09,0.0
110,6660.0,6660,24.801493622634485,24.801493622634485,41.92279138667256,0.0,24.801493623693784,-1.0592964133910308e-09,0.0
111,6720.0,6720,24.801493622633988,24.801493622633988,42.30390767200566,0.0,24.801493623693265,-1.0592763256427724e-09,0.0
112,6780.0,6780,24.801493622633487,24.801493622633487,42.68502395733875,0.0,24.80149362369274,-1.0592560603228066e-09,0.0
113,6840.0,6840,24.80149362263298,24.80149362263298,43.06614024267184,0.0,24.801493623692213,-1.0592356175223944e-09,0.0
114,6900.0,6900,24.801493622632467,24.801493622632467,43.44725652800493,0.0,24.80149362369168,-1.0592149973324187e-09,0.0
115,6960.0,6960,24.801493622631952,24.801493622631952,43.828372813338,0.0,24.801493623691144,-1.059194199845275e-09,0.0
116,7020.0,7020,24.801493622631426,24.801493622631426,44.20948909867108,0.0,24.8014936236906,-1.0591732251539705e-09,0.0
117,7080.0,7080,24.801493622630904,24.801493622630904,44.590605384004135,0.0,24.801493623690053,-1.059152073352268e-09,0.0
118,7140.0,7140,24.801493622630375,24.801493622630375,44.971721669337185,0.0,24.801493623689502,-1.059130744534106e-09,0.0
119,7200.0,7200,24.801493622629838,24.801493622629838,45.352837954670235,0.0,24.80149362368895,-1.0591092387951238e-09,0.0
120,7260.0,7260,24.801493622629298,24.801493622629298,45.73395424000327,0.0,24.801493623688387,-1.0590875562314563e-09,0.0
121,7320.0,7320,24.801493622628758,24.801493622628758,46.1150705253363,0.0,24.80149362368782,-1.0590656969396166e-09,0.0
122,7380.0,7380,24.801493622628207,24.801493622628207,46.496186810669315,0.0,24.80149362368725,-1.0590436610174268e-09,0.0
123,7440.0,7440,24.801493622627657,24.801493622627657,46.87730309600232,0.0,24.801493623686675,-1.0590214485626074e-09,0.0
124,7500.0,7500,24.801493622627095,24.801493622627095,47.25841938133533,0.0,24.8014936236861,-1.0589990596749008e-09,0.0
125,7560.0,7560,24.801493622626534,24.801493622626534,47.639535666668316,0.0,24.801493623685513,-1.0589764944535986e-09,0.0
126,7620.0,7620,24.80149362262597,24.80149362262597,48.02065195200131,0.0,24.801493623684923,-1.0589537529993312e-09,0.0
127,7680.0,7680,24.801493622625397,24.801493622625397,48.40176823733429,0.0,24.80149362368433,-1.0589308354138048e-09,0.0
128,7740.0,7740,24.801493622624825,24.801493622624825,48.78288452266725,0.0,24.80149362368373,-1.05890774179877e-09,0.0
129,7800.0,7800,24.801493622624243,24.801493622624243,49.16400080800021,0.0,24.801493623683125,-1.0588844722570099e-09,0.0
130,7860.0,7860,24.801493622623656,24.801493622623656,49.54511709333316,0.0,24.80149362368252,-1.058861026892384e-09,0.0
131,7920.0,7920,24.80149362262307,24.80149362262307,49.926233378666105,0.0,24.801493623681907,-1.0588374058091596e-09,0.0
132,7980.0,7980,24.801493622622477,24.801493622622477,50.307349663999034,0.0,24.80149362368129,-1.0588136091123896e-09,0.0
133,8040.0,8040,24.801493622621877,24.801493622621877,50.68846594933195,0.0,24.801493623680663,-1.0587896369079119e-09,0.0
134,8100.0,8100,24.801493622621273,24.801493622621273,51.06958223466487,0.0,24.80149362368004,-1.0587654893025255e-09,0.0
135,8160.0,8160,24.80149362262067,24.80149362262067,51.45069851999777,0.0,24.80149362367941,-1.0587411664033338e-09,0.0
136,8220.0,8220,24.801493622620054,24.801493622620054,51.831814805330666,0.0,24.80149362367877,-1.0587166683184596e-09,0.0
137,8280.0,8280,24.80149362261944,24.80149362261944,52.21293109066355,0.0,24.80149362367813,-1.058691995156898e-09,0.0
138,8340.0,8340,24.801493622618818,24.801493622618818,52.59404737599644,0.0,24.801493623677487,-1.05866714702827e-09,0.0
139,8400.0,8400,24.801493622618192,24.801493622618192,52.975163661329304,0.0,24.801493623676834,-1.0586421240426621e-09,0.0
140,8460.0,8460,24.801493622617564,24.801493622617564,53.35627994666216,0.0,24.801493623676176,-1.058616926311397e-09,0.0
141,8520.0,8520,24.801493622616928,24.801493622616928,53.737396231995014,0.0,24.80149362367552,-1.0585915539464086e-09,0.0
142,8580.0,8580,24.801493622616288,24.801493622616288,54.11851251732785,0.0,24.801493623674855,-1.0585660070596895e-09,0.0
143,8640.0,8640,24.801493622615645,24.801493622615645,54.49962880266068,0.0,24.801493623674187,-1.0585402857652393e-09,0.0
144,8700.0,8700,24.801493622615,24.801493622615,54.880745087993496,0.0,24.80149362367351,-1.0585143901766945e-09,0.0
145,8760.0,8760,24.80149362261434,24.80149362261434,55.261861373326305,0.0,24.80149362367283,-1.0584883204089855e-09,0.0
146,8820.0,8820,24.801493622613688,24.801493622613688,55.6429776586591,0.0,24.801493623672147,-1.0584620765778149e-09,0.0
147,8880.0,8880,24.801493622613027,24.801493622613027,56.024093943991886,0.0,24.801493623671462,-1.0584356587989425e-09,0.0
148,8940.0,8940,24.80149362261236,24.80149362261236,56.405210229324666,0.0,24.801493623670765,-1.0584090671896705e-09,0.0
149,9000.0,9000,24.801493622611687,24.801493622611687,56.786326514657425,0.0,24.80149362367007,-1.0583823018675926e-09,0.0
150,9060.0,9060,24.801493622611012,24.801493622611012,57.167442799990184,0.0,24.801493623669366,-1.0583553629512912e-09,0.0
151,9120.0,9120,24.80149362261033,24.80149362261033,57.54855908532293,0.0,24.80149362366866,-1.0583282505601924e-09,0.0
152,9180.0,9180,24.801493622609648,24.801493622609648,57.92967537065567,0.0,24.801493623667945,-1.0583009648136356e-09,0.0
153,9240.0,9240,24.801493622608955,24.801493622608955,58.310791655988396,0.0,24.80149362366723,-1.0582735058325454e-09,0.0
154,9300.0,9300,24.801493622608263,24.801493622608263,58.6919079413211,0.0,24.80149362366651,-1.0582458737384285e-09,0.0
155,9360.0,9360,24.801493622607563,24.801493622607563,59.07302422665381,0.0,24.80149362366578,-1.0582180686531994e-09,0.0
156,9420.0,9420,24.80149362260686,24.80149362260686,59.45414051198651,0.0,24.801493623665053,-1.0581900906995864e-09,0.0
157,9480.0,9480,24.801493622606152,24.801493622606152,59.83525679731919,0.0,24.801493623664314,-1.0581619400011768e-09,0.0
158,9540.0,9540,24.80149362260544,24.80149362260544,60.216373082651856,0.0,24.801493623663575,-1.0581336166826055e-09,0.0
159,9600.0,9600,24.801493622604724,24.801493622604724,60.597489367984515,0.0,24.80149362366283,-1.058105120868303e-09,0.0
160,9660.0,9660,24.801493622604006,24.801493622604006,60.97860565331716,0.0,24.80149362366208,-1.0580764526840682e-09,0.0
161,9720.0,9720,24.801493622603278,24.801493622603278,61.359721938649805,0.0,24.801493623661326,-1.0580476122564848e-09,0.0
162,9780.0,9780,24.80149362260255,24.80149362260255,61.740838223982436,0.0,24.801493623660566,-1.058018599712879e-09,0.0
163,9840.0,9840,24.80149362260181,24.80149362260181,62.12195450931505,0.0,24.8014936236598,-1.057989415180606e-09,0.0
164,9900.0,9900,24.801493622601072,24.801493622601072,62.50307079464767,0.0,24.80149362365903,-1.057960058788301e-09,0.0
165,9960.0,9960,24.801493622600326,24.801493622600326,62.884187079980265,0.0,24.801493623658256,-1.0579305306654285e-09,0.0
166,10020.0,10020,24.80149362259958,24.80149362259958,63.265303365312846,0.0,24.80149362365748,-1.057900830941992e-09,0.0
167,10080.0,10080,24.801493622598827,24.801493622598827,63.64641965064542,0.0,24.801493623656693,-1.0578709597485467e-09,0.0
168,10140.0,10140,24.801493622598066,24.801493622598066,64.02753593597798,0.0,24.801493623655904,-1.0578409172164778e-09,0.0
169,10200.0,10200,24.801493622597302,24.801493622597302,64.40865222131053,0.0,24.801493623655112,-1.0578107034777811e-09,0.0
170,10260.0,10260,24.80149362259654,24.80149362259654,64.78976850664307,0.0,24.801493623654316,-1.057780318665515e-09,0.0
171,10320.0,10320,24.801493622595764,24.801493622595764,65.17088479197558,0.0,24.801493623653517,-1.0577497629129556e-09,0.0
172,10380.0,10380,24.801493622594986,24.801493622594986,65.55200107730809,0.0,24.801493623652707,-1.0577190363546155e-09,0.0
173,10440.0,10440,24.801493622594208,24.801493622594208,65.9331173626406,0.0,24.801493623651893,-1.057688139124746e-09,0.0
174,10500.0,10500,24.801493622593423,24.801493622593423,66.3142336479731,0.0,24.80149362365108,-1.0576570713596056e-09,0.0
175,10560.0,10560,24.801493622592634,24.801493622592634,66.69534993330558,0.0,24.80149362365026,-1.0576258331951475e-09,0.0
176,10620.0,10620,24.801493622591835,24.801493622591835,67.07646621863805,0.0,24.80149362364943,-1.0575944247686196e-09,0.0
177,10680.0,10680,24.801493622591035,24.801493622591035,67.45758250397049,0.0,24.8014936236486,-1.0575628462174736e-09,0.0
178,10740.0,10740,24.801493622590232,24.801493622590232,67.83869878930294,0.0,24.80149362364776,-1.0575310976801063e-09,0.0
179,10800.0,10800,24.801493622589422,24.801493622589422,68.21981507463536,0.0,24.801493623646923,-1.057499179295643e-09,0.0
180,10860.0,10860,24.80149362258861,24.80149362258861,68.60093135996777,0.0,24.801493623646078,-1.0574670912038916e-09,0.0
181,10920.0,10920,24.801493622587795,24.801493622587795,68.98204764530017,0.0,24.80149362364523,-1.0574348335454755e-09,0.0
182,10980.0,10980,24.80149362258697,24.80149362258697,69.36316393063257,0.0,24.801493623644372,-1.0574024064609593e-09,0.0
183,11040.0,11040,24.801493622586143,24.801493622586143,69.74428021596495,0.0,24.801493623643513,-1.0573698100927996e-09,0.0
184,11100.0,11100,24.801493622585312,24.801493622585312,70.12539650129732,0.0,24.801493623642646,-1.0573370445829723e-09,0.0
185,11160.0,11160,24.801493622584474,24.801493622584474,70.50651278662966,0.0,24.80149362364178,-1.05730411007501e-09,0.0
186,11220.0,11220,24.801493622583635,24.801493622583635,70.88762907196201,0.0,24.801493623640905,-1.0572710067125766e-09,0.0
187,11280.0,11280,24.801493622582786,24.801493622582786,71.26874535729434,0.0,24.801493623640027,-1.0572377346405577e-09,0.0
188,11340.0,11340,24.801493622581937,24.801493622581937,71.64986164262666,0.0,24.80149362363914,-1.0572042940038099e-09,0.0
189,11400.0,11400,24.801493622581084,24.801493622581084,72.03097792795894,0.0,24.801493623638255,-1.0571706849483538e-09,0.0
190,11460.0,11460,24.80149362258022,24.80149362258022,72.41209421329124,0.0,24.80149362363736,-1.0571369076209084e-09,0.0
191,11520.0,11520,24.801493622579358,24.801493622579358,72.7932104986235,0.0,24.80149362363646,-1.0571029621683085e-09,0.0
192,11580.0,11580,24.80149362257849,24.80149362257849,73.17432678395578,0.0,24.801493623635558,-1.057068848738888e-09,0.0
193,11640.0,11640,24.801493622577617,24.801493622577617,73.555443069288,0.0,24.801493623634652,-1.0570345674810244e-09,0.0
194,11700.0,11700,24.80149362257674,24.80149362257674,73.93655935462024,0.0,24.80149362363374,-1.057000118544244e-09,0.0
195,11760.0,11760,24.801493622575855,24.801493622575855,74.31767563995248,0.0,24.801493623632823,-1.0569655020779862e-09,0.0
196,11820.0,11820,24.80149362257497,24.80149362257497,74.6987919252847,0.0,24.8014936236319,-1.056930718233276e-09,0.0
197,11880.0,11880,24.80149362257408,24.80149362257408,75.07990821061689,0.0,24.801493623630975,-1.0568957671611535e-09,0.0
198,11940.0,11940,24.80149362257318,24.80149362257318,75.46102449594906,0.0,24.80149362363004,-1.0568606490135743e-09,0.0
199,12000.0,12000,24.801493622572277,24.801493622572277,75.84214078128124,0.0,24.801493623629103,-1.0568253639433823e-09,0.0
200,12060.0,12060,24.80149362257137,24.80149362257137,76.2232570666134,0.0,24.80149362362816,-1.0567899121032319e-09,0.0
201,12120.0,12120,24.80149362257046,24.80149362257046,76.60437335194554,0.0,24.801493623627216,-1.0567542936474798e-09,0.0
202,12180.0,12180,24.80149362256955,24.80149362256955,76.98548963727767,0.0,24.801493623626264,-1.0567185087305408e-09,0.0
203,12240.0,12240,24.80149362256863,24.80149362256863,77.36660592260978,0.0,24.801493623625312,-1.0566825575075571e-09,0.0
204,12300.0,12300,24.8014936225677,24.8014936225677,77.74772220794188,0.0,24.801493623624353,-1.0566464401343986e-09,0.0
205,12360.0,12360,24.801493622566777,24.801493622566777,78.12883849327396,0.0,24.801493623623383,-1.0566101567675744e-09,0.0
206,12420.0,12420,24.80149362256584,24.80149362256584,78.50995477860603,0.0,24.801493623622413,-1.056573707564206e-09,0.0
207,12480.0,12480,24.8014936225649,24.8014936225649,78.89107106393809,0.0,24.80149362362144,-1.0565370926822432e-09,0.0
208,12540.0,12540,24.80149362256396,24.80149362256396,79.27218734927014,0.0,24.80149362362046,-1.0565003122797378e-09,0.0
209,12600.0,12600,24.80149362256301,24.80149362256301,79.65330363460215,0.0,24.801493623619475,-1.0564633665164147e-09,0.0
210,12660.0,12660,24.80149362256206,24.80149362256206,80.03441991993418,0.0,24.801493623618484,-1.0564262555514462e-09,0.0
211,12720.0,12720,24.8014936225611,24.8014936225611,80.41553620526616,0.0,24.80149362361749,-1.0563889795455026e-09,0.0
212,12780.0,12780,24.80149362256014,24.80149362256014,80.79665249059813,0.0,24.80149362361649,-1.056351538659313e-09,0.0
213,12840.0,12840,24.80149362255917,24.80149362255917,81.17776877593012,0.0,24.801493623615485,-1.0563139330548712e-09,0.0
214,12900.0,12900,24.801493622558205,24.801493622558205,81.55888506126207,0.0,24.80149362361448,-1.0562761628940852e-09,0.0
215,12960.0,12960,24.801493622557228,24.801493622557228,81.94000134659402,0.0,24.801493623613464,-1.0562382283400545e-09,0.0
216,13020.0,13020,24.801493622556247,24.801493622556247,82.32111763192594,0.0,24.801493623612444,-1.056200129556534e-09,0.0
217,13080.0,13080,24.80149362255526,24.80149362255526,82.70223391725784,0.0,24.80149362361142,-1.0561618667071187e-09,0.0
218,13140.0,13140,24.801493622554272,24.801493622554272,83.08335020258973,0.0,24.801493623610394,-1.056123439957338e-09,0.0
219,13200.0,13200,24.801493622553277,24.801493622553277,83.4644664879216,0.0,24.801493623609364,-1.0560848494720088e-09,0.0
220,13260.0,13260,24.801493622552275,24.801493622552275,83.84558277325347,0.0,24.801493623608323,-1.0560460954175773e-09,0.0
221,13320.0,13320,24.801493622551273,24.801493622551273,84.22669905858531,0.0,24.801493623607282,-1.0560071779605333e-09,0.0
222,13380.0,13380,24.801493622550264,24.801493622550264,84.60781534391714,0.0,24.80149362360623,-1.0559680972681232e-09,0.0
223,13440.0,13440,24.801493622549252,24.801493622549252,84.98893162924897,0.0,24.80149362360518,-1.0559288535084518e-09,0.0
224,13500.0,13500,24.801493622548232,24.801493622548232,85.37004791458077,0.0,24.801493623604124,-1.0558894468500017e-09,0.0
225,13560.0,13560,24.80149362254721,24.80149362254721,85.75116419991255,0.0,24.80149362360306,-1.05584987746162e-09,0.0
226,13620.0,13620,24.801493622546182,24.801493622546182,86.13228048524431,0.0,24.801493623601992,-1.0558101455135934e-09,0.0
227,13680.0,13680,24.801493622545152,24.801493622545152,86.51339677057607,0.0,24.80149362360092,-1.0557702511760488e-09,0.0
228,13740.0,13740,24.801493622544115,24.801493622544115,86.89451305590778,0.0,24.801493623599846,-1.0557301946199279e-09,0.0
229,13800.0,13800,24.801493622543074,24.801493622543074,87.27562934123951,0.0,24.801493623598763,-1.0556899760167395e-09,0.0
230,13860.0,13860,24.80149362254203,24.80149362254203,87.65674562657122,0.0,24.80149362359768,-1.055649595538953e-09,0.0
231,13920.0,13920,24.801493622540978,24.801493622540978,88.03786191190291,0.0,24.801493623596585,-1.0556090533589356e-09,0.0
232,13980.0,13980,24.80149362253992,24.80149362253992,88.4189781972346,0.0,24.801493623595487,-1.0555683496505968e-09,0.0
233,14040.0,14040,24.80149362253886,24.80149362253886,88.80009448256625,0.0,24.801493623594386,-1.055527484588166e-09,0.0
234,14100.0,14100,24.801493622537794,24.801493622537794,89.1812107678979,0.0,24.80149362359328,-1.0554864583454072e-09,0.0
235,14160.0,14160,24.801493622536725,24.801493622536725,89.56232705322951,0.0,24.801493623592172,-1.055445271097961e-09,0.0
236,14220.0,14220,24.801493622535652,24.801493622535652,89.94344333856112,0.0,24.801493623591053,-1.055403923021512e-09,0.0
237,14280.0,14280,24.801493622534572,24.801493622534572,90.32455962389272,0.0,24.801493623589934,-1.05536241429301e-09,0.0
238,14340.0,14340,24.80149362253349,24.80149362253349,90.70567590922431,0.0,24.801493623588808,-1.0553207450887504e-09,0.0
239,14400.0,14400,24.801493622532398,24.801493622532398,91.08679219455587,0.0,24.801493623587678,-1.055278915586556e-09,0.0
240,14460.0,14460,24.801493622531304,24.801493622531304,91.46790847988741,0.0,24.801493623586545,-1.0552369259648318e-09,0.0
241,14520.0,14520,24.801493622530206,24.801493622530206,91.84902476521894,0.0,24.801493623585404,-1.0551947764020844e-09,0.0
242,14580.0,14580,24.801493622529104,24.801493622529104,92.23014105055046,0.0,24.801493623584257,-1.055152467077839e-09,0.0
243,14640.0,14640,24.801493622527996,24.801493622527996,92.61125733588194,0.0,24.80149362358311,-1.055109998171664e-09,0.0
244,14700.0,14700,24.801493622526884,24.801493622526884,92.99237362121342,0.0,24.80149362358195,-1.0550673698645103e-09,0.0
245,14760.0,14760,24.80149362252577,24.80149362252577,93.37348990654489,0.0,24.801493623580793,-1.0550245823372125e-09,0.0
246,14820.0,14820,24.801493622524646,24.801493622524646,93.75460619187632,0.0,24.801493623579628,-1.054981635771434e-09,0.0
247,14880.0,14880,24.80149362252352,24.80149362252352,94.13572247720775,0.0,24.801493623578455,-1.054938530349493e-09,0.0
248,14940.0,14940,24.80149362252239,24.80149362252239,94.51683876253914,0.0,24.801493623577286,-1.054895266254072e-09,0.0
249,15000.0,15000,24.801493622521253,24.801493622521253,94.89795504787054,0.0,24.801493623576107,-1.0548518436689148e-09,0.0
250,15060.0,15060,24.801493622520113,24.801493622520113,95.27907133320191,0.0,24.801493623574917,-1.0548082627776197e-09,0.0
251,15120.0,15120,24.80149362251897,24.80149362251897,95.66018761853327,0.0,24.80149362357373,-1.0547645237648183e-09,0.0
252,15180.0,15180,24.801493622517818,24.801493622517818,96.0413039038646,0.0,24.801493623572537,-1.0547206268154915e-09,0.0
253,15240.0,15240,24.80149362251666,24.80149362251666,96.42242018919592,0.0,24.801493623571336,-1.0546765721156963e-09,0.0
254,15300.0,15300,24.8014936225155,24.8014936225155,96.80353647452722,0.0,24.801493623570135,-1.0546323598508933e-09,0.0
255,15360.0,15360,24.801493622514336,24.801493622514336,97.18465275985851,0.0,24.801493623568923,-1.054587990208784e-09,0.0
256,15420.0,15420,24.801493622513167,24.801493622513167,97.56576904518977,0.0,24.80149362356771,-1.0545434633761237e-09,0.0
257,15480.0,15480,24.801493622511995,24.801493622511995,97.94688533052101,0.0,24.80149362356649,-1.0544987795405845e-09,0.0
258,15540.0,15540,24.801493622510815,24.801493622510815,98.32800161585224,0.0,24.801493623565268,-1.054453938891264e-09,0.0
259,15600.0,15600,24.801493622509632,24.801493622509632,98.70911790118346,0.0,24.80149362356404,-1.0544089416167656e-09,0.0
260,15660.0,15660,24.801493622508442,24.801493622508442,99.09023418651466,0.0,24.801493623562806,-1.0543637879066962e-09,0.0
261,15720.0,15720,24.801493622507248,24.801493622507248,99.47135047184582,0.0,24.801493623561566,-1.0543184779512155e-09,0.0
262,15780.0,15780,24.80149362250605,24.80149362250605,99.85246675717698,0.0,24.801493623560326,-1.054273011940789e-09,0.0
263,15840.0,15840,24.801493622504847,24.801493622504847,100.23358304250813,0.0,24.801493623559075,-1.054227390066711e-09,0.0
264,15900.0,15900,24.80149362250364,24.80149362250364,100.61469932783926,0.0,24.80149362355782,-1.054181612520742e-09,0.0
265,15960.0,15960,24.80149362250243,24.80149362250243,100.99581561317036,0.0,24.801493623556564,-1.0541356794952236e-09,0.0
266,16020.0,16020,24.801493622501212,24.801493622501212,101.37693189850145,0.0,24.8014936235553,-1.0540895911827166e-09,0.0
267,16080.0,16080,24.80149362249999,24.80149362249999,101.75804818383253,0.0,24.801493623554034,-1.0540433477766972e-09,0.0
268,16140.0,16140,24.80149362249876,24.80149362249876,102.13916446916356,0.0,24.80149362355276,-1.0539969494711226e-09,0.0
269,16200.0,16200,24.80149362249753,24.80149362249753,102.52028075449459,0.0,24.80149362355148,-1.0539503964602404e-09,0.0
270,16260.0,16260,24.801493622496295,24.801493622496295,102.90139703982562,0.0,24.801493623550197,-1.0539036889392446e-09,0.0
271,16320.0,16320,24.80149362249505,24.80149362249505,103.2825133251566,0.0,24.80149362354891,-1.0538568271029935e-09,0.0
272,16380.0,16380,24.801493622493805,24.801493622493805,103.66362961048759,0.0,24.801493623547618,-1.0538098111483106e-09,0.0
273,16440.0,16440,24.801493622492558,24.801493622492558,104.04474589581852,0.0,24.80149362354632,-1.0537626412714945e-09,0.0
274,16500.0,16500,24.8014936224913,24.8014936224913,104.42586218114945,0.0,24.801493623545017,-1.05371531766883e-09,0.0
275,16560.0,16560,24.801493622490042,24.801493622490042,104.80697846648039,0.0,24.801493623543706,-1.0536678405386967e-09,0.0
276,16620.0,16620,24.801493622488778,24.801493622488778,105.18809475181126,0.0,24.801493623542395,-1.0536202100789213e-09,0.0
277,16680.0,16680,24.801493622487502,24.801493622487502,105.56921103714213,0.0,24.801493623541077,-1.053572426487927e-09,0.0
278,16740.0,16740,24.80149362248623,24.80149362248623,105.95032732247299,0.0,24.801493623539756,-1.0535244899651844e-09,0.0
279,16800.0,16800,24.801493622484948,24.801493622484948,106.33144360780382,0.0,24.801493623538427,-1.0534764007101352e-09,0.0
280,16860.0,16860,24.801493622483665,24.801493622483665,106.71255989313462,0.0,24.80149362353709,-1.0534281589227154e-09,0.0
281,16920.0,16920,24.801493622482376,24.801493622482376,107.09367617846543,0.0,24.801493623535755,-1.0533797648039816e-09,0.0
282,16980.0,16980,24.801493622481082,24.801493622481082,107.4747924637962,0.0,24.801493623534412,-1.0533312185546702e-09,0.0
283,17040.0,17040,24.801493622479782,24.801493622479782,107.85590874912695,0.0,24.801493623533066,-1.0532825203764337e-09,0.0
284,17100.0,17100,24.80149362247848,24.80149362247848,108.2370250344577,0.0,24.801493623531712,-1.0532336704719439e-09,0.0
285,17160.0,17160,24.80149362247717,24.80149362247717,108.61814131978842,0.0,24.801493623530355,-1.0531846690429698e-09,0.0
286,17220.0,17220,24.801493622475856,24.801493622475856,108.99925760511911,0.0,24.80149362352899,-1.0531355162935067e-09,0.0
287,17280.0,17280,24.80149362247454,24.80149362247454,109.38037389044979,0.0,24.801493623527623,-1.053086212426604e-09,0.0
288,17340.0,17340,24.801493622473213,24.801493622473213,109.76149017578045,0.0,24.80149362352625,-1.0530367576466643e-09,0.0
289,17400.0,17400,24.801493622471884,24.801493622471884,110.14260646111109,0.0,24.801493623524873,-1.0529871521584536e-09,0.0
290,17460.0,17460,24.801493622470556,24.801493622470556,110.52372274644172,0.0,24.80149362352349,-1.0529373961666367e-09,0.0
291,17520.0,17520,24.801493622469216,24.801493622469216,110.90483903177231,0.0,24.801493623522102,-1.052887489877245e-09,0.0
292,17580.0,17580,24.80149362246787,24.80149362246787,111.28595531710288,0.0,24.80149362352071,-1.0528374334959471e-09,0.0
293,17640.0,17640,24.801493622466523,24.801493622466523,111.66707160243344,0.0,24.80149362351931,-1.0527872272296333e-09,0.0
294,17700.0,17700,24.801493622465173,24.801493622465173,112.04818788776397,0.0,24.80149362351791,-1.0527368712854262e-09,0.0
295,17760.0,17760,24.801493622463813,24.801493622463813,112.42930417309448,0.0,24.8014936235165,-1.0526863658706238e-09,0.0
296,17820.0,17820,24.801493622462452,24.801493622462452,112.81042045842497,0.0,24.80149362351509,-1.0526357111930183e-09,0.0
297,17880.0,17880,24.801493622461084,24.801493622461084,113.19153674375544,0.0,24.801493623513668,-1.0525849074617693e-09,0.0
298,17940.0,17940,24.801493622459713,24.801493622459713,113.57265302908588,0.0,24.801493623512247,-1.0525339548850474e-09,0.0
299,18000.0,18000,24.801493622458334,24.801493622458334,113.9537693144163,0.0,24.80149362351082,-1.0524828536727398e-09,0.0
300,18060.0,18060,24.801493622456956,24.801493622456956,114.33488559974671,0.0,24.801493623509383,-1.05243160403453e-09,0.0
301,18120.0,18120,24.801493622455567,24.801493622455567,114.7160018850771,0.0,24.801493623507948,-1.0523802061808144e-09,0.0
302,18180.0,18180,24.801493622454174,24.801493622454174,115.09711817040746,0.0,24.801493623506506,-1.0523286603225132e-09,0.0
303,18240.0,18240,24.801493622452778,24.801493622452778,115.4782344557378,0.0,24.801493623505056,-1.05227696667091e-09,0.0
304,18300.0,18300,24.80149362245138,24.80149362245138,115.85935074106811,0.0,24.801493623503603,-1.052225125437478e-09,0.0
305,18360.0,18360,24.80149362244997,24.80149362244997,116.24046702639843,0.0,24.801493623502143,-1.0521731368345918e-09,0.0
306,18420.0,18420,24.80149362244856,24.80149362244856,116.62158331172871,0.0,24.80149362350068,-1.0521210010748449e-09,0.0
307,18480.0,18480,24.801493622447143,24.801493622447143,117.00269959705896,0.0,24.801493623499212,-1.0520687183714267e-09,0.0
308,18540.0,18540,24.801493622445726,24.801493622445726,117.3838158823892,0.0,24.801493623497738,-1.0520162889378327e-09,0.0
309,18600.0,18600,24.801493622444294,24.801493622444294,117.76493216771942,0.0,24.801493623496263,-1.0519637129878776e-09,0.0
310,18660.0,18660,24.801493622442866,24.801493622442866,118.14604845304962,0.0,24.80149362349478,-1.0519109907362646e-09,0.0
311,18720.0,18720,24.80149362244143,24.80149362244143,118.52716473837978,0.0,24.801493623493286,-1.0518581223977687e-09,0.0
312,18780.0,18780,24.80149362243999,24.80149362243999,118.90828102370995,0.0,24.801493623491794,-1.0518051081877183e-09,0.0
313,18840.0,18840,24.801493622438542,24.801493622438542,119.28939730904006,0.0,24.801493623490295,-1.0517519483218487e-09,0.0
314,18900.0,18900,24.801493622437093,24.801493622437093,119.67051359437016,0.0,24.801493623488792,-1.051698643016347e-09,0.0
315,18960.0,18960,24.801493622435636,24.801493622435636,120.05162987970024,0.0,24.801493623487286,-1.0516451924878647e-09,0.0
316,19020.0,19020,24.801493622434176,24.801493622434176,120.4327461650303,0.0,24.80149362348577,-1.0515915969535054e-09,0.0
317,19080.0,19080,24.801493622432712,24.801493622432712,120.81386245036035,0.0,24.80149362348425,-1.051537856630692e-09,0.0
318,19140.0,19140,24.80149362243124,24.80149362243124,121.19497873569036,0.0,24.801493623482724,-1.0514839717376334e-09,0.0
319,19200.0,19200,24.801493622429764,24.801493622429764,121.57609502102036,0.0,24.801493623481196,-1.051429942492262e-09,0.0
320,19260.0,19260,24.801493622428282,24.801493622428282,121.95721130635032,0.0,24.80149362347966,-1.0513757691134993e-09,0.0
321,19320.0,19320,24.8014936224268,24.8014936224268,122.33832759168028,0.0,24.801493623478123,-1.051321451820747e-09,0.0
322,19380.0,19380,24.80149362242531,24.80149362242531,122.71944387701019,0.0,24.801493623476578,-1.0512669908333343e-09,0.0
323,19440.0,19440,24.801493622423816,24.801493622423816,123.10056016234009,0.0,24.801493623475025,-1.0512123863715504e-09,0.0
324,19500.0,19500,24.801493622422313,24.801493622422313,123.48167644766997,0.0,24.801493623473473,-1.0511576386556548e-09,0.0
325,19560.0,19560,24.80149362242081,24.80149362242081,123.86279273299982,0.0,24.801493623471913,-1.0511027479065484e-09,0.0
326,19620.0,19620,24.801493622419297,24.801493622419297,124.24390901832965,0.0,24.801493623470346,-1.051047714345873e-09,0.0
327,19680.0,19680,24.801493622417784,24.801493622417784,124.62502530365947,0.0,24.801493623468776,-1.0509925381945144e-09,0.0
328,19740.0,19740,24.801493622416263,24.801493622416263,125.00614158898925,0.0,24.8014936234672,-1.0509372196753512e-09,0.0
329,19800.0,19800,24.80149362241474,24.80149362241474,125.387257874319,0.0,24.80149362346562,-1.0508817590103747e-09,0.0
330,19860.0,19860,24.801493622413208,24.801493622413208,125.76837415964876,0.0,24.801493623464033,-1.0508261564226674e-09,0.0
331,19920.0,19920,24.801493622411673,24.801493622411673,126.14949044497848,0.0,24.80149362346244,-1.05077041213569e-09,0.0
332,19980.0,19980,24.80149362241013,24.80149362241013,126.53060673030816,0.0,24.801493623460846,-1.0507145263725397e-09,0.0
333,20040.0,20040,24.80149362240859,24.80149362240859,126.91172301563783,0.0,24.801493623459244,-1.0506584993580734e-09,0.0
334,20100.0,20100,24.80149362240704,24.80149362240704,127.29283930096747,0.0,24.801493623457638,-1.050602331316392e-09,0.0
335,20160.0,20160,24.80149362240548,24.80149362240548,127.67395558629711,0.0,24.801493623456032,-1.0505460224722221e-09,0.0
336,20220.0,20220,24.80149362240392,24.80149362240392,128.0550718716267,0.0,24.801493623454412,-1.0504895730510754e-09,0.0
337,20280.0,20280,24.801493622402358,24.801493622402358,128.43618815695626,0.0,24.80149362345279,-1.0504329832783479e-09,0.0
338,20340.0,20340,24.801493622400788,24.801493622400788,128.8173044422858,0.0,24.801493623451165,-1.0503762533804095e-09,0.0
339,20400.0,20400,24.801493622399214,24.801493622399214,129.19842072761534,0.0,24.80149362344953,-1.0503193835833833e-09,0.0
340,20460.0,20460,24.801493622397633,24.801493622397633,129.57953701294485,0.0,24.801493623447897,-1.0502623741140908e-09,0.0
341,20520.0,20520,24.801493622396045,24.801493622396045,129.96065329827434,0.0,24.80149362344625,-1.0502052251998623e-09,0.0
342,20580.0,20580,24.801493622394457,24.801493622394457,130.3417695836038,0.0,24.801493623444603,-1.050147937068043e-09,0.0
343,20640.0,20640,24.801493622392858,24.801493622392858,130.7228858689332,0.0,24.80149362344295,-1.0500905099465745e-09,0.0
344,20700.0,20700,24.801493622391263,24.801493622391263,131.10400215426262,0.0,24.801493623441292,-1.0500329440637183e-09,0.0
345,20760.0,20760,24.801493622389657,24.801493622389657,131.485118439592,0.0,24.801493623439633,-1.0499752396483614e-09,0.0
346,20820.0,20820,24.801493622388044,24.801493622388044,131.86623472492136,0.0,24.80149362343796,-1.0499173969293331e-09,0.0
347,20880.0,20880,24.80149362238643,24.80149362238643,132.24735101025067,0.0,24.80149362343629,-1.0498594161357385e-09,0.0
348,20940.0,20940,24.80149362238481,24.80149362238481,132.62846729558,0.0,24.80149362343461,-1.0498012974979342e-09,0.0
349,21000.0,21000,24.80149362238318,24.80149362238318,133.00958358090926,0.0,24.801493623432926,-1.0497430412454332e-09,0.0
350,21060.0,21060,24.801493622381553,24.801493622381553,133.39069986623852,0.0,24.801493623431234,-1.0496846476087663e-09,0.0
351,21120.0,21120,24.80149362237992,24.80149362237992,133.77181615156775,0.0,24.80149362342954,-1.0496261168192214e-09,0.0
352,21180.0,21180,24.801493622378278,24.801493622378278,134.15293243689698,0.0,24.80149362342784,-1.049567449107402e-09,0.0
353,21240.0,21240,24.80149362237663,24.80149362237663,134.53404872222615,0.0,24.80149362342614,-1.0495086447049162e-09,0.0
354,21300.0,21300,24.80149362237498,24.80149362237498,134.9151650075553,0.0,24.80149362342443,-1.0494497038439243e-09,0.0
355,21360.0,21360,24.80149362237332,24.80149362237332,135.2962812928844,0.0,24.801493623422715,-1.0493906267564267e-09,0.0
356,21420.0,21420,24.801493622371662,24.801493622371662,135.67739757821352,0.0,24.801493623420992,-1.0493314136747586e-09,0.0
357,21480.0,21480,24.801493622369993,24.801493622369993,136.0585138635426,0.0,24.801493623419265,-1.0492720648323316e-09,0.0
358,21540.0,21540,24.801493622368323,24.801493622368323,136.43963014887166,0.0,24.801493623417535,-1.0492125804617137e-09,0.0
359,21600.0,21600,24.801493622366646,24.801493622366646,136.82074643420066,0.0,24.8014936234158,-1.0491529607967966e-09,0.0
360,21660.0,21660,24.80149362236497,24.80149362236497,137.2018627195297,0.0,24.80149362341406,-1.0490932060716322e-09,0.0
361,21720.0,21720,24.80149362236328,24.80149362236328,137.58297900485866,0.0,24.801493623412313,-1.0490333165200685e-09,0.0
362,21780.0,21780,24.801493622361587,24.801493622361587,137.9640952901876,0.0,24.80149362341056,-1.0489732923769427e-09,0.0
363,21840.0,21840,24.801493622359892,24.801493622359892,138.34521157551654,0.0,24.801493623408806,-1.0489131338769907e-09,0.0
364,21900.0,21900,24.801493622358187,24.801493622358187,138.72632786084546,0.0,24.801493623407044,-1.0488528412552532e-09,0.0
365,21960.0,21960,24.80149362235648,24.80149362235648,139.10744414617434,0.0,24.801493623405275,-1.0487924147476445e-09,0.0
366,22020.0,22020,24.801493622354773,24.801493622354773,139.48856043150317,0.0,24.801493623403502,-1.0487318545896566e-09,0.0
367,22080.0,22080,24.801493622353053,24.801493622353053,139.869676716832,0.0,24.801493623401726,-1.0486711610174506e-09,0.0
368,22140.0,22140,24.80149362235133,24.80149362235133,140.25079300216078,0.0,24.80149362339994,-1.0486103342677116e-09,0.0
369,22200.0,22200,24.8014936223496,24.8014936223496,140.63190928748955,0.0,24.80149362339815,-1.0485493745771102e-09,0.0
370,22260.0,22260,24.80149362234787,24.80149362234787,141.0130255728183,0.0,24.801493623396357,-1.048488282182826e-09,0.0
371,22320.0,22320,24.801493622346133,24.801493622346133,141.394141858147,0.0,24.80149362339456,-1.0484270573219802e-09,0.0
372,22380.0,22380,24.80149362234439,24.80149362234439,141.77525814347572,0.0,24.801493623392755,-1.0483657002325385e-09,0.0
373,22440.0,22440,24.80149362234264,24.80149362234264,142.15637442880436,0.0,24.801493623390947,-1.0483042111523202e-09,0.0
374,22500.0,22500,24.80149362234089,24.80149362234089,142.537490714133,0.0,24.80149362338913,-1.0482425903198437e-09,0.0
375,22560.0,22560,24.801493622339127,24.801493622339127,142.91860699946162,0.0,24.80149362338731,-1.0481808379736563e-09,0.0
376,22620.0,22620,24.801493622337365,24.801493622337365,143.2997232847902,0.0,24.801493623385483,-1.0481189543525085e-09,0.0
377,22680.0,22680,24.801493622335595,24.801493622335595,143.68083957011876,0.0,24.80149362338365,-1.0480569396956898e-09,0.0
378,22740.0,22740,24.80149362233382,24.80149362233382,144.06195585544728,0.0,24.801493623381816,-1.04799479424262e-09,0.0
379,22800.0,22800,24.801493622332043,24.801493622332043,144.4430721407758,0.0,24.801493623379976,-1.0479325182331703e-09,0.0
380,22860.0,22860,24.80149362233026,24.80149362233026,144.82418842610426,0.0,24.80149362337813,-1.0478701119072555e-09,0.0
381,22920.0,22920,24.80149362232847,24.80149362232847,145.20530471143272,0.0,24.801493623376274,-1.0478075755056048e-09,0.0
382,22980.0,22980,24.801493622326674,24.801493622326674,145.58642099676115,0.0,24.80149362337442,-1.0477449092683948e-09,0.0
383,23040.0,23040,24.801493622324873,24.801493622324873,145.96753728208955,0.0,24.801493623372554,-1.0476821134365735e-09,0.0
384,23100.0,23100,24.80149362232307,24.80149362232307,146.34865356741793,0.0,24.80149362337069,-1.0476191882514521e-09,0.0
385,23160.0,23160,24.801493622321257,24.801493622321257,146.72976985274624,0.0,24.801493623368813,-1.0475561339548363e-09,0.0
386,23220.0,23220,24.80149362231944,24.80149362231944,147.1108861380746,0.0,24.801493623366937,-1.047492950787805e-09,0.0
387,23280.0,23280,24.801493622317622,24.801493622317622,147.49200242340285,0.0,24.80149362336505,-1.0474296389928915e-09,0.0
388,23340.0,23340,24.801493622315796,24.801493622315796,147.87311870873114,0.0,24.80149362336316,-1.0473661988118435e-09,0.0
389,23400.0,23400,24.801493622313966,24.801493622313966,148.25423499405935,0.0,24.801493623361267,-1.047302630487558e-09,0.0
390,23460.0,23460,24.801493622312126,24.801493622312126,148.63535127938752,0.0,24.801493623359367,-1.0472389342629472e-09,0.0
391,23520.0,23520,24.801493622310286,24.801493622310286,149.01646756471567,0.0,24.801493623357462,-1.0471751103807478e-09,0.0
392,23580.0,23580,24.80149362230844,24.80149362230844,149.39758385004382,0.0,24.801493623355547,-1.0471111590843805e-09,0.0
393,23640.0,23640,24.801493622306587,24.801493622306587,149.77870013537193,0.0,24.801493623353636,-1.0470470806175135e-09,0.0
394,23700.0,23700,24.80149362230473,24.80149362230473,150.1598164207,0.0,24.801493623351714,-1.0469828752237862e-09,0.0
395,23760.0,23760,24.801493622302868,24.801493622302868,150.54093270602803,0.0,24.801493623349785,-1.0469185431474485e-09,0.0
396,23820.0,23820,24.801493622301,24.801493622301,150.92204899135606,0.0,24.801493623347852,-1.0468540846330414e-09,0.0
397,23880.0,23880,24.801493622299127,24.801493622299127,151.30316527668407,0.0,24.801493623345912,-1.046789499924553e-09,0.0
398,23940.0,23940,24.801493622297247,24.801493622297247,151.68428156201205,0.0,24.801493623343973,-1.0467247892671357e-09,0.0
399,24000.0,24000,24.801493622295364,24.801493622295364,152.06539784733997,0.0,24.801493623342026,-1.0466599529058832e-09,0.0
400,24060.0,24060,24.801493622293474,24.801493622293474,152.44651413266786,0.0,24.80149362334007,-1.0465949910862822e-09,0.0
401,24120.0,24120,24.80149362229158,24.80149362229158,152.82763041799572,0.0,24.801493623338107,-1.046529904053194e-09,0.0
402,24180.0,24180,24.80149362228968,24.80149362228968,153.20874670332358,0.0,24.801493623336142,-1.0464646920530796e-09,0.0
403,24240.0,24240,24.801493622287776,24.801493622287776,153.58986298865142,0.0,24.801493623334174,-1.0463993553314696e-09,0.0
404,24300.0,24300,24.801493622285868,24.801493622285868,153.97097927397922,0.0,24.8014936233322,-1.0463338941353056e-09,0.0
405,24360.0,24360,24.80149362228395,24.80149362228395,154.352095559307,0.0,24.80149362333022,-1.0462683087102634e-09,0.0
406,24420.0,24420,24.801493622282027,24.801493622282027,154.73321184463475,0.0,24.80149362332823,-1.0462025993031096e-09,0.0
407,24480.0,24480,24.801493622280102,24.801493622280102,155.11432812996244,0.0,24.80149362332624,-1.0461367661612082e-09,0.0
408,24540.0,24540,24.801493622278173,24.801493622278173,155.4954444152901,0.0,24.801493623324244,-1.0460708095315147e-09,0.0
409,24600.0,24600,24.801493622276237,24.801493622276237,155.87656070061774,0.0,24.80149362332224,-1.046004729661349e-09,0.0
410,24660.0,24660,24.801493622274293,24.801493622274293,156.25767698594535,0.0,24.801493623320233,-1.0459385267980602e-09,0.0
411,24720.0,24720,24.801493622272346,24.801493622272346,156.63879327127293,0.0,24.80149362331822,-1.0458722011897098e-09,0.0
412,24780.0,24780,24.801493622270396,24.801493622270396,157.0199095566005,0.0,24.801493623316198,-1.0458057530841706e-09,0.0
413,24840.0,24840,24.801493622268435,24.801493622268435,157.40102584192803,0.0,24.801493623314176,-1.045739182729766e-09,0.0
414,24900.0,24900,24.801493622266474,24.801493622266474,157.78214212725555,0.0,24.801493623312144,-1.0456724903745576e-09,0.0
415,24960.0,24960,24.801493622264505,24.801493622264505,158.163258412583,0.0,24.80149362331011,-1.0456056762676695e-09,0.0
416,25020.0,25020,24.80149362226253,24.80149362226253,158.54437469791043,0.0,24.80149362330807,-1.0455387406576579e-09,0.0
417,25080.0,25080,24.801493622260548,24.801493622260548,158.92549098323784,0.0,24.801493623306023,-1.0454716837936465e-09,0.0
418,25140.0,25140,24.801493622258565,24.801493622258565,159.30660726856522,0.0,24.801493623303973,-1.04540450592441e-09,0.0
419,25200.0,25200,24.801493622256576,24.801493622256576,159.68772355389257,0.0,24.801493623301912,-1.0453372072999303e-09,0.0
420,25260.0,25260,24.801493622254583,24.801493622254583,160.06883983921986,0.0,24.80149362329985,-1.0452697881695932e-09,0.0
421,25320.0,25320,24.80149362225258,24.80149362225258,160.44995612454713,0.0,24.80149362329778,-1.045202248782988e-09,0.0
422,25380.0,25380,24.801493622250575,24.801493622250575,160.83107240987437,0.0,24.80149362329571,-1.0451345893902567e-09,0.0
423,25440.0,25440,24.801493622248564,24.801493622248564,161.2121886952016,0.0,24.80149362329363,-1.0450668102416141e-09,0.0
424,25500.0,25500,24.801493622246547,24.801493622246547,161.5933049805288,0.0,24.801493623291545,-1.0449989115873916e-09,0.0
425,25560.0,25560,24.80149362224452,24.80149362224452,161.97442126585597,0.0,24.801493623289456,-1.044930893678066e-09,0.0
426,25620.0,25620,24.801493622242496,24.801493622242496,162.35553755118312,0.0,24.80149362328736,-1.0448627567642303e-09,0.0
427,25680.0,25680,24.801493622240464,24.801493622240464,162.73665383651024,0.0,24.801493623285257,-1.044794501097161e-09,0.0
428,25740.0,25740,24.801493622238425,24.801493622238425,163.11777012183728,0.0,24.80149362328315,-1.0447261269273647e-09,0.0
429,25800.0,25800,24.80149362223638,24.80149362223638,163.49888640716432,0.0,24.801493623281036,-1.0446576345064525e-09,0.0
430,25860.0,25860,24.801493622234332,24.80149362223433,163.8800026924913,0.0,24.80149362327892,-1.0445890240858466e-09,0.0
431,25920.0,25920,24.801493622232275,24.801493622232275,164.26111897781828,0.0,24.801493623276794,-1.0445202959167657e-09,0.0
432,25980.0,25980,24.80149362223022,24.80149362223022,164.6422352631452,0.0,24.801493623274666,-1.0444514502511127e-09,0.0
433,26040.0,26040,24.80149362222815,24.80149362222815,165.02335154847214,0.0,24.801493623272535,-1.0443824873410806e-09,0.0
434,26100.0,26100,24.801493622226083,24.801493622226083,165.404467833799,0.0,24.801493623270396,-1.0443134074384266e-09,0.0
435,26160.0,26160,24.801493622224005,24.801493622224005,165.78558411912587,0.0,24.801493623268247,-1.0442442107951983e-09,0.0
436,26220.0,26220,24.801493622221923,24.801493622221923,166.1667004044527,0.0,24.801493623266097,-1.0441748976641133e-09,0.0
437,26280.0,26280,24.801493622219837,24.801493622219837,166.5478166897795,0.0,24.801493623263937,-1.0441054682974374e-09,0.0
438,26340.0,26340,24.801493622217745,24.801493622217745,166.92893297510625,0.0,24.80149362326178,-1.0440359229478153e-09,0.0
439,26400.0,26400,24.80149362221564,24.80149362221564,167.31004926043298,0.0,24.801493623259613,-1.0439662618681967e-09,0.0
440,26460.0,26460,24.801493622213542,24.801493622213542,167.69116554575967,0.0,24.801493623257436,-1.0438964853117644e-09,0.0
441,26520.0,26520,24.80149362221143,24.80149362221143,168.07228183108631,0.0,24.801493623255258,-1.043826593531221e-09,0.0
442,26580.0,26580,24.801493622209318,24.801493622209318,168.45339811641298,0.0,24.801493623253073,-1.0437565867797785e-09,0.0
443,26640.0,26640,24.801493622207197,24.801493622207197,168.8345144017395,0.0,24.801493623250884,-1.0436864653110702e-09,0.0
444,26700.0,26700,24.801493622205072,24.801493622205072,169.2156306870661,0.0,24.80149362324869,-1.0436162293786717e-09,0.0
445,26760.0,26760,24.801493622202944,24.801493622202944,169.59674697239262,0.0,24.801493623246486,-1.0435458792360278e-09,0.0
446,26820.0,26820,24.801493622200805,24.801493622200805,169.97786325771912,0.0,24.80149362324428,-1.0434754151367865e-09,0.0
447,26880.0,26880,24.801493622198663,24.801493622198663,170.35897954304562,0.0,24.80149362324207,-1.043404837335411e-09,0.0
448,26940.0,26940,24.801493622196514,24.801493622196514,170.74009582837203,0.0,24.80149362323985,-1.0433341460854472e-09,0.0
449,27000.0,27000,24.801493622194364,24.801493622194364,171.12121211369845,0.0,24.801493623237626,-1.043263341641155e-09,0.0
450,27060.0,27060,24.801493622192204,24.801493622192204,171.5023283990248,0.0,24.801493623235395,-1.0431924242570842e-09,0.0
451,27120.0,27120,24.80149362219004,24.80149362219004,171.88344468435113,0.0,24.80149362323316,-1.043121394187349e-09,0.0
452,27180.0,27180,24.801493622187873,24.801493622187873,172.26456096967743,0.0,24.801493623230918,-1.0430502516866154e-09,0.0
453,27240.0,27240,24.801493622185696,24.801493622185696,172.64567725500368,0.0,24.801493623228673,-1.0429789970094052e-09,0.0
454,27300.0,27300,24.801493622183514,24.801493622183514,173.02679354032992,0.0,24.801493623226424,-1.042907630410428e-09,0.0
455,27360.0,27360,24.80149362218133,24.80149362218133,173.4079098256561,0.0,24.801493623224168,-1.0428361521450058e-09,0.0
456,27420.0,27420,24.80149362217914,24.80149362217914,173.7890261109823,0.0,24.8014936232219,-1.0427645624675427e-09,0.0
457,27480.0,27480,24.80149362217694,24.80149362217694,174.17014239630842,0.0,24.801493623219635,-1.042692861633564e-09,0.0
458,27540.0,27540,24.80149362217474,24.80149362217474,174.55125868163452,0.0,24.80149362321736,-1.0426210498978672e-09,0.0
459,27600.0,27600,24.80149362822883,-275.19850637177115,174.93237496696057,300.0,1.0973471102393398e-09,-275.1985063728685,0.0
460,27660.0,27660,24.801493628228894,-275.1985063717711,170.34573319409625,300.0,1.0973490901490087e-09,-275.19850637286845,0.0
461,27720.0,27720,24.801493628228954,-275.19850637177103,165.759091421232,300.0,1.0973510300962263e-09,-275.1985063728684,0.0
462,27780.0,27780,24.801493628229018,-275.198506371771,161.1724496483677,300.0,1.0973529300786502e-09,-275.1985063728683,0.0
463,27840.0,27840,24.80149362822908,-275.1985063717709,156.58580787550343,300.0,1.0973547900949855e-09,-275.1985063728683,0.0
464,27900.0,27900,24.801493628229135,-275.19850637177086,151.99916610263915,300.0,1.097356610142919e-09,-275.1985063728682,0.0
465,27960.0,27960,24.80149362822919,-275.1985063717708,147.4125243297749,300.0,1.0973583902195123e-09,-275.19850637286817,0.0
466,28020.0,28020,24.80149362822924,-275.19850637177075,142.82588255691059,300.0,1.097360130322961e-09,-275.1985063728681,0.0
467,28080.0,28080,24.801493628423895,-85.19850637157624,138.23924078404633,110.00000000000014,9.650529971619911e-10,-85.1985063725413,0.0
468,28140.0,28140,24.801493622155185,24.801493622155185,136.81926567785214,0.0,24.80149362319717,-1.0419865711530024e-09,0.0
469,28200.0,28200,24.801493622153444,24.801493622153444,137.2003819631779,0.0,24.801493623195373,-1.0419305800553163e-09,0.0
470,28260.0,28260,24.801493622151693,24.801493622151693,137.58149824850364,0.0,24.80149362319357,-1.0418744614717688e-09,0.0
471,28320.0,28320,24.801493622149945,24.801493622149945,137.96261453382934,0.0,24.80149362319176,-1.0418182156157097e-09,0.0
472,28380.0,28380,24.801493622148186,24.801493622148186,138.343730819155,0.0,24.80149362318995,-1.0417618426996882e-09,0.0
473,28440.0,28440,24.801493622146424,24.801493622146424,138.7248471044807,0.0,24.80149362318813,-1.04170534293736e-09,0.0
474,28500.0,28500,24.80149362214466,24.80149362214466,139.1059633898063,0.0,24.801493623186307,-1.0416487165422633e-09,0.0
475,28560.0,28560,24.801493622142882,24.801493622142882,139.48707967513192,0.0,24.801493623184474,-1.0415919637285048e-09,0.0
476,28620.0,28620,24.801493622141102,24.801493622141102,139.86819596045748,0.0,24.80149362318264,-1.0415350847099574e-09,0.0
477,28680.0,28680,24.801493622139322,24.801493622139322,140.24931224578305,0.0,24.8014936231808,-1.041478079701688e-09,0.0
478,28740.0,28740,24.801493622137528,24.801493622137528,140.63042853110855,0.0,24.801493623178953,-1.0414209489179915e-09,0.0
479,28800.0,28800,24.801493622135737,24.801493622135737,141.01154481643405,0.0,24.8014936231771,-1.0413636925742689e-09,0.0
480,28860.0,28860,24.801493622133936,24.801493622133936,141.3926611017595,0.0,24.801493623175244,-1.0413063108852813e-09,0.0
481,28920.0,28920,24.80149362213213,24.80149362213213,141.77377738708495,0.0,24.80149362317338,-1.0412488040677532e-09,0.0
482,28980.0,28980,24.801493628230062,-275.19850637176995,142.15489367241034,300.0,1.0973881656323555e-09,-275.1985063728673,0.0
483,29040.0,29040,24.801493628230112,-275.1985063717699,137.56825189954608,300.0,1.0973899056830524e-09,-275.1985063728673,0.0
484,29100.0,29100,24.80149362823016,-275.19850637176984,132.9816101266818,300.0,1.097391605740412e-09,-275.19850637286726,0.0
485,29160.0,29160,24.801493628230205,-275.1985063717698,128.39496835381755,300.0,1.0973932658012337e-09,-275.1985063728672,0.0
486,29220.0,29220,24.801493628230247,-275.1985063717698,123.80832658095329,300.0,1.0973948858618077e-09,-275.1985063728672,0.0
487,29280.0,29280,24.80149362823029,-275.1985063717697,119.22168480808904,300.0,1.0973964659189332e-09,-275.19850637286714,0.0
488,29340.0,29340,24.801493628230332,-275.19850637176967,114.63504303522478,300.0,1.0973980059689007e-09,-275.1985063728671,0.0
489,29400.0,29400,24.80149362823037,-275.1985063717696,110.04840126236054,300.0,1.0973995060077092e-09,-275.198506372867,0.0
490,29460.0,29460,24.801493628230407,-275.1985063717696,105.4617594894963,300.0,1.0974009660315908e-09,-275.198506372867,0.0
491,29520.0,29520,24.801493628230443,-275.19850637176955,100.87511771663205,300.0,1.0974023860361812e-09,-275.1985063728669,0.0
492,29580.0,29580,24.80149362815033,-195.19850637184948,96.28847594376778,219.99999999999983,1.1990140827598407e-09,-195.19850637304847,0.0
493,29640.0,29640,24.80149362211418,24.80149362211418,93.0351675042354,0.0,24.80149362315486,-1.0406800731958452e-09,0.0
494,29700.0,29700,24.801493622112982,24.801493622112982,93.41628378956054,0.0,24.801493623153622,-1.0406423178932887e-09,0.0
495,29760.0,29760,24.801493622111774,24.801493622111774,93.79740007488564,0.0,24.801493623152382,-1.0406044217350115e-09,0.0
496,29820.0,29820,24.801493622110563,24.801493622110563,94.17851636021075,0.0,24.80149362315113,-1.040566384872257e-09,0.0
497,29880.0,29880,24.801493622109348,24.801493622109348,94.55963264553583,0.0,24.801493623149877,-1.0405282074568361e-09,0.0
498,29940.0,29940,24.801493622108126,24.801493622108126,94.9407489308609,0.0,24.801493623148616,-1.04048988964053e-09,0.0
499,30000.0,30000,24.8014936221069,24.8014936221069,95.32186521618594,0.0,24.801493623147355,-1.040451431576299e-09,0.0
500,30060.0,30060,24.80149362210567,24.80149362210567,95.70298150151096,0.0,24.801493623146083,-1.040412833417234e-09,0.0
501,30120.0,30120,24.80149362210443,24.80149362210443,96.08409778683597,0.0,24.801493623144808,-1.0403740953166294e-09,0.0
502,30180.0,30180,24.801493622103195,24.801493622103195,96.46521407216096,0.0,24.80149362314353,-1.040335217428973e-09,0.0
503,30240.0,30240,24.801493622101944,24.801493622101944,96.84633035748594,0.0,24.801493623142242,-1.0402961999081414e-09,0.0
504,30300.0,30300,24.801493622100693,24.801493622100693,97.22744664281088,0.0,24.80149362314095,-1.040257042909582e-09,0.0
505,30360.0,30360,24.80149362209944,24.80149362209944,97.6085629281358,0.0,24.801493623139653,-1.0402177465882628e-09,0.0
506,30420.0,30420,24.80149362209817,24.80149362209817,97.9896792134607,0.0,24.801493623138352,-1.040178311100286e-09,0.0
507,30480.0,30480,24.801493622096906,24.801493622096906,98.37079549878558,0.0,24.801493623137045,-1.0401387366021179e-09,0.0
508,30540.0,30540,24.801493622095634,24.801493622095634,98.75191178411045,0.0,24.801493623135734,-1.0400990232499626e-09,0.0
509,30600.0,30600,24.801493622094355,24.801493622094355,99.1330280694353,0.0,24.801493623134412,-1.0400591712015376e-09,0.0
510,30660.0,30660,24.801493622093073,24.801493622093073,99.51414435476013,0.0,24.801493623133094,-1.0400191806144725e-09,0.0
511,30720.0,30720,24.801493622091783,24.801493622091783,99.89526064008496,0.0,24.801493623131762,-1.039979051646383e-09,0.0
512,30780.0,30780,24.80149362209049,24.80149362209049,100.27637692540975,0.0,24.80149362313043,-1.0399387844563828e-09,0.0
513,30840.0,30840,24.80149362208919,24.80149362208919,100.65749321073451,0.0,24.80149362312909,-1.039898379203237e-09,0.0
514,30900.0,30900,24.801493622087886,24.801493622087886,101.03860949605928,0.0,24.801493623127747,-1.0398578360462337e-09,0.0
515,30960.0,30960,24.80149362208658,24.80149362208658,101.419725781384,0.0,24.801493623126397,-1.0398171551452582e-09,0.0
516,31020.0,31020,24.801493622085264,24.801493622085264,101.80084206670871,0.0,24.80149362312504,-1.039776336660777e-09,0.0
517,31080.0,31080,24.801493622083946,24.801493622083946,102.1819583520334,0.0,24.801493623123683,-1.0397353807533883e-09,0.0
518,31140.0,31140,24.801493622082617,24.801493622082617,102.56307463735807,0.0,24.801493623122315,-1.0396942875846351e-09,0.0
519,31200.0,31200,24.80149362208129,24.80149362208129,102.94419092268274,0.0,24.801493623120944,-1.0396530573155522e-09,0.0
520,31260.0,31260,24.801493622079953,24.801493622079953,103.32530720800736,0.0,24.801493623119566,-1.0396116901086574e-09,0.0
521,31320.0,31320,24.801493622078613,24.801493622078613,103.70642349333197,0.0,24.801493623118184,-1.0395701861262654e-09,0.0
522,31380.0,31380,24.801493622077267,24.801493622077267,104.08753977865655,0.0,24.801493623116798,-1.0395285455311706e-09,0.0
523,31440.0,31440,24.801493622075917,24.801493622075917,104.46865606398111,0.0,24.8014936231154,-1.0394867684866915e-09,0.0
524,31500.0,31500,24.80149362207456,24.80149362207456,104.84977234930567,0.0,24.801493623114006,-1.0394448551569465e-09,0.0
525,31560.0,31560,24.8014936220732,24.8014936220732,105.23088863463018,0.0,24.801493623112602,-1.0394028057056032e-09,0.0
526,31620.0,31620,24.80149362207183,24.80149362207183,105.6120049199547,0.0,24.80149362311119,-1.0393606202976091e-09,0.0
527,31680.0,31680,24.80149362207046,24.80149362207046,105.99312120527918,0.0,24.801493623109778,-1.0393182990979851e-09,0.0
528,31740.0,31740,24.80149362206908,24.80149362206908,106.37423749060365,0.0,24.801493623108357,-1.0392758422719113e-09,0.0
529,31800.0,31800,24.8014936220677,24.8014936220677,106.75535377592809,0.0,24.801493623106932,-1.0392332499854703e-09,0.0
530,31860.0,31860,24.801493622066314,24.801493622066314,107.13647006125251,0.0,24.801493623105504,-1.0391905224049338e-09,0.0
531,31920.0,31920,24.801493622064918,24.801493622064918,107.51758634657692,0.0,24.801493623104065,-1.0391476596966898e-09,0.0
532,31980.0,31980,24.80149362206352,24.80149362206352,107.8987026319013,0.0,24.801493623102623,-1.0391046620284066e-09,0.0
533,32040.0,32040,24.801493622062118,24.801493622062118,108.27981891722567,0.0,24.80149362310118,-1.0390615295670832e-09,0.0
534,32100.0,32100,24.801493622060708,24.801493622060708,108.66093520255,0.0,24.801493623099727,-1.0390182624807077e-09,0.0
535,32160.0,32160,24.801493622059297,24.801493622059297,109.04205148787432,0.0,24.80149362309827,-1.0389748609379816e-09,0.0
536,32220.0,32220,24.801493622057873,24.801493622057873,109.42316777319861,0.0,24.801493623096807,-1.0389313251069512e-09,0.0
537,32280.0,32280,24.80149362205645,24.80149362205645,109.8042840585229,0.0,24.801493623095336,-1.038887655157278e-09,0.0
538,32340.0,32340,24.80149362205502,24.80149362205502,110.18540034384715,0.0,24.801493623093865,-1.0388438512584485e-09,0.0
539,32400.0,32400,24.801493622053584,24.801493622053584,110.56651662917137,0.0,24.801493623092384,-1.0387999135804444e-09,0.0
540,32460.0,32460,24.801493622052146,24.801493622052146,110.94763291449559,0.0,24.801493623090902,-1.0387558422931454e-09,0.0
541,32520.0,32520,24.8014936220507,24.8014936220507,111.32874919981977,0.0,24.80149362308941,-1.0387116375675655e-09,0.0
542,32580.0,32580,24.801493622049247,24.801493622049247,111.70986548514392,0.0,24.801493623087914,-1.0386672995750974e-09,0.0
543,32640.0,32640,24.80149362204779,24.80149362204779,112.09098177046808,0.0,24.801493623086415,-1.0386228284867993e-09,0.0
544,32700.0,32700,24.801493628232297,-275.19850637176773,112.47209805579222,300.0,1.097478871774801e-09,-275.1985063728652,0.0
545,32760.0,32760,24.801493628232333,-275.1985063717677,107.88545628292799,300.0,1.097480360356143e-09,-275.19850637286515,0.0
546,32820.0,32820,24.801493628232368,-275.1985063717676,103.29881451006375,300.0,1.0974818088501373e-09,-275.1985063728651,0.0
547,32880.0,32880,24.8014936282324,-275.19850637176756,98.71217273719954,300.0,1.0974832172525062e-09,-275.1985063728651,0.0
548,32940.0,32940,24.801493628232432,-275.19850637176756,94.12553096433533,300.0,1.0974845855577074e-09,-275.19850637286504,0.0
549,33000.0,33000,24.801493628232464,-275.19850637176756,89.5388891914711,300.0,1.0974859137609105e-09,-275.19850637286504,0.0
550,33060.0,33060,24.80149362823249,-275.1985063717675,84.95224741860689,300.0,1.0974872018570383e-09,-275.198506372865,0.0
551,33120.0,33120,24.801493628232514,-275.1985063717675,80.36560564574266,300.0,1.0974884498407953e-09,-275.198506372865,0.0
552,33180.0,33180,24.801493628232535,-275.19850637176745,75.77896387287845,300.0,1.0974896577062892e-09,-275.198506372865,0.0
553,33240.0,33240,24.80149362817545,-165.1985063718244,71.19232210001422,189.99999999999983,1.2190103561587249e-09,-165.19850637304341,0.0
554,33300.0,33300,24.801493622034897,24.801493622034897,68.43901366048223,0.0,24.801493623073128,-1.038231469839874e-09,0.0
555,33360.0,33360,24.801493622033988,24.801493622033988,68.82012994580614,0.0,24.801493623072194,-1.0382042060680128e-09,0.0
556,33420.0,33420,24.801493622033075,24.801493622033075,69.20124623113007,0.0,24.801493623071252,-1.0381767987189537e-09,0.0
557,33480.0,33480,24.801493622032158,24.801493622032158,69.58236251645395,0.0,24.801493623070307,-1.0381492479041356e-09,0.0
558,33540.0,33540,24.801493622031238,24.801493622031238,69.96347880177784,0.0,24.80149362306936,-1.0381215537346634e-09,0.0
559,33600.0,33600,24.801493622030307,24.801493622030307,70.34459508710171,0.0,24.801493623068403,-1.038093716322093e-09,0.0
560,33660.0,33660,24.801493622029373,24.801493622029373,70.72571137242555,0.0,24.80149362306744,-1.038065735779275e-09,0.0
561,33720.0,33720,24.801493622028435,24.801493622028435,71.10682765774939,0.0,24.801493623066474,-1.0380376122183615e-09,0.0
562,33780.0,33780,24.80149362202749,24.80149362202749,71.4879439430732,0.0,24.8014936230655,-1.0380093457535703e-09,0.0
563,33840.0,33840,24.80149362202654,24.80149362202654,71.86906022839702,0.0,24.801493623064523,-1.037980936498189e-09,0.0
564,33900.0,33900,24.80149362202559,24.80149362202559,72.2501765137208,0.0,24.801493623063543,-1.0379523845668135e-09,0.0
565,33960.0,33960,24.801493622024633,24.801493622024633,72.63129279904457,0.0,24.801493623062555,-1.037923690074535e-09,0.0
566,34020.0,34020,24.801493622023667,24.801493622023667,73.01240908436834,0.0,24.80149362306156,-1.0378948531365753e-09,0.0
567,34080.0,34080,24.8014936220227,24.8014936220227,73.3935253696921,0.0,24.801493623060566,-1.0378658738693202e-09,0.0
568,34140.0,34140,24.801493622021724,24.801493622021724,73.77464165501583,0.0,24.80149362305956,-1.0378367523887191e-09,0.0
569,34200.0,34200,24.801493622020743,24.801493622020743,74.15575794033954,0.0,24.801493623058555,-1.0378074888121034e-09,0.0
570,34260.0,34260,24.80149362201976,24.80149362201976,74.53687422566325,0.0,24.80149362305754,-1.037778083256906e-09,0.0
571,34320.0,34320,24.80149362201877,24.80149362201877,74.91799051098694,0.0,24.80149362305652,-1.037748535841041e-09,0.0
572,34380.0,34380,24.801493622017773,24.801493622017773,75.29910679631061,0.0,24.801493623055496,-1.0377188466831483e-09,0.0
573,34440.0,34440,24.801493622016775,24.801493622016775,75.68022308163427,0.0,24.801493623054466,-1.0376890159019272e-09,0.0
574,34500.0,34500,24.801493622015773,24.801493622015773,76.06133936695792,0.0,24.801493623053428,-1.0376590436174297e-09,0.0
575,34560.0,34560,24.80149362201476,24.80149362201476,76.44245565228155,0.0,24.801493623052387,-1.0376289299492422e-09,0.0
576,34620.0,34620,24.801493622013744,24.801493622013744,76.82357193760515,0.0,24.80149362305134,-1.037598675018173e-09,0.0
577,34680.0,34680,24.80149362201272,24.80149362201272,77.20468822292875,0.0,24.80149362305029,-1.0375682789451031e-09,0.0
578,34740.0,34740,24.801493622011698,24.801493622011698,77.58580450825234,0.0,24.801493623049236,-1.037537741851758e-09,0.0
579,34800.0,34800,24.801493622010668,24.801493622010668,77.96692079357591,0.0,24.801493623048174,-1.0375070638600077e-09,0.0
580,34860.0,34860,24.801493622009627,24.801493622009627,78.34803707889947,0.0,24.801493623047108,-1.0374762450924066e-09,0.0
581,34920.0,34920,24.80149362200859,24.80149362200859,78.729153364223,0.0,24.80149362304603,-1.0374452856720036e-09,0.0
582,34980.0,34980,24.80149362200754,24.80149362200754,79.1102696495465,0.0,24.801493623044955,-1.0374141857221237e-09,0.0
583,35040.0,35040,24.80149362200649,24.80149362200649,79.49138593487001,0.0,24.801493623043875,-1.0373829453670961e-09,0.0
584,35100.0,35100,24.801493622005435,24.801493622005435,79.87250222019348,0.0,24.801493623042784,-1.0373515647314103e-09,0.0
585,35160.0,35160,24.801493622004372,24.801493622004372,80.25361850551695,0.0,24.80149362304169,-1.037320043939744e-09,0.0
586,35220.0,35220,24.801493622003303,24.801493622003303,80.63473479084041,0.0,24.801493623040592,-1.037288383117838e-09,0.0
587,35280.0,35280,24.801493622002234,24.801493622002234,81.01585107616386,0.0,24.801493623039487,-1.0372565823917523e-09,0.0
588,35340.0,35340,24.801493622001153,24.801493622001153,81.39696736148727,0.0,24.80149362303838,-1.0372246418878092e-09,0.0
589,35400.0,35400,24.801493622000073,24.801493622000073,81.77808364681069,0.0,24.801493623037263,-1.0371925617327528e-09,0.0
590,35460.0,35460,24.801493621998983,24.801493621998983,82.15919993213409,0.0,24.80149362303614,-1.0371603420543746e-09,0.0
591,35520.0,35520,24.80149362199789,24.80149362199789,82.54031621745746,0.0,24.801493623035018,-1.0371279829802337e-09,0.0
592,35580.0,35580,24.80149362199679,24.80149362199679,82.9214325027808,0.0,24.80149362303389,-1.0370954846391833e-09,0.0
593,35640.0,35640,24.801493621995686,24.801493621995686,83.30254878810413,0.0,24.80149362303275,-1.0370628471597863e-09,0.0
594,35700.0,35700,24.801493621994577,24.801493621994577,83.68366507342746,0.0,24.801493623031607,-1.037030070671362e-09,0.0
595,35760.0,35760,24.801493621993465,24.801493621993465,84.06478135875075,0.0,24.801493623030463,-1.0369971553040436e-09,0.0
596,35820.0,35820,24.801493621992343,24.801493621992343,84.44589764407404,0.0,24.801493623029305,-1.0369641011874562e-09,0.0
597,35880.0,35880,24.80149362199122,24.80149362199122,84.8270139293973,0.0,24.80149362302815,-1.0369309084532032e-09,0.0
598,35940.0,35940,24.80149362199009,24.80149362199009,85.20813021472055,0.0,24.80149362302699,-1.03689757723216e-09,0.0
599,36000.0,36000,24.801493621988953,24.801493621988953,85.5892465000438,0.0,24.80149362302582,-1.036864107656061e-09,0.0
600,36060.0,36060,24.801493621987813,24.801493621987813,85.970362785367,0.0,24.801493623024644,-1.036830499857193e-09,0.0
601,36120.0,36120,24.80149362198667,24.80149362198667,86.3514790706902,0.0,24.801493623023468,-1.0367967539679159e-09,0.0
602,36180.0,36180,24.80149362198552,24.80149362198552,86.73259535601338,0.0,24.80149362302228,-1.0367628701217095e-09,0.0
603,36240.0,36240,24.801493621984367,24.801493621984367,87.11371164133655,0.0,24.801493623021095,-1.0367288484519667e-09,0.0
604,36300.0,36300,24.8014936219832,24.8014936219832,87.4948279266597,0.0,24.801493623019894,-1.0366946890929963e-09,0.0
605,36360.0,36360,24.801493621982036,24.801493621982036,87.87594421198283,0.0,24.801493623018697,-1.0366603921788749e-09,0.0
606,36420.0,36420,24.801493621980867,24.801493621980867,88.25706049730594,0.0,24.80149362301749,-1.0366259578452646e-09,0.0
607,36480.0,36480,24.801493621979688,24.801493621979688,88.63817678262903,0.0,24.801493623016277,-1.0365913862268965e-09,0.0
608,36540.0,36540,24.80149362197851,24.80149362197851,89.0192930679521,0.0,24.80149362301506,-1.0365566774602766e-09,0.0
609,36600.0,36600,24.801493621977322,24.801493621977322,89.40040935327515,0.0,24.801493623013844,-1.0365218316813144e-09,0.0
610,36660.0,36660,24.801493621976125,24.801493621976125,89.78152563859818,0.0,24.80149362301261,-1.0364868490271413e-09,0.0
611,36720.0,36720,24.80149362197493,24.80149362197493,90.16264192392121,0.0,24.801493623011382,-1.0364517296349618e-09,0.0
612,36780.0,36780,24.801493621973723,24.801493621973723,90.5437582092442,0.0,24.80149362301014,-1.0364164736421985e-09,0.0
613,36840.0,36840,24.801493621972515,24.801493621972515,90.92487449456719,0.0,24.8014936230089,-1.0363810811876553e-09,0.0
614,36900.0,36900,24.801493621971304,24.801493621971304,91.30599077989017,0.0,24.801493623007648,-1.036345552409352e-09,0.0
615,36960.0,36960,24.801493621970085,24.801493621970085,91.6871070652131,0.0,24.801493623006394,-1.036309887446791e-09,0.0
616,37020.0,37020,24.801493621968863,24.801493621968863,92.06822335053603,0.0,24.801493623005133,-1.0362740864392426e-09,0.0
617,37080.0,37080,24.80149362196763,24.80149362196763,92.44933963585893,0.0,24.801493623003868,-1.0362381495268208e-09,0.0
618,37140.0,37140,24.801493621966397,24.801493621966397,92.83045592118181,0.0,24.8014936230026,-1.0362020768498137e-09,0.0
619,37200.0,37200,24.801493621965154,24.801493621965154,93.21157220650467,0.0,24.80149362300132,-1.0361658685492523e-09,0.0
620,37260.0,37260,24.801493621963914,24.801493621963914,93.59268849182752,0.0,24.80149362300004,-1.0361295247662976e-09,0.0
621,37320.0,37320,24.80149362196266,24.80149362196266,93.97380477715035,0.0,24.801493622998755,-1.0360930456429841e-09,0.0
622,37380.0,37380,24.801493621961406,24.801493621961406,94.35492106247317,0.0,24.801493622997462,-1.036056431321026e-09,0.0
623,37440.0,37440,24.801493621960145,24.801493621960145,94.73603734779597,0.0,24.801493622996162,-1.036019681943403e-09,0.0
624,37500.0,37500,24.80149362195888,24.80149362195888,95.11715363311875,0.0,24.80149362299486,-1.0359827976530663e-09,0.0
625,37560.0,37560,24.801493621957608,24.801493621957608,95.49826991844151,0.0,24.801493622993554,-1.0359457785934318e-09,0.0
626,37620.0,37620,24.80149362195633,24.80149362195633,95.87938620376423,0.0,24.80149362299224,-1.0359086249086875e-09,0.0
627,37680.0,37680,24.80149362195505,24.80149362195505,96.26050248908695,0.0,24.801493622990918,-1.0358713367427295e-09,0.0
628,37740.0,37740,24.801493628234486,-275.1985063717655,96.64161877440964,300.0,1.0975862748365081e-09,-275.1985063728631,0.0
629,37800.0,37800,24.801493628234514,-275.1985063717655,92.05497700154544,300.0,1.0975876220326471e-09,-275.1985063728631,0.0
630,37860.0,37860,24.80149362823454,-275.1985063717655,87.46833522868125,300.0,1.0975889289863833e-09,-275.1985063728631,0.0
631,37920.0,37920,24.801493628234567,-275.1985063717654,82.88169345581706,300.0,1.097590195692072e-09,-275.19850637286305,0.0
632,37980.0,37980,24.801493628234592,-275.1985063717654,78.29505168295289,300.0,1.0975914221444027e-09,-275.19850637286305,0.0
633,38040.0,38040,24.80149362823461,-275.1985063717654,73.7084099100887,300.0,1.0975926083373384e-09,-275.198506372863,0.0
634,38100.0,38100,24.80149362823463,-275.19850637176535,69.1217681372245,300.0,1.097593754265016e-09,-275.19850637286294,0.0
635,38160.0,38160,24.80149362823465,-275.19850637176535,64.53512636436032,300.0,1.0975948599212523e-09,-275.19850637286294,0.0
636,38220.0,38220,24.801493628303717,-120.19850637169614,59.94848459149614,144.99999999999986,1.1028708948100124e-09,-120.19850637279902,0.0
637,38280.0,38280,24.801493621944804,24.801493621944804,57.94517615196644,0.0,24.80149362298038,-1.0355758570304967e-09,0.0
638,38340.0,38340,24.80149362194401,24.80149362194401,58.32629243728898,0.0,24.801493622979567,-1.035553341795298e-09,0.0
639,38400.0,38400,24.801493621943216,24.801493621943216,58.70740872261151,0.0,24.801493622978747,-1.0355306844760577e-09,0.0
640,38460.0,38460,24.80149362194241,24.80149362194241,59.08852500793402,0.0,24.80149362297792,-1.0355078851640515e-09,0.0
641,38520.0,38520,24.801493621941603,24.801493621941603,59.46964129325653,0.0,24.801493622977087,-1.0354849439510496e-09,0.0
642,38580.0,38580,24.801493621940786,24.801493621940786,59.850757578579014,0.0,24.80149362297625,-1.035461860929506e-09,0.0
643,38640.0,38640,24.801493621939965,24.801493621939965,60.231873863901484,0.0,24.801493622975407,-1.0354386361923837e-09,0.0
644,38700.0,38700,24.80149362193914,24.80149362193914,60.612990149223954,0.0,24.801493622974558,-1.0354152698326894e-09,0.0
645,38760.0,38760,24.801493621938313,24.801493621938313,60.9941064345464,0.0,24.80149362297371,-1.035391761945045e-09,0.0
646,38820.0,38820,24.801493621937478,24.801493621937478,61.37522271986884,0.0,24.80149362297285,-1.0353681126233154e-09,0.0
647,38880.0,38880,24.80149362193664,24.80149362193664,61.756339005191265,0.0,24.801493622971986,-1.0353443219626315e-09,0.0
648,38940.0,38940,24.801493621935794,24.801493621935794,62.13745529051367,0.0,24.801493622971115,-1.0353203900587497e-09,0.0
649,39000.0,39000,24.801493621934945,24.801493621934945,62.51857157583607,0.0,24.80149362297024,-1.0352963170072807e-09,0.0
650,39060.0,39060,24.80149362193409,24.80149362193409,62.89968786115846,0.0,24.80149362296936,-1.0352721029053488e-09,0.0
651,39120.0,39120,24.80149362193323,24.80149362193323,63.28080414648085,0.0,24.801493622968476,-1.0352477478492922e-09,0.0
652,39180.0,39180,24.801493621932362,24.801493621932362,63.6619204318032,0.0,24.801493622967588,-1.0352232519371948e-09,0.0
653,39240.0,39240,24.801493621931492,24.801493621931492,64.04303671712556,0.0,24.80149362296669,-1.0351986152670683e-09,0.0
654,39300.0,39300,24.801493621930618,24.801493621930618,64.4241530024479,0.0,24.801493622965793,-1.0351738379373166e-09,0.0
655,39360.0,39360,24.801493621929733,24.801493621929733,64.80526928777022,0.0,24.801493622964887,-1.0351489200470133e-09,0.0
656,39420.0,39420,24.80149362192885,24.80149362192885,65.18638557309252,0.0,24.80149362296397,-1.0351238616960318e-09,0.0
657,39480.0,39480,24.801493621927957,24.801493621927957,65.56750185841481,0.0,24.801493622963058,-1.0350986629844347e-09,0.0
658,39540.0,39540,24.801493621927058,24.801493621927058,65.9486181437371,0.0,24.801493622962138,-1.0350733240128956e-09,0.0
659,39600.0,39600,24.801493621926163,24.801493621926163,66.32973442905937,0.0,24.801493622961207,-1.035047844882205e-09,0.0
660,39660.0,39660,24.80149362192525,24.80149362192525,66.71085071438162,0.0,24.801493622960272,-1.0350222256948405e-09,0.0
661,39720.0,39720,24.80149362192434,24.80149362192434,67.09196699970386,0.0,24.801493622959338,-1.0349964665522318e-09,0.0
662,39780.0,39780,24.801493621923424,24.801493621923424,67.47308328502609,0.0,24.801493622958397,-1.0349705675572646e-09,0.0
663,39840.0,39840,24.801493621922504,24.801493621922504,67.8541995703483,0.0,24.801493622957448,-1.0349445288129252e-09,0.0
664,39900.0,39900,24.801493621921573,24.801493621921573,68.23531585567049,0.0,24.801493622956492,-1.0349183504235827e-09,0.0
665,39960.0,39960,24.80149362192064,24.80149362192064,68.61643214099269,0.0,24.801493622955533,-1.0348920324925296e-09,0.0
666,40020.0,40020,24.8014936219197,24.8014936219197,68.99754842631485,0.0,24.801493622954567,-1.0348655751252986e-09,0.0
667,40080.0,40080,24.801493621918762,24.801493621918762,69.378664711637,0.0,24.8014936229536,-1.0348389784263316e-09,0.0
668,40140.0,40140,24.80149362191781,24.80149362191781,69.75978099695915,0.0,24.801493622952623,-1.0348122425017721e-09,0.0
669,40200.0,40200,24.80149362191686,24.80149362191686,70.14089728228127,0.0,24.801493622951643,-1.0347853674576622e-09,0.0
670,40260.0,40260,24.8014936219159,24.8014936219159,70.52201356760337,0.0,24.801493622950655,-1.0347583534005967e-09,0.0
671,40320.0,40320,24.801493621914933,24.801493621914933,70.90312985292547,0.0,24.801493622949668,-1.034731200438058e-09,0.0
672,40380.0,40380,24.801493621913966,24.801493621913966,71.28424613824755,0.0,24.801493622948666,-1.0347039086772518e-09,0.0
673,40440.0,40440,24.80149362191299,24.80149362191299,71.66536242356962,0.0,24.801493622947667,-1.0346764782266644e-09,0.0
674,40500.0,40500,24.801493621912012,24.801493621912012,72.04647870889167,0.0,24.80149362294666,-1.0346489091950433e-09,0.0
675,40560.0,40560,24.801493621911025,24.801493621911025,72.4275949942137,0.0,24.80149362294565,-1.0346212016910352e-09,0.0
676,40620.0,40620,24.801493621910037,24.801493621910037,72.80871127953571,0.0,24.80149362294463,-1.034593355824886e-09,0.0
677,40680.0,40680,24.801493621909042,24.801493621909042,73.18982756485774,0.0,24.801493622943607,-1.034565371706246e-09,0.0
678,40740.0,40740,24.80149362190804,24.80149362190804,73.57094385017973,0.0,24.80149362294258,-1.0345372494462052e-09,0.0
679,40800.0,40800,24.801493621907035,24.801493621907035,73.95206013550171,0.0,24.801493622941543,-1.0345089891552867e-09,0.0
680,40860.0,40860,24.801493621906026,24.801493621906026,74.33317642082366,0.0,24.801493622940505,-1.0344805909455697e-09,0.0
681,40920.0,40920,24.801493621905006,24.801493621905006,74.71429270614561,0.0,24.801493622939457,-1.0344520549288284e-09,0.0
682,40980.0,40980,24.801493621903987,24.801493621903987,75.09540899146755,0.0,24.80149362293841,-1.0344233812177387e-09,0.0
683,41040.0,41040,24.80149362190296,24.80149362190296,75.47652527678946,0.0,24.801493622937354,-1.0343945699252238e-09,0.0
684,41100.0,41100,24.80149362190193,24.80149362190193,75.85764156211135,0.0,24.801493622936295,-1.0343656211648473e-09,0.0
685,41160.0,41160,24.80149362190089,24.80149362190089,76.23875784743323,0.0,24.80149362293523,-1.0343365350507835e-09,0.0
686,41220.0,41220,24.801493621899848,24.801493621899848,76.6198741327551,0.0,24.801493622934156,-1.0343073116972796e-09,0.0
687,41280.0,41280,24.8014936218988,24.8014936218988,77.00099041807695,0.0,24.80149362293308,-1.0342779512192667e-09,0.0
688,41340.0,41340,24.80149362189775,24.80149362189775,77.38210670339879,0.0,24.801493622931996,-1.0342484537322575e-09,0.0
689,41400.0,41400,24.801493621896693,24.801493621896693,77.76322298872061,0.0,24.80149362293091,-1.0342188193521142e-09,0.0
690,41460.0,41460,24.801493621895627,24.801493621895627,78.14433927404241,0.0,24.801493622929815,-1.0341890481950477e-09,0.0
691,41520.0,41520,24.80149362189456,24.80149362189456,78.52545555936419,0.0,24.80149362292872,-1.0341591403783751e-09,0.0
692,41580.0,41580,24.801493621893485,24.801493621893485,78.90657184468597,0.0,24.801493622927612,-1.0341290960188895e-09,0.0
693,41640.0,41640,24.80149362189241,24.80149362189241,79.28768813000772,0.0,24.801493622926504,-1.034098915234708e-09,0.0
694,41700.0,41700,24.80149362189132,24.80149362189132,79.66880441532945,0.0,24.801493622925392,-1.0340685981439036e-09,0.0
695,41760.0,41760,24.801493621890234,24.801493621890234,80.04992070065116,0.0,24.801493622924273,-1.0340381448652194e-09,0.0
696,41820.0,41820,24.80149362188914,24.80149362188914,80.43103698597285,0.0,24.801493622923147,-1.0340075555177613e-09,0.0
697,41880.0,41880,24.80149362188804,24.80149362188804,80.81215327129453,0.0,24.801493622922013,-1.033976830221625e-09,0.0
698,41940.0,41940,24.801493628235892,-275.19850637176415,81.1932695566162,300.0,1.09766827022062e-09,-275.1985063728618,0.0
699,42000.0,42000,24.80149362823591,-275.1985063717641,76.60662778375205,300.0,1.0976694860169895e-09,-275.19850637286174,0.0
700,42060.0,42060,24.801493628235935,-275.19850637176404,72.01998601088786,300.0,1.097670661425343e-09,-275.19850637286174,0.0
701,42120.0,42120,24.80149362823595,-275.19850637176404,67.43334423802371,300.0,1.0976717964399488e-09,-275.1985063728617,0.0
702,42180.0,42180,24.80149362823597,-275.19850637176404,62.846702465159545,300.0,1.0976728910547397e-09,-275.1985063728617,0.0
703,42240.0,42240,24.801493627005797,-575.1985063729943,58.2600606922954,600.0,1.998966245819722e-09,-575.1985063749933,0.0
704,42300.0,42300,24.8014936270059,-575.1985063729941,48.673418919409556,600.0,1.998974271262579e-09,-575.198506374993,0.0
705,42360.0,42360,24.801493627005968,-575.1985063729941,39.08677714652372,600.0,1.9989801401700144e-09,-575.198506374993,0.0
706,42420.0,42420,24.80149362700601,-575.198506372994,29.500135373637892,600.0,1.998983853136236e-09,-575.1985063749929,0.0
707,42480.0,42480,24.80149362700602,-575.198506372994,19.913493600752062,600.0,1.9989854105431627e-09,-575.1985063749929,0.0
708,42540.0,42540,24.801493628317644,-380.19850637168236,10.32685182786623,405.0,1.0396993535321247e-09,-380.198506372722,0.0
709,42600.0,42600,24.801493628236013,-275.198506371764,3.9902100550035073,300.0,1.0976769347267822e-09,-275.19850637286163,0.0
710,42660.0,42660,24.80149362823601,-275.198506371764,-0.5964317178606516,300.0,1.0976770570835372e-09,-275.19850637286163,0.0
711,42720.0,42720,24.801493628236,-275.198506371764,-5.183073490724811,300.0,1.0976771389580617e-09,-275.1985063728617,0.0
712,42780.0,42780,24.801493627239047,-10.198506372761095,-9.769715263588973,35.00000000000014,1.3043893197798867e-08,-10.19850638580499,0.0
713,42840.0,42840,24.80149362188032,24.80149362188032,-9.939690369818614,0.0,24.801493622914073,-1.0337588738243909e-09,0.0
714,42900.0,42900,24.801493621880407,24.801493621880407,-9.558574084497064,0.0,24.80149362291417,-1.0337611371864432e-09,0.0
715,42960.0,42960,24.80149362188049,24.80149362188049,-9.17745779917551,0.0,24.801493622914254,-1.0337632558702297e-09,0.0
716,43020.0,43020,24.80149362188057,24.80149362188057,-8.796341513853958,0.0,24.801493622914336,-1.0337652298668031e-09,0.0
717,43080.0,43080,24.801493621880645,24.801493621880645,-8.415225228532405,0.0,24.801493622914414,-1.033767059167231e-09,0.0
718,43140.0,43140,24.801493621880716,24.801493621880716,-8.03410894321085,0.0,24.801493622914485,-1.0337687437635992e-09,0.0
719,43200.0,43200,24.80149362188078,24.80149362188078,-7.6529926578892935,0.0,24.801493622914553,-1.0337702836478914e-09,0.0
720,43260.0,43260,24.80149362188084,24.80149362188084,-7.2718763725677364,0.0,24.801493622914613,-1.0337716788132556e-09,0.0
721,43320.0,43320,24.801493621880894,24.801493621880894,-6.890760087246178,0.0,24.80149362291467,-1.0337729292532615e-09,0.0
722,43380.0,43380,24.801493621880947,24.801493621880947,-6.509643801924619,0.0,24.80149362291472,-1.033774034962017e-09,0.0
723,43440.0,43440,24.80149362188099,24.80149362188099,-6.128527516603058,0.0,24.801493622914766,-1.0337749959345611e-09,0.0
724,43500.0,43500,24.801493621881033,24.801493621881033,-5.747411231281498,0.0,24.801493622914805,-1.0337758121654237e-09,0.0
725,43560.0,43560,24.801493621881065,24.801493621881065,-5.366294945959936,0.0,24.80149362291484,-1.0337764836507932e-09,0.0
726,43620.0,43620,24.801493621881093,24.801493621881093,-4.985178660638374,0.0,24.801493622914872,-1.03377701038728e-09,0.0
727,43680.0,43680,24.801493621881118,24.801493621881118,-4.604062375316811,0.0,24.801493622914897,-1.033777392371785e-09,0.0
728,43740.0,43740,24.80149362188114,24.80149362188114,-4.222946089995249,0.0,24.80149362291492,-1.0337776296018061e-09,0.0
729,43800.0,43800,24.801493621881153,24.801493621881153,-3.841829804673686,0.0,24.801493622914933,-1.033777722075394e-09,0.0
730,43860.0,43860,24.801493621881164,24.801493621881164,-3.4607135193521232,0.0,24.80149362291494,-1.0337776697913845e-09,0.0
731,43920.0,43920,24.801493621881168,24.801493621881168,-3.0795972340305595,0.0,24.801493622914947,-1.0337774727489776e-09,0.0
732,43980.0,43980,24.801493621881168,24.801493621881168,-2.6984809487089962,0.0,24.801493622914947,-1.0337771309482025e-09,0.0
733,44040.0,44040,24.80149362188116,24.80149362188116,-2.3173646633874325,0.0,24.801493622914936,-1.0337766443891608e-09,0.0
734,44100.0,44100,24.801493621881153,24.801493621881153,-1.9362483780658692,0.0,24.80149362291493,-1.033776013073322e-09,0.0
735,44160.0,44160,24.80149362188114,24.80149362188114,-1.555132092744306,0.0,24.80149362291491,-1.0337752370018357e-09,0.0
736,44220.0,44220,24.801493621881114,24.801493621881114,-1.1740158074227434,0.0,24.80149362291489,-1.0337743161771892e-09,0.0
737,44280.0,44280,24.80149362188109,24.80149362188109,-0.7928995221011806,0.0,24.80149362291486,-1.0337732506019578e-09,0.0
738,44340.0,44340,24.80149362188106,24.80149362188106,-0.4117832367796183,0.0,24.801493622914833,-1.033772040279473e-09,0.0
739,44400.0,44400,24.801493621881026,24.801493621881026,-0.030666951458056594,0.0,24.801493622914794,-1.0337706852133715e-09,0.0
740,44460.0,44460,24.801493621880983,24.801493621880983,0.35044933386350463,0.0,24.801493622914755,-1.0337691854085712e-09,0.0
741,44520.0,44520,24.801493621880937,24.801493621880937,0.7315656191850652,0.0,24.801493622914702,-1.03376754086996e-09,0.0
742,44580.0,44580,24.801493621880887,24.801493621880887,1.1126819045066254,0.0,24.801493622914652,-1.0337657516030077e-09,0.0
743,44640.0,44640,24.80149362188083,24.80149362188083,1.4937981898281845,0.0,24.801493622914595,-1.033763817613898e-09,0.0
744,44700.0,44700,24.80149362188077,24.80149362188077,1.8749144751497426,0.0,24.80149362291453,-1.0337617389094972e-09,0.0
745,44760.0,44760,24.801493621880706,24.801493621880706,2.2560307604712997,0.0,24.801493622914464,-1.0337595154969922e-09,0.0
746,44820.0,44820,24.801493621880635,24.801493621880635,2.637147045792856,0.0,24.80149362291439,-1.0337571473844573e-09,0.0
747,44880.0,44880,24.801493621880557,24.801493621880557,3.018263331114411,0.0,24.80149362291431,-1.033754634580403e-09,0.0
748,44940.0,44940,24.801493621880475,24.801493621880475,3.399379616435965,0.0,24.801493622914226,-1.0337519770936168e-09,0.0
749,45000.0,45000,24.801493621880386,24.801493621880386,3.7804959017575177,0.0,24.801493622914137,-1.0337491749339186e-09,0.0
750,45060.0,45060,24.801493621880297,24.801493621880297,4.161612187079069,0.0,24.801493622914045,-1.0337462281115647e-09,0.0
751,45120.0,45120,24.8014936218802,24.8014936218802,4.542728472400619,0.0,24.801493622913945,-1.033743136636972e-09,0.0
752,45180.0,45180,24.8014936218801,24.8014936218801,4.9238447577221685,0.0,24.80149362291384,-1.0337399005220988e-09,0.0
753,45240.0,45240,24.80149362187999,24.80149362187999,5.304961043043716,0.0,24.801493622913732,-1.0337365197782637e-09,0.0
754,45300.0,45300,24.801493621879885,24.801493621879885,5.686077328365262,0.0,24.801493622913615,-1.0337329944182837e-09,0.0
755,45360.0,45360,24.801493621879768,24.801493621879768,6.067193613686805,0.0,24.801493622913497,-1.0337293244552086e-09,0.0
756,45420.0,45420,24.801493621879647,24.801493621879647,6.448309899008347,0.0,24.801493622913366,-1.0337255099027574e-09,0.0
757,45480.0,45480,24.801493621879516,24.801493621879516,6.829426184329887,0.0,24.801493622913238,-1.0337215507748382e-09,0.0
758,45540.0,45540,24.801493621879384,24.801493621879384,7.210542469651424,0.0,24.801493622913103,-1.0337174470865229e-09,0.0
759,45600.0,45600,24.801493621879246,24.801493621879246,7.59165875497296,0.0,24.80149362291296,-1.03371319885316e-09,0.0
760,45660.0,45660,24.801493621879107,24.801493621879107,7.972775040294494,0.0,24.801493622912815,-1.0337088060905048e-09,0.0
761,45720.0,45720,24.801493621878958,24.801493621878958,8.353891325616027,0.0,24.801493622912666,-1.033704268815259e-09,0.0
762,45780.0,45780,24.801493621878805,24.801493621878805,8.735007610937556,0.0,24.80149362291251,-1.0336995870442842e-09,0.0
763,45840.0,45840,24.80149362187865,24.80149362187865,9.116123896259083,0.0,24.801493622912343,-1.0336947607955615e-09,0.0
764,45900.0,45900,24.80149362187849,24.80149362187849,9.497240181580608,0.0,24.801493622912176,-1.0336897900870294e-09,0.0
765,45960.0,45960,24.801493621878322,24.801493621878322,9.87835646690213,0.0,24.801493622912005,-1.0336846749375565e-09,0.0
766,46020.0,46020,24.80149362187815,24.80149362187815,10.25947275222365,0.0,24.801493622911828,-1.0336794153664338e-09,0.0
767,46080.0,46080,24.80149362187797,24.80149362187797,10.640589037545167,0.0,24.801493622911646,-1.0336740113939853e-09,0.0
768,46140.0,46140,24.80149362187779,24.80149362187779,11.02170532286668,0.0,24.801493622911458,-1.0336684630403313e-09,0.0
769,46200.0,46200,24.801493621877604,24.801493621877604,11.402821608188193,0.0,24.801493622911263,-1.0336627703265664e-09,0.0
770,46260.0,46260,24.80149362187741,24.80149362187741,11.783937893509702,0.0,24.801493622911067,-1.0336569332746005e-09,0.0
771,46320.0,46320,24.801493621877214,24.801493621877214,12.165054178831205,0.0,24.80149362291086,-1.0336509519064304e-09,0.0
772,46380.0,46380,24.80149362187701,24.80149362187701,12.54617046415271,0.0,24.801493622910655,-1.0336448262448967e-09,0.0
773,46440.0,46440,24.801493621876798,24.801493621876798,12.927286749474208,0.0,24.80149362291044,-1.033638556313495e-09,0.0
774,46500.0,46500,24.80149362187659,24.80149362187659,13.308403034795706,0.0,24.80149362291022,-1.0336321421361717e-09,0.0
775,46560.0,46560,24.801493621876368,24.801493621876368,13.689519320117197,0.0,24.801493622909994,-1.0336255837371638e-09,0.0
776,46620.0,46620,24.801493621876148,24.801493621876148,14.070635605438689,0.0,24.801493622909767,-1.0336188811418728e-09,0.0
777,46680.0,46680,24.801493621875917,24.801493621875917,14.451751890760175,0.0,24.80149362290953,-1.033612034375656e-09,0.0
778,46740.0,46740,24.801493621875686,24.801493621875686,14.832868176081657,0.0,24.80149362290929,-1.033605043465166e-09,0.0
779,46800.0,46800,24.801493621875448,24.801493621875448,15.213984461403136,0.0,24.801493622909046,-1.0335979084364876e-09,0.0
780,46860.0,46860,24.801493621875203,24.801493621875203,15.595100746724613,0.0,24.801493622908794,-1.033590629317699e-09,0.0
781,46920.0,46920,24.801493621874954,24.801493621874954,15.976217032046087,0.0,24.801493622908538,-1.0335832061362088e-09,0.0
782,46980.0,46980,24.8014936218747,24.8014936218747,16.357333317367555,0.0,24.801493622908275,-1.0335756389206628e-09,0.0
783,47040.0,47040,24.80149362187444,24.80149362187444,16.73844960268902,0.0,24.80149362290801,-1.0335679277003755e-09,0.0
784,47100.0,47100,24.80149362187418,24.80149362187418,17.11956588801048,0.0,24.801493622907735,-1.0335600725046613e-09,0.0
785,47160.0,47160,24.80149362187391,24.80149362187391,17.500682173331935,0.0,24.801493622907458,-1.0335520733638682e-09,0.0
786,47220.0,47220,24.801493621873636,24.801493621873636,17.88179845865339,0.0,24.801493622907177,-1.0335439303087365e-09,0.0
787,47280.0,47280,24.801493621873355,24.801493621873355,18.26291474397484,0.0,24.801493622906893,-1.0335356433703556e-09,0.0
788,47340.0,47340,24.80149362187307,24.80149362187307,18.64403102929628,0.0,24.801493622906598,-1.03352721258095e-09,0.0
789,47400.0,47400,24.80149362187278,24.80149362187278,19.025147314617723,0.0,24.8014936229063,-1.0335186379730056e-09,0.0
790,47460.0,47460,24.80149362187249,24.80149362187249,19.406263599939155,0.0,24.801493622905998,-1.0335099195790233e-09,0.0
791,47520.0,47520,24.801493621872186,24.801493621872186,19.787379885260584,0.0,24.80149362290569,-1.0335010574332935e-09,0.0
792,47580.0,47580,24.80149362187188,24.80149362187188,20.16849617058201,0.0,24.801493622905372,-1.0334920515693347e-09,0.0
793,47640.0,47640,24.801493621871575,24.801493621871575,20.549612455903432,0.0,24.801493622905056,-1.0334829020223978e-09,0.0
794,47700.0,47700,24.801493621871256,24.801493621871256,20.930728741224847,0.0,24.801493622904733,-1.0334736088275293e-09,0.0
795,47760.0,47760,24.801493621870936,24.801493621870936,21.311845026546262,0.0,24.801493622904403,-1.0334641720204305e-09,0.0
796,47820.0,47820,24.801493621870613,24.801493621870613,21.692961311867666,0.0,24.80149362290407,-1.033454591637879e-09,0.0
797,47880.0,47880,24.801493621870282,24.801493621870282,22.074077597189067,0.0,24.801493622903724,-1.0334448677163333e-09,0.0
798,47940.0,47940,24.801493621869948,24.801493621869948,22.455193882510464,0.0,24.801493622903383,-1.033435000293851e-09,0.0
799,48000.0,48000,24.801493621869604,24.801493621869604,22.836310167831858,0.0,24.80149362290303,-1.0334249894083887e-09,0.0
800,48060.0,48060,24.801493621869263,24.801493621869263,23.217426453153248,0.0,24.801493622902676,-1.0334148350984117e-09,0.0
801,48120.0,48120,24.80149362186891,24.80149362186891,23.59854273847463,0.0,24.801493622902317,-1.0334045374031712e-09,0.0
802,48180.0,48180,24.801493621868556,24.801493621868556,23.979659023796,0.0,24.801493622901948,-1.0333940963626604e-09,0.0
803,48240.0,48240,24.801493621868193,24.801493621868193,24.360775309117372,0.0,24.801493622901578,-1.0333835120169884e-09,0.0
804,48300.0,48300,24.801493621867827,24.801493621867827,24.741891594438734,0.0,24.801493622901198,-1.0333727844073853e-09,0.0
805,48360.0,48360,24.801493621867458,24.801493621867458,25.123007879760095,0.0,24.801493622900818,-1.0333619135748623e-09,0.0
806,48420.0,48420,24.801493621867078,24.801493621867078,25.50412416508145,0.0,24.80149362290043,-1.0333508995617546e-09,0.0
807,48480.0,48480,24.801493621866697,24.801493621866697,25.885240450402794,0.0,24.80149362290004,-1.033339742410645e-09,0.0
808,48540.0,48540,24.80149362186631,24.80149362186631,26.266356735724138,0.0,24.801493622899642,-1.033328442164407e-09,0.0
809,48600.0,48600,24.80149362186592,24.80149362186592,26.64747302104547,0.0,24.801493622899233,-1.0333169988672237e-09,0.0
810,48660.0,48660,24.80149362186552,24.80149362186552,27.0285893063668,0.0,24.80149362289883,-1.033305412562798e-09,0.0
811,48720.0,48720,24.801493621865117,24.801493621865117,27.409705591688123,0.0,24.801493622898416,-1.0332936832963601e-09,0.0
812,48780.0,48780,24.80149362186471,24.80149362186471,27.790821877009442,0.0,24.801493622897997,-1.033281811112937e-09,0.0
813,48840.0,48840,24.801493621864303,24.801493621864303,28.17193816233075,0.0,24.80149362289757,-1.033269796058617e-09,0.0
814,48900.0,48900,24.801493621863884,24.801493621863884,28.553054447652055,0.0,24.80149362289714,-1.0332576381801878e-09,0.0
815,48960.0,48960,24.801493621863457,24.801493621863457,28.934170732973357,0.0,24.801493622896704,-1.0332453375243343e-09,0.0
816,49020.0,49020,24.80149362186303,24.80149362186303,29.315287018294647,0.0,24.801493622896267,-1.033232894138571e-09,0.0
817,49080.0,49080,24.801493621862598,24.801493621862598,29.69640330361593,0.0,24.801493622895823,-1.0332203080712415e-09,0.0
818,49140.0,49140,24.80149362186216,24.80149362186216,30.077519588937207,0.0,24.801493622895368,-1.033207579370879e-09,0.0
819,49200.0,49200,24.801493621861717,24.801493621861717,30.458635874258484,0.0,24.80149362289491,-1.03319470808702e-09,0.0
820,49260.0,49260,24.801493621861272,24.801493621861272,30.83975215957975,0.0,24.80149362289445,-1.0331816942690122e-09,0.0
821,49320.0,49320,24.801493621860814,24.801493621860814,31.220868444901004,0.0,24.801493622893986,-1.0331685379677597e-09,0.0
822,49380.0,49380,24.80149362186036,24.80149362186036,31.60198473022226,0.0,24.801493622893513,-1.033155239233803e-09,0.0
823,49440.0,49440,24.801493621859894,24.801493621859894,31.983101015543507,0.0,24.801493622893037,-1.0331417981187156e-09,0.0
824,49500.0,49500,24.801493621859425,24.801493621859425,32.364217300864745,0.0,24.801493622892554,-1.0331282146743619e-09,0.0
825,49560.0,49560,24.801493621858953,24.801493621858953,32.74533358618598,0.0,24.801493622892064,-1.0331144889535955e-09,0.0
826,49620.0,49620,24.801493621858473,24.801493621858473,33.1264498715072,0.0,24.801493622891574,-1.0331006210094304e-09,0.0
827,49680.0,49680,24.801493621857986,24.801493621857986,33.50756615682841,0.0,24.801493622891073,-1.0330866108952e-09,0.0
828,49740.0,49740,24.801493621857496,24.801493621857496,33.88868244214962,0.0,24.80149362289057,-1.033072458665446e-09,0.0
829,49800.0,49800,24.801493621857002,24.801493621857002,34.26979872747082,0.0,24.80149362289006,-1.0330581643748694e-09,0.0
830,49860.0,49860,24.801493621856505,24.801493621856505,34.65091501279201,0.0,24.801493622889545,-1.0330437280787972e-09,0.0
831,49920.0,49920,24.801493621855997,24.801493621855997,35.032031298113196,0.0,24.801493622889026,-1.0330291498327743e-09,0.0
832,49980.0,49980,24.80149362185549,24.80149362185549,35.41314758343438,0.0,24.801493622888504,-1.033014429693641e-09,0.0
833,50040.0,50040,24.801493621854974,24.801493621854974,35.79426386875555,0.0,24.80149362288797,-1.0329995677180916e-09,0.0
834,50100.0,50100,24.801493621854448,24.801493621854448,36.175380154076706,0.0,24.80149362288744,-1.0329845639635475e-09,0.0
835,50160.0,50160,24.801493621853925,24.801493621853925,36.556496439397854,0.0,24.801493622886895,-1.0329694184880858e-09,0.0
836,50220.0,50220,24.801493621853396,24.801493621853396,36.93761272471901,0.0,24.801493622886348,-1.0329541313505246e-09,0.0
837,50280.0,50280,24.801493621852856,24.801493621852856,37.318729010040144,0.0,24.801493622885797,-1.0329387026094642e-09,0.0
838,50340.0,50340,24.801493621852316,24.801493621852316,37.69984529536128,0.0,24.80149362288524,-1.032923132325018e-09,0.0
839,50400.0,50400,24.80149362185177,24.80149362185177,38.0809615806824,0.0,24.801493622884674,-1.0329074205573427e-09,0.0
840,50460.0,50460,24.80149362185122,24.80149362185122,38.46207786600351,0.0,24.80149362288411,-1.0328915673667699e-09,0.0
841,50520.0,50520,24.80149362185066,24.80149362185066,38.84319415132462,0.0,24.801493622883534,-1.032875572815144e-09,0.0
842,50580.0,50580,24.8014936218501,24.8014936218501,39.224310436645716,0.0,24.80149362288296,-1.0328594369637712e-09,0.0
843,50640.0,50640,24.80149362184953,24.80149362184953,39.6054267219668,0.0,24.801493622882376,-1.0328431598752381e-09,0.0
844,50700.0,50700,24.80149362184896,24.80149362184896,39.98654300728788,0.0,24.801493622881786,-1.0328267416125383e-09,0.0
845,50760.0,50760,24.80149362184838,24.80149362184838,40.36765929260895,0.0,24.801493622881193,-1.032810182239175e-09,0.0
846,50820.0,50820,24.801493621847797,24.801493621847797,40.74877557793001,0.0,24.801493622880592,-1.032793481818462e-09,0.0
847,50880.0,50880,24.801493621847207,24.801493621847207,41.12989186325106,0.0,24.801493622879985,-1.0327766404156042e-09,0.0
848,50940.0,50940,24.801493621846614,24.801493621846614,41.5110081485721,0.0,24.801493622879377,-1.0327596580954578e-09,0.0
849,51000.0,51000,24.801493621846017,24.801493621846017,41.89212443389314,0.0,24.80149362287876,-1.0327425349234607e-09,0.0
850,51060.0,51060,24.801493621845417,24.801493621845417,42.273240719214165,0.0,24.801493622878137,-1.0327252709658653e-09,0.0
851,51120.0,51120,24.801493621844806,24.801493621844806,42.654357004535186,0.0,24.801493622877512,-1.0327078662891283e-09,0.0
852,51180.0,51180,24.80149362184419,24.80149362184419,43.035473289856185,0.0,24.80149362287688,-1.0326903209605493e-09,0.0
853,51240.0,51240,24.801493621843573,24.801493621843573,43.41658957517718,0.0,24.801493622876244,-1.0326726350479378e-09,0.0
854,51300.0,51300,24.801493621842948,24.801493621842948,43.79770586049817,0.0,24.801493622875604,-1.032654808619321e-09,0.0
855,51360.0,51360,24.80149362184232,24.80149362184232,44.17882214581915,0.0,24.801493622874954,-1.0326368417436143e-09,0.0
856,51420.0,51420,24.801493621841683,24.801493621841683,44.55993843114012,0.0,24.801493622874304,-1.0326187344900235e-09,0.0
857,51480.0,51480,24.801493621841043,24.801493621841043,44.94105471646107,0.0,24.801493622873643,-1.032600486928496e-09,0.0
858,51540.0,51540,24.801493621840397,24.801493621840397,45.32217100178202,0.0,24.80149362287298,-1.0325820991291257e-09,0.0
859,51600.0,51600,24.801493621839747,24.801493621839747,45.70328728710295,0.0,24.80149362287231,-1.032563571163082e-09,0.0
860,51660.0,51660,24.801493621839093,24.801493621839093,46.08440357242388,0.0,24.801493622871636,-1.0325449031016516e-09,0.0
861,51720.0,51720,24.80149362183843,24.80149362183843,46.4655198577448,0.0,24.801493622870957,-1.0325260950167314e-09,0.0
862,51780.0,51780,24.801493621837764,24.801493621837764,46.846636143065716,0.0,24.80149362287027,-1.0325071469808302e-09,0.0
863,51840.0,51840,24.801493621837093,24.801493621837093,47.227752428386616,0.0,24.801493622869582,-1.0324880590669215e-09,0.0
864,51900.0,51900,24.801493621836418,24.801493621836418,47.60886871370751,0.0,24.801493622868886,-1.0324688313485176e-09,0.0
865,51960.0,51960,24.801493621835736,24.801493621835736,47.989984999028394,0.0,24.801493622868183,-1.0324494638996691e-09,0.0
866,52020.0,52020,24.801493621835046,24.801493621835046,48.37110128434925,0.0,24.801493622867476,-1.0324299567948773e-09,0.0
867,52080.0,52080,24.801493621834357,24.801493621834357,48.75221756967011,0.0,24.801493622866765,-1.032410310109138e-09,0.0
868,52140.0,52140,24.801493621833657,24.801493621833657,49.13333385499095,0.0,24.801493622866047,-1.0323905239181608e-09,0.0
869,52200.0,52200,24.801493621832954,24.801493621832954,49.51445014031179,0.0,24.801493622865326,-1.0323705982981195e-09,0.0
870,52260.0,52260,24.801493621832247,24.801493621832247,49.895566425632616,0.0,24.801493622864598,-1.0323505333255092e-09,0.0
871,52320.0,52320,24.801493621831533,24.801493621831533,50.27668271095343,0.0,24.801493622863866,-1.0323303290775515e-09,0.0
872,52380.0,52380,24.801493621830815,24.801493621830815,50.65779899627423,0.0,24.801493622863127,-1.0323099856319486e-09,0.0
873,52440.0,52440,24.80149362183009,24.80149362183009,51.038915281595024,0.0,24.80149362286238,-1.0322895030665771e-09,0.0
874,52500.0,52500,24.801493621829362,24.801493621829362,51.42003156691581,0.0,24.80149362286163,-1.0322688814607104e-09,0.0
875,52560.0,52560,24.801493621828627,24.801493621828627,51.801147852236575,0.0,24.801493622860878,-1.0322481208930686e-09,0.0
876,52620.0,52620,24.801493621827888,24.801493621827888,52.18226413755733,0.0,24.801493622860114,-1.0322272214435945e-09,0.0
877,52680.0,52680,24.801493621827145,24.801493621827145,52.56338042287808,0.0,24.80149362285935,-1.0322061831922739e-09,0.0
878,52740.0,52740,24.801493621826392,24.801493621826392,52.94449670819882,0.0,24.80149362285858,-1.0321850062203297e-09,0.0
879,52800.0,52800,24.80149362182564,24.80149362182564,53.32561299351954,0.0,24.801493622857805,-1.0321636906086355e-09,0.0
880,52860.0,52860,24.80149362182488,24.80149362182488,53.70672927884026,0.0,24.801493622857024,-1.032142236439127e-09,0.0
881,52920.0,52920,24.801493621824115,24.801493621824115,54.08784556416095,0.0,24.801493622856235,-1.0321206437937978e-09,0.0
882,52980.0,52980,24.801493621823344,24.801493621823344,54.468961849481644,0.0,24.801493622855443,-1.0320989127559947e-09,0.0
883,53040.0,53040,24.801493621822566,24.801493621822566,54.850078134802324,0.0,24.801493622854643,-1.0320770434085407e-09,0.0
884,53100.0,53100,24.801493621821784,24.801493621821784,55.23119442012299,0.0,24.80149362285384,-1.0320550358353643e-09,0.0
885,53160.0,53160,24.801493621820995,24.801493621820995,55.61231070544365,0.0,24.80149362285303,-1.032032890120802e-09,0.0
886,53220.0,53220,24.801493621820203,24.801493621820203,55.99342699076428,0.0,24.801493622852217,-1.0320106063497713e-09,0.0
887,53280.0,53280,24.801493621819407,24.801493621819407,56.374543276084914,0.0,24.801493622851396,-1.0319881846073216e-09,0.0
888,53340.0,53340,24.801493621818608,24.801493621818608,56.75565956140553,0.0,24.801493622850572,-1.0319656249796215e-09,0.0
889,53400.0,53400,24.801493621817798,24.801493621817798,57.13677584672613,0.0,24.80149362284974,-1.031942927552724e-09,0.0
890,53460.0,53460,24.801493621816984,24.801493621816984,57.517892132046725,0.0,24.801493622848902,-1.031920092413613e-09,0.0
891,53520.0,53520,24.801493621816167,24.801493621816167,57.899008417367305,0.0,24.801493622848064,-1.031897119649563e-09,0.0
892,53580.0,53580,24.801493621815343,24.801493621815343,58.280124702687864,0.0,24.801493622847218,-1.0318740093482565e-09,0.0
893,53640.0,53640,24.801493621814515,24.801493621814515,58.66124098800842,0.0,24.801493622846365,-1.0318507615982771e-09,0.0
894,53700.0,53700,24.801493621813677,24.801493621813677,59.04235727332896,0.0,24.801493622845506,-1.0318273764881078e-09,0.0
895,53760.0,53760,24.80149362181284,24.80149362181284,59.42347355864948,0.0,24.801493622844642,-1.0318038541075104e-09,0.0
896,53820.0,53820,24.801493621811996,24.801493621811996,59.80458984397,0.0,24.801493622843775,-1.0317801945460442e-09,0.0
897,53880.0,53880,24.801493621811144,24.801493621811144,60.1857061292905,0.0,24.8014936228429,-1.0317563978939225e-09,0.0
898,53940.0,53940,24.801493621810287,24.801493621810287,60.566822414610996,0.0,24.801493622842024,-1.0317324642419992e-09,0.0
899,54000.0,54000,24.801493621809428,24.801493621809428,60.94793869993147,0.0,24.80149362284114,-1.0317083936817968e-09,0.0
900,54060.0,54060,24.80149362180856,24.80149362180856,61.32905498525193,0.0,24.80149362284025,-1.0316841863046932e-09,0.0
901,54120.0,54120,24.80149362180769,24.80149362180769,61.71017127057239,0.0,24.801493622839352,-1.0316598422034618e-09,0.0
902,54180.0,54180,24.801493621806816,24.801493621806816,62.09128755589282,0.0,24.801493622838453,-1.031635361470324e-09,0.0
903,54240.0,54240,24.801493621805935,24.801493621805935,62.47240384121324,0.0,24.801493622837544,-1.0316107441989124e-09,0.0
904,54300.0,54300,24.801493621805047,24.801493621805047,62.85352012653366,0.0,24.801493622836635,-1.0315859904829755e-09,0.0
905,54360.0,54360,24.801493621804152,24.801493621804152,63.23463641185405,0.0,24.801493622835714,-1.0315611004165386e-09,0.0
906,54420.0,54420,24.80149362180326,24.80149362180326,63.615752697174436,0.0,24.801493622834794,-1.0315360740944996e-09,0.0
907,54480.0,54480,24.801493621802354,24.801493621802354,63.9968689824948,0.0,24.801493622833863,-1.0315109116119895e-09,0.0
908,54540.0,54540,24.80149362180145,24.80149362180145,64.37798526781516,0.0,24.801493622832933,-1.0314856130646626e-09,0.0
909,54600.0,54600,24.80149362180053,24.80149362180053,64.75910155313551,0.0,24.801493622831995,-1.0314601785486827e-09,0.0
910,54660.0,54660,24.801493621799615,24.801493621799615,65.14021783845583,0.0,24.80149362283105,-1.0314346081607375e-09,0.0
911,54720.0,54720,24.80149362179869,24.80149362179869,65.52133412377614,0.0,24.8014936228301,-1.0314089019978636e-09,0.0
912,54780.0,54780,24.80149362179776,24.80149362179776,65.90245040909645,0.0,24.801493622829142,-1.03138306015765e-09,0.0
913,54840.0,54840,24.801493621796823,24.801493621796823,66.28356669441672,0.0,24.801493622828183,-1.031357082738458e-09,0.0
914,54900.0,54900,24.801493621795885,24.801493621795885,66.664682979737,0.0,24.801493622827216,-1.0313309698385602e-09,0.0
915,54960.0,54960,24.80149362179494,24.80149362179494,67.04579926505725,0.0,24.801493622826246,-1.0313047215570886e-09,0.0
916,55020.0,55020,24.801493621793988,24.801493621793988,67.42691555037749,0.0,24.801493622825266,-1.0312783379936691e-09,0.0
917,55080.0,55080,24.801493621793032,24.801493621793032,67.80803183569772,0.0,24.801493622824285,-1.0312518192481461e-09,0.0
918,55140.0,55140,24.80149362179207,24.80149362179207,68.18914812101794,0.0,24.801493622823298,-1.031225165420772e-09,0.0
919,55200.0,55200,24.801493621791106,24.801493621791106,68.57026440633813,0.0,24.8014936228223,-1.0311983766130053e-09,0.0
920,55260.0,55260,24.801493621790133,24.801493621790133,68.95138069165831,0.0,24.801493622821305,-1.031171452926044e-09,0.0
921,55320.0,55320,24.801493621789152,24.801493621789152,69.33249697697848,0.0,24.8014936228203,-1.0311443944613907e-09,0.0
922,55380.0,55380,24.801493621788172,24.801493621788172,69.71361326229864,0.0,24.80149362281929,-1.0311172013221053e-09,0.0
923,55440.0,55440,24.801493621787184,24.801493621787184,70.09472954761877,0.0,24.801493622818274,-1.0310898736101124e-09,0.0
924,55500.0,55500,24.80149362178619,24.80149362178619,70.4758458329389,0.0,24.80149362281725,-1.0310624114294464e-09,0.0
925,55560.0,55560,24.801493621785195,24.801493621785195,70.856962118259,0.0,24.801493622816228,-1.0310348148835743e-09,0.0
926,55620.0,55620,24.801493628237473,-275.1985063717625,71.23807840357911,300.0,1.0977553273519608e-09,-275.19850637286027,0.0
927,55680.0,55680,24.80149362823749,-275.1985063717625,66.65143663071498,300.0,1.0977559415982257e-09,-275.19850637286027,0.0
928,55740.0,55740,24.80149362823751,-275.1985063717625,62.06479485785084,300.0,1.0977565148251107e-09,-275.19850637286027,0.0
929,55800.0,55800,24.801493628237523,-275.1985063717625,57.4781530849867,300.0,1.0977570470254294e-09,-275.1985063728602,0.0
930,55860.0,55860,24.80149362823754,-275.1985063717625,52.89151131212256,300.0,1.0977575381920236e-09,-275.19850637286027,0.0
931,55920.0,55920,24.80149362823755,-275.19850637176245,48.304869539258426,300.0,1.0977579883174887e-09,-275.1985063728602,0.0
932,55980.0,55980,24.801493628237562,-275.19850637176245,43.7182277663943,300.0,1.0977583973943027e-09,-275.1985063728602,0.0
933,56040.0,56040,24.801493628237573,-275.19850637176245,39.13158599353016,300.0,1.0977587654151484e-09,-275.1985063728602,0.0
934,56100.0,56100,24.801493628237584,-275.1985063717624,34.544944220666025,300.0,1.0977590923722421e-09,-275.19850637286015,0.0
935,56160.0,56160,24.801493620730234,19.801493620730092,29.95830244780189,5.000000000000142,19.801493621776142,-1.0460507722829116e-09,0.0
936,56220.0,56220,24.80149362177747,24.80149362177747,30.262585399772416,0.0,24.801493622808295,-1.0308207124962742e-09,0.0
937,56280.0,56280,24.801493621777016,24.801493621777016,30.64370168509239,0.0,24.801493622807826,-1.0308079084550806e-09,0.0
938,56340.0,56340,24.801493621776554,24.801493621776554,31.02481797041236,0.0,24.80149362280735,-1.0307949648395884e-09,0.0
939,56400.0,56400,24.801493621776086,24.801493621776086,31.405934255732316,0.0,24.801493622806866,-1.0307818816987812e-09,0.0
940,56460.0,56460,24.801493621775613,24.801493621775613,31.78705054105227,0.0,24.80149362280638,-1.030768659082487e-09,0.0
941,56520.0,56520,24.801493621775133,24.801493621775133,32.16816682637222,0.0,24.801493622805886,-1.030755297040897e-09,0.0
942,56580.0,56580,24.80149362177465,24.80149362177465,32.549283111692155,0.0,24.801493622805392,-1.0307417956248135e-09,0.0
943,56640.0,56640,24.80149362177416,24.80149362177416,32.93039939701209,0.0,24.801493622804887,-1.0307281548856065e-09,0.0
944,56700.0,56700,24.801493621773666,24.801493621773666,33.31151568233201,0.0,24.80149362280438,-1.0307143748750819e-09,0.0
945,56760.0,56760,24.80149362177317,24.80149362177317,33.69263196765193,0.0,24.801493622803868,-1.0307004556453227e-09,0.0
946,56820.0,56820,24.80149362177266,24.80149362177266,34.07374825297183,0.0,24.80149362280335,-1.0306863972494586e-09,0.0
947,56880.0,56880,24.801493621772153,24.801493621772153,34.45486453829173,0.0,24.801493622802827,-1.0306721997410128e-09,0.0
948,56940.0,56940,24.801493621771638,24.801493621771638,34.83598082361163,0.0,24.801493622802294,-1.030657863173712e-09,0.0
949,57000.0,57000,24.80149362177112,24.80149362177112,35.21709710893151,0.0,24.801493622801765,-1.0306433876019224e-09,0.0
950,57060.0,57060,24.801493621770593,24.801493621770593,35.59821339425139,0.0,24.80149362280122,-1.030628773080826e-09,0.0
951,57120.0,57120,24.80149362177006,24.80149362177006,35.97932967957126,0.0,24.801493622800677,-1.0306140196661128e-09,0.0
952,57180.0,57180,24.801493621769524,24.801493621769524,36.36044596489111,0.0,24.801493622800127,-1.0305991274135466e-09,0.0
953,57240.0,57240,24.801493621768987,24.801493621768987,36.74156225021097,0.0,24.80149362279957,-1.0305840963797926e-09,0.0
954,57300.0,57300,24.80149362176844,24.80149362176844,37.12267853553081,0.0,24.80149362279901,-1.0305689266217198e-09,0.0
955,57360.0,57360,24.80149362176789,24.80149362176789,37.50379482085064,0.0,24.80149362279844,-1.0305536181972882e-09,0.0
956,57420.0,57420,24.80149362176733,24.80149362176733,37.88491110617047,0.0,24.80149362279787,-1.0305381711644434e-09,0.0
957,57480.0,57480,24.801493621766767,24.801493621766767,38.26602739149028,0.0,24.80149362279729,-1.0305225855818294e-09,0.0
958,57540.0,57540,24.801493621766202,24.801493621766202,38.647143676810096,0.0,24.80149362279671,-1.0305068615086429e-09,0.0
959,57600.0,57600,24.801493621765633,24.801493621765633,39.0282599621299,0.0,24.80149362279612,-1.0304909990047058e-09,0.0
960,57660.0,57660,24.801493621765054,24.801493621765054,39.40937624744969,0.0,24.801493622795526,-1.0304749981300447e-09,0.0
961,57720.0,57720,24.80149362176447,24.80149362176447,39.79049253276947,0.0,24.80149362279493,-1.0304588589454562e-09,0.0
962,57780.0,57780,24.801493621763882,24.801493621763882,40.17160881808925,0.0,24.801493622794325,-1.0304425815123485e-09,0.0
963,57840.0,57840,24.80149362176329,24.80149362176329,40.552725103409,0.0,24.801493622793714,-1.0304261658921295e-09,0.0
964,57900.0,57900,24.801493621762692,24.801493621762692,40.93384138872875,0.0,24.801493622793103,-1.0304096121475895e-09,0.0
965,57960.0,57960,24.801493621762084,24.801493621762084,41.31495767404851,0.0,24.80149362279248,-1.0303929203410527e-09,0.0
966,58020.0,58020,24.801493621761477,24.801493621761477,41.69607395936825,0.0,24.801493622791856,-1.0303760905363574e-09,0.0
967,58080.0,58080,24.801493621760862,24.801493621760862,42.077190244687976,0.0,24.801493622791224,-1.0303591227968314e-09,0.0
968,58140.0,58140,24.801493621760248,24.801493621760248,42.4583065300077,0.0,24.801493622790588,-1.030342017187098e-09,0.0
969,58200.0,58200,24.801493621759622,24.801493621759622,42.8394228153274,0.0,24.801493622789945,-1.0303247737719551e-09,0.0
970,58260.0,58260,24.80149362175899,24.80149362175899,43.2205391006471,0.0,24.801493622789298,-1.0303073926168116e-09,0.0
971,58320.0,58320,24.801493621758357,24.801493621758357,43.601655385966794,0.0,24.801493622788644,-1.0302898737874836e-09,0.0
972,58380.0,58380,24.801493621757714,24.801493621757714,43.98277167128647,0.0,24.80149362278799,-1.0302722173504127e-09,0.0
973,58440.0,58440,24.80149362175707,24.80149362175707,44.36388795660614,0.0,24.801493622787326,-1.0302544233726805e-09,0.0
974,58500.0,58500,24.801493621756418,24.801493621756418,44.745004241925805,0.0,24.801493622786655,-1.030236491921486e-09,0.0
975,58560.0,58560,24.801493621755764,24.801493621755764,45.126120527245455,0.0,24.801493622785983,-1.0302184230648268e-09,0.0
976,58620.0,58620,24.801493621755103,24.801493621755103,45.5072368125651,0.0,24.8014936227853,-1.0302002168711382e-09,0.0
977,58680.0,58680,24.801493621754435,24.801493621754435,45.888353097884725,0.0,24.801493622784616,-1.0301818734094078e-09,0.0
978,58740.0,58740,24.801493621753764,24.801493621753764,46.26946938320434,0.0,24.801493622783926,-1.030163392749016e-09,0.0
979,58800.0,58800,24.80149362175309,24.80149362175309,46.65058566852395,0.0,24.801493622783234,-1.0301447749602014e-09,0.0
980,58860.0,58860,24.801493621752403,24.801493621752403,47.03170195384355,0.0,24.80149362278253,-1.030126020113014e-09,0.0
981,58920.0,58920,24.801493621751717,24.801493621751717,47.41281823916314,0.0,24.801493622781823,-1.0301071282787256e-09,0.0
982,58980.0,58980,24.80149362175102,24.80149362175102,47.793934524482715,0.0,24.801493622781113,-1.0300880995287675e-09,0.0
983,59040.0,59040,24.80149362175033,24.80149362175033,48.175050809802286,0.0,24.801493622780395,-1.0300689339350666e-09,0.0
984,59100.0,59100,24.801493621749625,24.801493621749625,48.55616709512184,0.0,24.80149362277967,-1.0300496315700874e-09,0.0
985,59160.0,59160,24.801493621748914,24.801493621748914,48.93728338044139,0.0,24.801493622778946,-1.030030192506833e-09,0.0
986,59220.0,59220,24.8014936217482,24.8014936217482,49.31839966576093,0.0,24.80149362277821,-1.030010616819077e-09,0.0
987,59280.0,59280,24.80149362174748,24.80149362174748,49.69951595108045,0.0,24.80149362277747,-1.0299909045804049e-09,0.0
988,59340.0,59340,24.801493621746758,24.801493621746758,50.08063223639997,0.0,24.801493622776725,-1.0299710558653322e-09,0.0
989,59400.0,59400,24.801493621746026,24.801493621746026,50.46174852171948,0.0,24.801493622775975,-1.029951070749059e-09,0.0
990,59460.0,59460,24.801493621745294,24.801493621745294,50.842864807038964,0.0,24.801493622775222,-1.0299309493068866e-09,0.0
991,59520.0,59520,24.80149362174455,24.80149362174455,51.22398109235844,0.0,24.801493622774462,-1.029910691615179e-09,0.0
992,59580.0,59580,24.801493621743806,24.801493621743806,51.60509737767791,0.0,24.801493622773695,-1.029890297749994e-09,0.0
993,59640.0,59640,24.801493621743056,24.801493621743056,51.98621366299737,0.0,24.801493622772927,-1.02986976778835e-09,0.0
994,59700.0,59700,24.801493621742303,24.801493621742303,52.367329948316815,0.0,24.80149362277215,-1.0298491018080798e-09,0.0
995,59760.0,59760,24.80149362174154,24.80149362174154,52.74844623363625,0.0,24.801493622771368,-1.0298282998867255e-09,0.0
996,59820.0,59820,24.80149362174077,24.80149362174077,53.12956251895568,0.0,24.80149362277058,-1.0298073621028912e-09,0.0
997,59880.0,59880,24.80149362174,24.80149362174,53.510678804275095,0.0,24.801493622769787,-1.0297862885354575e-09,0.0
998,59940.0,59940,24.801493621739226,24.801493621739226,53.89179508959449,0.0,24.80149362276899,-1.029765079264236e-09,0.0
999,60000.0,60000,24.80149362173844,24.80149362173844,54.272911374913875,0.0,24.801493622768184,-1.0297437343686449e-09,0.0
1000,60060.0,60060,24.801493621737656,24.801493621737656,54.654027660233254,0.0,24.801493622767378,-1.0297222539294854e-09,0.0
1001,60120.0,60120,24.80149362173686,24.80149362173686,55.03514394555262,0.0,24.80149362276656,-1.0297006380274857e-09,0.0
1002,60180.0,60180,24.80149362173606,24.80149362173606,55.41626023087197,0.0,24.80149362276574,-1.029678886744101e-09,0.0
1003,60240.0,60240,24.80149362173526,24.80149362173526,55.797376516191314,0.0,24.801493622764916,-1.029657000161209e-09,0.0
1004,60300.0,60300,24.801493621734448,24.801493621734448,56.178492801510636,0.0,24.801493622764085,-1.029634978361065e-09,0.0
1005,60360.0,60360,24.801493621733638,24.801493621733638,56.55960908682996,0.0,24.80149362276325,-1.0296128214267107e-09,0.0
1006,60420.0,60420,24.801493621732817,24.801493621732817,56.94072537214925,0.0,24.801493622762408,-1.0295905294414633e-09,0.0
1007,60480.0,60480,24.801493621731993,24.801493621731993,57.32184165746854,0.0,24.80149362276156,-1.0295681024891498e-09,0.0
1008,60540.0,60540,24.80149362173116,24.80149362173116,57.702957942787826,0.0,24.801493622760706,-1.029545540653859e-09,0.0
1009,60600.0,60600,24.801493621730327,24.801493621730327,58.084074228107085,0.0,24.80149362275985,-1.0295228440205234e-09,0.0
1010,60660.0,60660,24.801493621729485,24.801493621729485,58.465190513426336,0.0,24.801493622758986,-1.0295000126746718e-09,0.0
1011,60720.0,60720,24.801493621728643,24.801493621728643,58.846306798745566,0.0,24.80149362275812,-1.0294770467017173e-09,0.0
1012,60780.0,60780,24.80149362172779,24.80149362172779,59.227423084064796,0.0,24.801493622757242,-1.0294539461878575e-09,0.0
1013,60840.0,60840,24.80149362172693,24.80149362172693,59.608539369384005,0.0,24.801493622756364,-1.0294307112200621e-09,0.0
1014,60900.0,60900,24.80149362172607,24.80149362172607,59.98965565470321,0.0,24.801493622755476,-1.029407341885402e-09,0.0
1015,60960.0,60960,24.801493621725204,24.801493621725204,60.3707719400224,0.0,24.801493622754588,-1.029383838271516e-09,0.0
1016,61020.0,61020,24.80149362172433,24.80149362172433,60.751888225341574,0.0,24.80149362275369,-1.0293602004664349e-09,0.0
1017,61080.0,61080,24.801493621723452,24.801493621723452,61.133004510660726,0.0,24.801493622752787,-1.0293364285591359e-09,0.0
1018,61140.0,61140,24.801493621722567,24.801493621722567,61.51412079597987,0.0,24.80149362275188,-1.029312522638276e-09,0.0
1019,61200.0,61200,24.801493621721683,24.801493621721683,61.895237081299,0.0,24.80149362275097,-1.0292884827935299e-09,0.0
1020,61260.0,61260,24.801493621720788,24.801493621720788,62.276353366618125,0.0,24.801493622750055,-1.029264309115141e-09,0.0
1021,61320.0,61320,24.80149362171989,24.80149362171989,62.65746965193723,0.0,24.801493622749128,-1.0292400016934239e-09,0.0
1022,61380.0,61380,24.801493621718983,24.801493621718983,63.03858593725631,0.0,24.8014936227482,-1.0292155606192909e-09,0.0
1023,61440.0,61440,24.801493621718073,24.801493621718073,63.41970222257539,0.0,24.801493622747266,-1.0291909859843083e-09,0.0
1024,61500.0,61500,24.80149362171716,24.80149362171716,63.800818507894455,0.0,24.801493622746325,-1.0291662778803191e-09,0.0
1025,61560.0,61560,24.801493621716237,24.801493621716237,64.1819347932135,0.0,24.80149362274538,-1.029141436399792e-09,0.0
1026,61620.0,61620,24.801493621715313,24.801493621715313,64.56305107853254,0.0,24.80149362274443,-1.0291164616353262e-09,0.0
1027,61680.0,61680,24.801493621714382,24.801493621714382,64.94416736385156,0.0,24.80149362274347,-1.0290913536804231e-09,0.0
1028,61740.0,61740,24.801493621713444,24.801493621713444,65.32528364917056,0.0,24.801493622742512,-1.0290661126288458e-09,0.0
1029,61800.0,61800,24.801493621712506,24.801493621712506,65.70639993448955,0.0,24.801493622741543,-1.0290407385747219e-09,0.0
1030,61860.0,61860,24.801493621711554,24.801493621711554,66.08751621980852,0.0,24.801493622740573,-1.029015231612847e-09,0.0
1031,61920.0,61920,24.801493621710605,24.801493621710605,66.4686325051275,0.0,24.801493622739596,-1.0289895918383086e-09,0.0
1032,61980.0,61980,24.801493621709646,24.801493621709646,66.84974879044644,0.0,24.80149362273861,-1.0289638193465575e-09,0.0
1033,62040.0,62040,24.801493621708687,24.801493621708687,67.23086507576538,0.0,24.801493622737624,-1.0289379142341648e-09,0.0
1034,62100.0,62100,24.801493621707717,24.801493621707717,67.6119813610843,0.0,24.80149362273663,-1.0289118765970325e-09,0.0
1035,62160.0,62160,24.80149362170674,24.80149362170674,67.99309764640321,0.0,24.801493622735627,-1.028885706532517e-09,0.0
1036,62220.0,62220,24.801493621705763,24.801493621705763,68.3742139317221,0.0,24.801493622734625,-1.028859404137888e-09,0.0
1037,62280.0,62280,24.80149362170478,24.80149362170478,68.75533021704098,0.0,24.801493622733613,-1.0288329695111566e-09,0.0
1038,62340.0,62340,24.801493621703788,24.801493621703788,69.13644650235983,0.0,24.801493622732593,-1.0288064027507126e-09,0.0
1039,62400.0,62400,24.801493621702793,24.801493621702793,69.51756278767868,0.0,24.801493622731574,-1.0287797039550766e-09,0.0
1040,62460.0,62460,24.80149362170179,24.80149362170179,69.89867907299751,0.0,24.801493622730547,-1.0287528732238164e-09,0.0
1041,62520.0,62520,24.80149362170079,24.80149362170079,70.27979535831632,0.0,24.801493622729513,-1.028725910656486e-09,0.0
1042,62580.0,62580,24.801493621699777,24.801493621699777,70.66091164363512,0.0,24.801493622728472,-1.0286988163533363e-09,0.0
1043,62640.0,62640,24.801493621698757,24.801493621698757,71.0420279289539,0.0,24.80149362272743,-1.0286715904147363e-09,0.0
1044,62700.0,62700,24.801493621697738,24.801493621697738,71.42314421427268,0.0,24.80149362272638,-1.0286442329417377e-09,0.0
1045,62760.0,62760,24.801493628239122,-275.19850637176086,71.80426049959144,300.0,1.0978062481441791e-09,-275.1985063728587,0.0
1046,62820.0,62820,24.80149362823914,-275.19850637176086,67.21761872672732,300.0,1.0978067686435525e-09,-275.1985063728587,0.0
1047,62880.0,62880,24.801493628239157,-275.19850637176086,62.63097695386321,300.0,1.0978072478393462e-09,-275.1985063728587,0.0
1048,62940.0,62940,24.80149362823917,-275.19850637176086,58.044335180999106,300.0,1.0978076857249705e-09,-275.1985063728587,0.0
1049,63000.0,63000,24.801493628239186,-275.1985063717608,53.457693408135,300.0,1.0978080822938931e-09,-275.1985063728586,0.0
1050,63060.0,63060,24.8014936282392,-275.1985063717608,48.871051635270895,300.0,1.0978084375395236e-09,-275.1985063728586,0.0
1051,63120.0,63120,24.801493628239214,-275.1985063717608,44.28440986240679,300.0,1.0978087514555188e-09,-275.1985063728586,0.0
1052,63180.0,63180,24.80149362823922,-275.1985063717608,39.697768089542684,300.0,1.0978090240348813e-09,-275.1985063728586,0.0
1053,63240.0,63240,24.801493628161733,-190.19850637183836,35.11112631667858,215.0000000000001,1.205002187537132e-09,-190.19850637304336,0.0
1054,63300.0,63300,24.80149362169027,24.80149362169027,31.941151210479706,0.0,24.80149362271871,-1.0284430747156337e-09,0.0
1055,63360.0,63360,24.80149362168978,24.80149362168978,32.322267495798336,0.0,24.801493622718212,-1.0284298093869104e-09,0.0
1056,63420.0,63420,24.80149362168929,24.80149362168929,32.70338378111697,0.0,24.801493622717704,-1.028416407541139e-09,0.0
1057,63480.0,63480,24.80149362168879,24.80149362168879,33.08450006643559,0.0,24.801493622717192,-1.0284028692285108e-09,0.0
1058,63540.0,63540,24.801493621688284,24.801493621688284,33.46561635175421,0.0,24.801493622716677,-1.0283891944995955e-09,0.0
1059,63600.0,63600,24.801493621687776,24.801493621687776,33.84673263707281,0.0,24.80149362271615,-1.02837538340553e-09,0.0
1060,63660.0,63660,24.801493621687264,24.801493621687264,34.22784892239141,0.0,24.801493622715626,-1.0283614359975242e-09,0.0
1061,63720.0,63720,24.801493621686745,24.801493621686745,34.60896520771,0.0,24.80149362271509,-1.0283473523279225e-09,0.0
1062,63780.0,63780,24.80149362168622,24.80149362168622,34.99008149302858,0.0,24.801493622714553,-1.028333132449142e-09,0.0
1063,63840.0,63840,24.80149362168569,24.80149362168569,35.37119777834716,0.0,24.80149362271401,-1.0283187764142113e-09,0.0
1064,63900.0,63900,24.801493621685157,24.801493621685157,35.75231406366573,0.0,24.801493622713462,-1.028304284276871e-09,0.0
1065,63960.0,63960,24.801493621684617,24.801493621684617,36.133430348984284,0.0,24.801493622712908,-1.0282896560909503e-09,0.0
1066,64020.0,64020,24.80149362168407,24.80149362168407,36.51454663430284,0.0,24.801493622712343,-1.0282748919111934e-09,0.0
1067,64080.0,64080,24.80149362168352,24.80149362168352,36.89566291962138,0.0,24.801493622711778,-1.0282599917926365e-09,0.0
1068,64140.0,64140,24.801493621682965,24.801493621682965,37.27677920493991,0.0,24.80149362271121,-1.0282449557908686e-09,0.0
1069,64200.0,64200,24.801493621682404,24.801493621682404,37.65789549025843,0.0,24.801493622710634,-1.02822978396206e-09,0.0
1070,64260.0,64260,24.801493621681836,24.801493621681836,38.03901177557696,0.0,24.80149362271005,-1.0282144763624836e-09,0.0
1071,64320.0,64320,24.801493621681267,24.801493621681267,38.42012806089546,0.0,24.801493622709465,-1.0281990330497209e-09,0.0
1072,64380.0,64380,24.801493621680688,24.801493621680688,38.80124434621396,0.0,24.801493622708872,-1.0281834540809319e-09,0.0
1073,64440.0,64440,24.801493621680105,24.801493621680105,39.18236063153245,0.0,24.801493622708275,-1.0281677395145426e-09,0.0
1074,64500.0,64500,24.80149362167952,24.80149362167952,39.563476916850924,0.0,24.801493622707675,-1.0281518894090365e-09,0.0
1075,64560.0,64560,24.801493621678926,24.801493621678926,39.9445932021694,0.0,24.801493622707063,-1.0281359038232177e-09,0.0
1076,64620.0,64620,24.80149362167833,24.80149362167833,40.32570948748786,0.0,24.801493622706452,-1.028119782817301e-09,0.0
1077,64680.0,64680,24.80149362167773,24.80149362167773,40.70682577280632,0.0,24.80149362270583,-1.0281035264509491e-09,0.0
1078,64740.0,64740,24.801493621677118,24.801493621677118,41.08794205812476,0.0,24.801493622705205,-1.0280871347847842e-09,0.0
1079,64800.0,64800,24.801493621676507,24.801493621676507,41.469058343443194,0.0,24.801493622704577,-1.0280706078800107e-09,0.0
1080,64860.0,64860,24.80149362167589,24.80149362167589,41.85017462876162,0.0,24.80149362270394,-1.0280539457982112e-09,0.0
1081,64920.0,64920,24.801493621675263,24.801493621675263,42.23129091408004,0.0,24.8014936227033,-1.0280371486014922e-09,0.0
1082,64980.0,64980,24.801493621674634,24.801493621674634,42.61240719939845,0.0,24.801493622702655,-1.0280202163524107e-09,0.0
1083,65040.0,65040,24.801493621674,24.801493621674,42.993523484716846,0.0,24.801493622702004,-1.0280031491139026e-09,0.0
1084,65100.0,65100,24.80149362167336,24.80149362167336,43.37463977003524,0.0,24.801493622701347,-1.0279859469497035e-09,0.0
1085,65160.0,65160,24.801493621672712,24.801493621672712,43.755756055353615,0.0,24.801493622700683,-1.0279686099238838e-09,0.0
1086,65220.0,65220,24.801493621672066,24.801493621672066,44.13687234067197,0.0,24.801493622700015,-1.0279511381010089e-09,0.0
1087,65280.0,65280,24.80149362167141,24.80149362167141,44.517988625990334,0.0,24.801493622699343,-1.0279335315460796e-09,0.0
1088,65340.0,65340,24.80149362167075,24.80149362167075,44.899104911308676,0.0,24.801493622698665,-1.0279157903247234e-09,0.0
1089,65400.0,65400,24.801493621670083,24.801493621670083,45.28022119662702,0.0,24.80149362269798,-1.027897914502727e-09,0.0
1090,65460.0,65460,24.801493621669415,24.801493621669415,45.661337481945345,0.0,24.801493622697294,-1.0278799041468088e-09,0.0
1091,65520.0,65520,24.801493621668733,24.801493621668733,46.042453767263666,0.0,24.801493622696597,-1.0278617593242253e-09,0.0
1092,65580.0,65580,24.801493621668055,24.801493621668055,46.423570052581965,0.0,24.801493622695897,-1.0278434801022327e-09,0.0
1093,65640.0,65640,24.80149362166737,24.80149362166737,46.80468633790027,0.0,24.801493622695194,-1.0278250665485386e-09,0.0
1094,65700.0,65700,24.801493621666676,24.801493621666676,47.18580262321855,0.0,24.801493622694483,-1.027806518731825e-09,0.0
1095,65760.0,65760,24.801493621665976,24.801493621665976,47.56691890853683,0.0,24.801493622693762,-1.0277878367216325e-09,0.0
1096,65820.0,65820,24.801493621665273,24.801493621665273,47.94803519385509,0.0,24.801493622693044,-1.027769020586265e-09,0.0
1097,65880.0,65880,24.801493621664566,24.801493621664566,48.32915147917335,0.0,24.801493622692316,-1.0277500703966594e-09,0.0
1098,65940.0,65940,24.80149362166385,24.80149362166385,48.71026776449159,0.0,24.801493622691584,-1.0277309862227203e-09,0.0
1099,66000.0,66000,24.801493621663134,24.801493621663134,49.09138404980982,0.0,24.801493622690845,-1.0277117681357628e-09,0.0
1100,66060.0,66060,24.801493621662413,24.801493621662413,49.47250033512804,0.0,24.801493622690103,-1.0276924162066951e-09,0.0
1101,66120.0,66120,24.80149362166168,24.80149362166168,49.85361662044626,0.0,24.801493622689353,-1.0276729305076472e-09,0.0
1102,66180.0,66180,24.801493621660946,24.801493621660946,50.23473290576445,0.0,24.8014936226886,-1.0276533111110838e-09,0.0
1103,66240.0,66240,24.801493621660207,24.801493621660207,50.61584919108264,0.0,24.80149362268784,-1.027633558089353e-09,0.0
1104,66300.0,66300,24.801493621659464,24.801493621659464,50.99696547640082,0.0,24.801493622687076,-1.0276136715163893e-09,0.0
1105,66360.0,66360,24.801493621658715,24.801493621658715,51.37808176171898,0.0,24.801493622686305,-1.0275936514655445e-09,0.0
1106,66420.0,66420,24.801493621657954,24.801493621657954,51.75919804703713,0.0,24.80149362268553,-1.027573498011131e-09,0.0
1107,66480.0,66480,24.801493621657194,24.801493621657194,52.140314332355274,0.0,24.80149362268475,-1.0275532112280576e-09,0.0
1108,66540.0,66540,24.80149362165643,24.80149362165643,52.5214306176734,0.0,24.80149362268396,-1.027532791191524e-09,0.0
1109,66600.0,66600,24.801493621655656,24.801493621655656,52.902546902991524,0.0,24.801493622683168,-1.0275122379772538e-09,0.0
1110,66660.0,66660,24.801493628239882,-275.19850637176006,53.283663188309625,300.0,1.0978250263730935e-09,-275.1985063728579,0.0
1111,66720.0,66720,24.801493628239896,-275.19850637176006,48.69702141544552,300.0,1.0978253272425202e-09,-275.1985063728579,0.0
1112,66780.0,66780,24.80149362823991,-275.19850637176006,44.110379642581435,300.0,1.0978255866465624e-09,-275.1985063728579,0.0
1113,66840.0,66840,24.80149362823992,-275.19850637176006,39.52373786971733,300.0,1.0978258045790223e-09,-275.19850637285793,0.0
1114,66900.0,66900,24.80149362823993,-275.19850637176006,34.93709609685324,300.0,1.0978259810339646e-09,-275.1985063728579,0.0
1115,66960.0,66960,24.801493628239935,-275.19850637176006,30.350454323989137,300.0,1.097826116005177e-09,-275.1985063728579,0.0
1116,67020.0,67020,24.801493628239946,-275.19850637176,25.763812551125046,300.0,1.0978262094858797e-09,-275.1985063728579,0.0
1117,67080.0,67080,24.80149362823995,-275.19850637176006,21.177170778260948,300.0,1.0978262614701522e-09,-275.1985063728579,0.0
1118,67140.0,67140,24.801493628239953,-275.19850637176,16.590529005396856,300.0,1.0978262719514184e-09,-275.1985063728578,0.0
1119,67200.0,67200,24.801493628206256,-150.1985063717936,12.00388723253276,174.99999999999986,1.2092263042281629e-09,-150.1985063730028,0.0
1120,67260.0,67260,24.801493621650568,24.801493621650568,9.500578793001296,0.0,24.801493622677942,-1.027373636964584e-09,0.0
1121,67320.0,67320,24.80149362165039,24.80149362165039,9.881695078319323,0.0,24.80149362267776,-1.0273684336851277e-09,0.0
1122,67380.0,67380,24.80149362165021,24.80149362165021,10.262811363637349,0.0,24.801493622677572,-1.0273630937229627e-09,0.0
1123,67440.0,67440,24.80149362165002,24.80149362165002,10.643927648955371,0.0,24.801493622677377,-1.0273576170973362e-09,0.0
1124,67500.0,67500,24.801493621649826,24.801493621649826,11.02504393427339,0.0,24.801493622677178,-1.0273520038276118e-09,0.0
1125,67560.0,67560,24.801493621649627,24.801493621649627,11.406160219591406,0.0,24.801493622676976,-1.0273462539336917e-09,0.0
1126,67620.0,67620,24.801493621649424,24.801493621649424,11.787276504909421,0.0,24.801493622676762,-1.027340367436511e-09,0.0
1127,67680.0,67680,24.801493621649215,24.801493621649215,12.168392790227431,0.0,24.80149362267655,-1.0273343443565966e-09,0.0
1128,67740.0,67740,24.801493621649,24.801493621649,12.549509075545439,0.0,24.80149362267633,-1.027328184715815e-09,0.0
1129,67800.0,67800,24.80149362164878,24.80149362164878,12.930625360863443,0.0,24.801493622676105,-1.0273218885359154e-09,0.0
1130,67860.0,67860,24.801493621648557,24.801493621648557,13.311741646181444,0.0,24.801493622675874,-1.0273154558397972e-09,0.0
1131,67920.0,67920,24.80149362164833,24.80149362164833,13.692857931499441,0.0,24.80149362267564,-1.0273088866504025e-09,0.0
1132,67980.0,67980,24.801493621648095,24.801493621648095,14.073974216817437,0.0,24.801493622675398,-1.0273021809911834e-09,0.0
1133,68040.0,68040,24.801493621647854,24.801493621647854,14.455090502135425,0.0,24.80149362267515,-1.0272953388866824e-09,0.0
1134,68100.0,68100,24.80149362164761,24.80149362164761,14.836206787453413,0.0,24.801493622674897,-1.0272883603612387e-09,0.0
1135,68160.0,68160,24.801493621647356,24.801493621647356,15.217323072771396,0.0,24.801493622674638,-1.0272812454400792e-09,0.0
1136,68220.0,68220,24.801493621647104,24.801493621647104,15.598439358089376,0.0,24.80149362267438,-1.0272739941488667e-09,0.0
1137,68280.0,68280,24.80149362164684,24.80149362164684,15.97955564340735,0.0,24.80149362267411,-1.0272666065139192e-09,0.0
1138,68340.0,68340,24.801493621646575,24.801493621646575,16.36067192872532,0.0,24.801493622673835,-1.0272590825618597e-09,0.0
1139,68400.0,68400,24.801493621646305,24.801493621646305,16.741788214043286,0.0,24.801493622673558,-1.0272514223198643e-09,0.0
1140,68460.0,68460,24.801493621646028,24.801493621646028,17.12290449936125,0.0,24.801493622673274,-1.0272436258158222e-09,0.0
1141,68520.0,68520,24.801493621645747,24.801493621645747,17.50402078467921,0.0,24.801493622672982,-1.027235693077811e-09,0.0
1142,68580.0,68580,24.801493621645463,24.801493621645463,17.885137069997164,0.0,24.80149362267269,-1.0272276241347822e-09,0.0
1143,68640.0,68640,24.80149362164517,24.80149362164517,18.26625335531511,0.0,24.80149362267239,-1.0272194190159773e-09,0.0
1144,68700.0,68700,24.801493621644873,24.801493621644873,18.64736964063306,0.0,24.801493622672083,-1.027211077751191e-09,0.0
1145,68760.0,68760,24.80149362164457,24.80149362164457,19.028485925951003,0.0,24.801493622671774,-1.0272026003707423e-09,0.0
1146,68820.0,68820,24.801493621644266,24.801493621644266,19.40960221126894,0.0,24.801493622671458,-1.0271939869055023e-09,0.0
1147,68880.0,68880,24.801493621643953,24.801493621643953,19.79071849658687,0.0,24.801493622671135,-1.0271852373867056e-09,0.0
1148,68940.0,68940,24.801493621643637,24.801493621643637,20.171834781904796,0.0,24.80149362267081,-1.0271763518463735e-09,0.0
1149,69000.0,69000,24.80149362164331,24.80149362164331,20.55295106722272,0.0,24.80149362267048,-1.0271673303166135e-09,0.0
1150,69060.0,69060,24.801493621642983,24.801493621642983,20.934067352540637,0.0,24.80149362267014,-1.0271581728306976e-09,0.0
1151,69120.0,69120,24.801493621642653,24.801493621642653,21.31518363785855,0.0,24.8014936226698,-1.0271488794215481e-09,0.0
1152,69180.0,69180,24.80149362164231,24.80149362164231,21.69629992317646,0.0,24.80149362266945,-1.0271394501235138e-09,0.0
1153,69240.0,69240,24.801493621641967,24.801493621641967,22.077416208494366,0.0,24.8014936226691,-1.0271298849709138e-09,0.0
1154,69300.0,69300,24.80149362164162,24.80149362164162,22.45853249381226,0.0,24.801493622668737,-1.02712018399846e-09,0.0
1155,69360.0,69360,24.801493621641264,24.801493621641264,22.839648779130147,0.0,24.801493622668374,-1.0271103472418247e-09,0.0
1156,69420.0,69420,24.801493621640905,24.801493621640905,23.220765064448035,0.0,24.80149362266801,-1.0271003747368402e-09,0.0
1157,69480.0,69480,24.801493621640542,24.801493621640542,23.601881349765918,0.0,24.801493622667632,-1.0270902665200226e-09,0.0
1158,69540.0,69540,24.801493621640173,24.801493621640173,23.98299763508379,0.0,24.80149362266725,-1.0270800226281786e-09,0.0
1159,69600.0,69600,24.801493621639796,24.801493621639796,24.36411392040166,0.0,24.801493622666868,-1.0270696430991487e-09,0.0
1160,69660.0,69660,24.801493621639416,24.801493621639416,24.74523020571952,0.0,24.801493622666477,-1.0270591279705105e-09,0.0
1161,69720.0,69720,24.801493621639032,24.801493621639032,25.12634649103738,0.0,24.80149362266608,-1.0270484772811077e-09,0.0
1162,69780.0,69780,24.80149362163864,24.80149362163864,25.50746277635523,0.0,24.80149362266568,-1.0270376910696825e-09,0.0
1163,69840.0,69840,24.801493621638247,24.801493621638247,25.888579061673077,0.0,24.80149362266527,-1.0270267693758643e-09,0.0
1164,69900.0,69900,24.801493621637842,24.801493621637842,26.269695346990915,0.0,24.80149362266486,-1.0270157122399221e-09,0.0
1165,69960.0,69960,24.801493621637437,24.801493621637437,26.65081163230875,0.0,24.80149362266444,-1.0270045197017914e-09,0.0
1166,70020.0,70020,24.80149362163703,24.80149362163703,27.031927917626575,0.0,24.801493622664022,-1.0269931918029633e-09,0.0
1167,70080.0,70080,24.80149362163661,24.80149362163661,27.4130442029444,0.0,24.801493622663592,-1.0269817285847839e-09,0.0
1168,70140.0,70140,24.801493621636187,24.801493621636187,27.79416048826221,0.0,24.80149362266316,-1.0269701300893558e-09,0.0
1169,70200.0,70200,24.801493621635764,24.801493621635764,28.175276773580016,0.0,24.801493622662722,-1.0269583963593344e-09,0.0
1170,70260.0,70260,24.80149362163533,24.80149362163533,28.556393058897818,0.0,24.801493622662274,-1.026946527437637e-09,0.0
1171,70320.0,70320,24.80149362163489,24.80149362163489,28.937509344215616,0.0,24.801493622661827,-1.0269345233677773e-09,0.0
1172,70380.0,70380,24.80149362163445,24.80149362163445,29.318625629533404,0.0,24.801493622661372,-1.0269223841940254e-09,0.0
1173,70440.0,70440,24.801493621634002,24.801493621634002,29.69974191485118,0.0,24.801493622660914,-1.0269101099607246e-09,0.0
1174,70500.0,70500,24.801493621633547,24.801493621633547,30.080858200168954,0.0,24.80149362266045,-1.0268977007130613e-09,0.0
1175,70560.0,70560,24.801493621633092,24.801493621633092,30.46197448548672,0.0,24.801493622659976,-1.026885156496557e-09,0.0
1176,70620.0,70620,24.801493621632627,24.801493621632627,30.843090770804483,0.0,24.8014936226595,-1.0268724773570825e-09,0.0
1177,70680.0,70680,24.801493621632158,24.801493621632158,31.224207056122236,0.0,24.801493622659017,-1.0268596633416573e-09,0.0
1178,70740.0,70740,24.801493621631685,24.801493621631685,31.605323341439984,0.0,24.80149362265853,-1.0268467144969087e-09,0.0
1179,70800.0,70800,24.801493621631206,24.801493621631206,31.986439626757722,0.0,24.80149362265804,-1.0268336308707293e-09,0.0
1180,70860.0,70860,24.80149362163072,24.80149362163072,32.36755591207545,0.0,24.801493622657542,-1.0268204125110992e-09,0.0
1181,70920.0,70920,24.801493621630232,24.801493621630232,32.74867219739318,0.0,24.801493622657038,-1.0268070594663912e-09,0.0
1182,70980.0,70980,24.801493621629735,24.801493621629735,33.12978848271089,0.0,24.80149362265653,-1.0267935717859966e-09,0.0
1183,71040.0,71040,24.801493621629238,24.801493621629238,33.5109047680286,0.0,24.801493622656015,-1.026779949519161e-09,0.0
1184,71100.0,71100,24.801493621628733,24.801493621628733,33.8920210533463,0.0,24.801493622655496,-1.0267661927159158e-09,0.0
1185,71160.0,71160,24.80149362162822,24.80149362162822,34.273137338664,0.0,24.801493622654974,-1.0267523014272525e-09,0.0
1186,71220.0,71220,24.801493621627706,24.801493621627706,34.65425362398168,0.0,24.80149362265444,-1.026738275704046e-09,0.0
1187,71280.0,71280,24.801493621627184,24.801493621627184,35.03536990929936,0.0,24.801493622653908,-1.0267241155976667e-09,0.0
1188,71340.0,71340,24.80149362162666,24.80149362162666,35.41648619461703,0.0,24.801493622653368,-1.0267098211601676e-09,0.0
1189,71400.0,71400,24.801493628240355,-275.1985063717596,35.79760247993468,300.0,1.0978290996408306e-09,-275.1985063728574,0.0
1190,71460.0,71460,24.801493628240365,-275.1985063717596,31.2109607070706,300.0,1.0978291763181047e-09,-275.1985063728574,0.0
1191,71520.0,71520,24.801493628240372,-275.1985063717596,26.624318934206514,300.0,1.097829211349553e-09,-275.1985063728574,0.0
1192,71580.0,71580,24.80149362824038,-275.1985063717596,22.037677161342426,300.0,1.0978292047295885e-09,-275.1985063728574,0.0
1193,71640.0,71640,24.801493628240383,-275.1985063717596,17.451035388478335,300.0,1.097829156452712e-09,-275.1985063728574,0.0
1194,71700.0,71700,24.801493628240387,-275.1985063717596,12.86439361561425,300.0,1.097829066512799e-09,-275.1985063728574,0.0
1195,71760.0,71760,24.801493628240387,-275.1985063717596,8.277751842750163,300.0,1.0978289349047425e-09,-275.1985063728574,0.0
1196,71820.0,71820,24.801493628240387,-275.1985063717596,3.691110069886077,300.0,1.0978287616227675e-09,-275.1985063728574,0.0
1197,71880.0,71880,24.801493628163,-190.19850637183708,-0.8955317029780107,215.0000000000001,1.2051290405949513e-09,-190.19850637304222,0.0
1198,71940.0,71940,24.801493621624196,24.801493621624196,-4.065506809176862,0.0,24.80149362265083,-1.026637796376227e-09,0.0
1199,72000.0,72000,24.801493621624214,24.801493621624214,-3.684390523859238,0.0,24.80149362265085,-1.0266373117977512e-09,0.0
1200,72060.0,72060,24.801493621624225,24.801493621624225,-3.303274238541614,0.0,24.80149362265086,-1.0266366910485768e-09,0.0
1201,72120.0,72120,24.801493621624235,24.801493621624235,-2.9221579532239894,0.0,24.801493622650867,-1.0266359341294167e-09,0.0
1202,72180.0,72180,24.801493621624235,24.801493621624235,-2.5410416679063648,0.0,24.801493622650867,-1.0266350410415074e-09,0.0
1203,72240.0,72240,24.801493621624232,24.801493621624232,-2.1599253825887406,0.0,24.801493622650863,-1.026634011786289e-09,0.0
1204,72300.0,72300,24.80149362162422,24.80149362162422,-1.7788090972711164,0.0,24.801493622650856,-1.0266328463659733e-09,0.0
1205,72360.0,72360,24.80149362162421,24.80149362162421,-1.3976928119534922,0.0,24.801493622650842,-1.0266315447835131e-09,0.0
1206,72420.0,72420,24.801493621624193,24.801493621624193,-1.016576526635868,0.0,24.80149362265082,-1.026630107041644e-09,0.0
1207,72480.0,72480,24.801493621624168,24.801493621624168,-0.6354602413182443,0.0,24.8014936226508,-1.0266285331445991e-09,0.0
1208,72540.0,72540,24.80149362162414,24.80149362162414,-0.2543439560006207,0.0,24.801493622650767,-1.0266268230963793e-09,0.0
1209,72600.0,72600,24.801493621624104,24.801493621624104,0.12677232931700233,0.0,24.80149362265073,-1.0266249769017127e-09,0.0
1210,72660.0,72660,24.801493621624065,24.801493621624065,0.5078886146346249,0.0,24.80149362265069,-1.0266229945659388e-09,0.0
1211,72720.0,72720,24.801493621624022,24.801493621624022,0.8890048999522467,0.0,24.801493622650643,-1.0266208760949783e-09,0.0
1212,72780.0,72780,24.801493621623973,24.801493621623973,1.270121185269868,0.0,24.80149362265059,-1.0266186214949124e-09,0.0
1213,72840.0,72840,24.80149362162392,24.80149362162392,1.6512374705874886,0.0,24.801493622650533,-1.02661623077271e-09,0.0
1214,72900.0,72900,24.80149362162386,24.80149362162386,2.032353755905108,0.0,24.80149362265047,-1.0266137039356015e-09,0.0
1215,72960.0,72960,24.80149362162379,24.80149362162379,2.4134700412227272,0.0,24.801493622650405,-1.0266110409917775e-09,0.0
1216,73020.0,73020,24.801493621623724,24.801493621623724,2.7945863265403443,0.0,24.80149362265033,-1.0266082419491374e-09,0.0
1217,73080.0,73080,24.80149362162365,24.80149362162365,3.175702611857961,0.0,24.801493622650252,-1.026605306816716e-09,0.0
1218,73140.0,73140,24.801493621623568,24.801493621623568,3.5568188971755763,0.0,24.80149362265017,-1.0266022356042168e-09,0.0
1219,73200.0,73200,24.80149362162348,24.80149362162348,3.9379351824931907,0.0,24.801493622650078,-1.026599028321402e-09,0.0
1220,73260.0,73260,24.80149362162339,24.80149362162339,4.319051467810804,0.0,24.801493622649986,-1.0265956849786729e-09,0.0
1221,73320.0,73320,24.801493621623294,24.801493621623294,4.700167753128416,0.0,24.801493622649886,-1.0265922055868686e-09,0.0
1222,73380.0,73380,24.80149362162319,24.80149362162319,5.081284038446025,0.0,24.801493622649783,-1.0265885901578019e-09,0.0
1223,73440.0,73440,24.801493621623084,24.801493621623084,5.462400323763634,0.0,24.801493622649673,-1.0265848387033003e-09,0.0
1224,73500.0,73500,24.801493621622978,24.801493621622978,5.843516609081242,0.0,24.801493622649556,-1.026580951235643e-09,0.0
1225,73560.0,73560,24.80149362162286,24.80149362162286,6.224632894398847,0.0,24.801493622649435,-1.0265769277681997e-09,0.0
1226,73620.0,73620,24.801493621622736,24.801493621622736,6.605749179716449,0.0,24.80149362264931,-1.0265727683144855e-09,0.0
1227,73680.0,73680,24.80149362162261,24.80149362162261,6.986865465034051,0.0,24.801493622649176,-1.0265684728882048e-09,0.0
1228,73740.0,73740,24.801493621622477,24.801493621622477,7.3679817503516505,0.0,24.80149362264904,-1.026564041504328e-09,0.0
1229,73800.0,73800,24.80149362162234,24.80149362162234,7.749098035669248,0.0,24.8014936226489,-1.026559474177825e-09,0.0
1230,73860.0,73860,24.801493621622196,24.801493621622196,8.130214320986845,0.0,24.801493622648753,-1.0265547709242042e-09,0.0
1231,73920.0,73920,24.80149362162205,24.80149362162205,8.511330606304439,0.0,24.8014936226486,-1.0265499317597598e-09,0.0
1232,73980.0,73980,24.801493621621894,24.801493621621894,8.89244689162203,0.0,24.801493622648444,-1.0265449567011202e-09,0.0
1233,74040.0,74040,24.801493621621738,24.801493621621738,9.273563176939616,0.0,24.80149362264828,-1.026539845764943e-09,0.0
1234,74100.0,74100,24.801493621621574,24.801493621621574,9.654679462257201,0.0,24.80149362264811,-1.0265345989696177e-09,0.0
1235,74160.0,74160,24.801493621621407,24.801493621621407,10.035795747574786,0.0,24.801493622647936,-1.0265292163329653e-09,0.0
1236,74220.0,74220,24.80149362162123,24.80149362162123,10.416912032892366,0.0,24.801493622647754,-1.0265236978736514e-09,0.0
1237,74280.0,74280,24.801493621621056,24.801493621621056,10.798028318209944,0.0,24.801493622647573,-1.0265180436110833e-09,0.0
1238,74340.0,74340,24.80149362162087,24.80149362162087,11.179144603527522,0.0,24.80149362264738,-1.0265122535646103e-09,0.0
1239,74400.0,74400,24.80149362162068,24.80149362162068,11.560260888845093,0.0,24.801493622647186,-1.0265063277545413e-09,0.0
1240,74460.0,74460,24.801493621620484,24.801493621620484,11.941377174162664,0.0,24.801493622646987,-1.0265002662020735e-09,0.0
1241,74520.0,74520,24.801493621620285,24.801493621620285,12.32249345948023,0.0,24.801493622646777,-1.0264940689282434e-09,0.0
1242,74580.0,74580,24.801493621620082,24.801493621620082,12.703609744797795,0.0,24.801493622646568,-1.0264877359543642e-09,0.0
1243,74640.0,74640,24.801493621619873,24.801493621619873,13.084726030115355,0.0,24.801493622646355,-1.026481267303393e-09,0.0
1244,74700.0,74700,24.801493621619656,24.801493621619656,13.465842315432912,0.0,24.80149362264613,-1.0264746629976324e-09,0.0
1245,74760.0,74760,24.801493621619436,24.801493621619436,13.846958600750469,0.0,24.801493622645904,-1.0264679230606792e-09,0.0
1246,74820.0,74820,24.801493621619212,24.801493621619212,14.22807488606802,0.0,24.80149362264567,-1.0264610475163781e-09,0.0
1247,74880.0,74880,24.80149362161898,24.80149362161898,14.609191171385566,0.0,24.801493622645435,-1.026454036388894e-09,0.0
1248,74940.0,74940,24.801493621618743,24.801493621618743,14.99030745670311,0.0,24.80149362264519,-1.0264468897031475e-09,0.0
1249,75000.0,75000,24.801493621618505,24.801493621618505,15.37142374202065,0.0,24.801493622644944,-1.0264396074843803e-09,0.0
1250,75060.0,75060,24.801493621618256,24.801493621618256,15.752540027338187,0.0,24.80149362264469,-1.0264321897587352e-09,0.0
1251,75120.0,75120,24.801493621618004,24.801493621618004,16.13365631265572,0.0,24.801493622644433,-1.026424636552268e-09,0.0
1252,75180.0,75180,24.801493621617748,24.801493621617748,16.51477259797325,0.0,24.801493622644166,-1.026416947892024e-09,0.0
1253,75240.0,75240,24.801493621617485,24.801493621617485,16.895888883290773,0.0,24.801493622643896,-1.0264091238054268e-09,0.0
1254,75300.0,75300,24.80149362161722,24.80149362161722,17.277005168608294,0.0,24.80149362264362,-1.0264011643203067e-09,0.0
1255,75360.0,75360,24.801493621616945,24.801493621616945,17.658121453925816,0.0,24.801493622643342,-1.0263930694650913e-09,0.0
1256,75420.0,75420,24.801493621616668,24.801493621616668,18.039237739243326,0.0,24.801493622643054,-1.026384839268775e-09,0.0
1257,75480.0,75480,24.801493621616387,24.801493621616387,18.420354024560837,0.0,24.801493622642763,-1.0263764737606872e-09,0.0
1258,75540.0,75540,24.8014936216161,24.8014936216161,18.801470309878336,0.0,24.801493622642468,-1.0263679729710443e-09,0.0
1259,75600.0,75600,24.801493621615805,24.801493621615805,19.18258659519584,0.0,24.801493622642166,-1.0263593369300487e-09,0.0
1260,75660.0,75660,24.80149362161551,24.80149362161551,19.563702880513336,0.0,24.801493622641857,-1.0263505656688624e-09,0.0
1261,75720.0,75720,24.801493621615204,24.801493621615204,19.944819165830825,0.0,24.801493622641544,-1.0263416592186042e-09,0.0
1262,75780.0,75780,24.801493621614895,24.801493621614895,20.325935451148315,0.0,24.801493622641228,-1.0263326176113965e-09,0.0
1263,75840.0,75840,24.801493621614583,24.801493621614583,20.707051736465793,0.0,24.801493622640905,-1.0263234408799149e-09,0.0
1264,75900.0,75900,24.801493621614263,24.801493621614263,21.088168021783268,0.0,24.801493622640578,-1.0263141290568924e-09,0.0
1265,75960.0,75960,24.80149362161394,24.80149362161394,21.46928430710074,0.0,24.801493622640244,-1.026304682176052e-09,0.0
1266,76020.0,76020,24.801493621613613,24.801493621613613,21.850400592418204,0.0,24.801493622639907,-1.0262951002712623e-09,0.0
1267,76080.0,76080,24.801493621613275,24.801493621613275,22.231516877735668,0.0,24.801493622639562,-1.0262853833769875e-09,0.0
1268,76140.0,76140,24.801493621612938,24.801493621612938,22.612633163053122,0.0,24.80149362263921,-1.0262755315283326e-09,0.0
1269,76200.0,76200,24.801493621612593,24.801493621612593,22.993749448370576,0.0,24.801493622638855,-1.0262655447608537e-09,0.0
1270,76260.0,76260,24.80149362161224,24.80149362161224,23.374865733688022,0.0,24.801493622638496,-1.0262554231104847e-09,0.0
1271,76320.0,76320,24.801493621611886,24.801493621611886,23.75598201900546,0.0,24.80149362263813,-1.0262451666138436e-09,0.0
1272,76380.0,76380,24.801493621611524,24.801493621611524,24.137098304322897,0.0,24.801493622637757,-1.0262347753077519e-09,0.0
1273,76440.0,76440,24.801493621611158,24.801493621611158,24.518214589640326,0.0,24.801493622637384,-1.026224249230064e-09,0.0
1274,76500.0,76500,24.80149362161079,24.80149362161079,24.899330874957748,0.0,24.801493622637,-1.0262135884183725e-09,0.0
1275,76560.0,76560,24.80149362161041,24.80149362161041,25.280447160275166,0.0,24.801493622636613,-1.0262027929117685e-09,0.0
1276,76620.0,76620,24.80149362161003,24.80149362161003,25.66156344559258,0.0,24.801493622636222,-1.0261918627489066e-09,0.0
1277,76680.0,76680,24.801493621609644,24.801493621609644,26.042679730909985,0.0,24.801493622635824,-1.0261807979693873e-09,0.0
1278,76740.0,76740,24.80149362160925,24.80149362160925,26.423796016227385,0.0,24.80149362263542,-1.026169598613276e-09,0.0
1279,76800.0,76800,24.801493621608856,24.801493621608856,26.804912301544782,0.0,24.80149362263501,-1.0261582647211772e-09,0.0
1280,76860.0,76860,24.801493621608454,24.801493621608454,27.186028586862168,0.0,24.8014936226346,-1.0261467963339856e-09,0.0
1281,76920.0,76920,24.801493621608042,24.801493621608042,27.56714487217955,0.0,24.80149362263418,-1.0261351934934838e-09,0.0
1282,76980.0,76980,24.801493621607634,24.801493621607634,27.94826115749693,0.0,24.801493622633757,-1.0261234562417163e-09,0.0
1283,77040.0,77040,24.801493621607214,24.801493621607214,28.329377442814298,0.0,24.801493622633327,-1.0261115846208e-09,0.0
1284,77100.0,77100,24.801493621606788,24.801493621606788,28.71049372813166,0.0,24.801493622632886,-1.0260995786741325e-09,0.0
1285,77160.0,77160,24.801493621606365,24.801493621606365,29.091610013449014,0.0,24.80149362263245,-1.026087438445329e-09,0.0
1286,77220.0,77220,24.801493621605925,24.801493621605925,29.472726298766368,0.0,24.801493622632,-1.0260751639782383e-09,0.0
1287,77280.0,77280,24.801493621605488,24.801493621605488,29.853842584083708,0.0,24.801493622631554,-1.0260627553174356e-09,0.0
1288,77340.0,77340,24.801493621605044,24.801493621605044,30.234958869401044,0.0,24.801493622631096,-1.0260502125078754e-09,0.0
1289,77400.0,77400,24.801493621604596,24.801493621604596,30.616075154718377,0.0,24.801493622630634,-1.026037535595297e-09,0.0
1290,77460.0,77460,24.80149362160414,24.80149362160414,30.9971914400357,0.0,24.801493622630165,-1.0260247246255858e-09,0.0
1291,77520.0,77520,24.80149362160368,24.80149362160368,31.378307725353018,0.0,24.801493622629692,-1.0260117796453394e-09,0.0
1292,77580.0,77580,24.801493621603218,24.801493621603218,31.759424010670326,0.0,24.801493622629213,-1.0259987007013596e-09,0.0
1293,77640.0,77640,24.80149362160275,24.80149362160275,32.140540295987634,0.0,24.801493622628733,-1.0259854878413209e-09,0.0
1294,77700.0,77700,24.801493621602273,24.801493621602273,32.521656581304924,0.0,24.801493622628247,-1.0259721411133344e-09,0.0
1295,77760.0,77760,24.80149362160179,24.80149362160179,32.902772866622215,0.0,24.80149362262775,-1.0259586605655836e-09,0.0
1296,77820.0,77820,24.801493621601303,24.801493621601303,33.2838891519395,0.0,24.801493622627248,-1.0259450462475032e-09,0.0
1297,77880.0,77880,24.801493621600816,24.801493621600816,33.66500543725677,0.0,24.801493622626744,-1.0259312982080776e-09,0.0
1298,77940.0,77940,24.80149362160032,24.80149362160032,34.046121722574036,0.0,24.801493622626232,-1.0259174164974106e-09,0.0
1299,78000.0,78000,24.801493621599814,24.801493621599814,34.4272380078913,0.0,24.801493622625717,-1.0259034011663044e-09,0.0
1300,78060.0,78060,24.801493621599306,24.801493621599306,34.808354293208545,0.0,24.8014936226252,-1.0258892522653872e-09,0.0
1301,78120.0,78120,24.801493621598794,24.801493621598794,35.189470578525786,0.0,24.801493622624672,-1.0258749698461737e-09,0.0
1302,78180.0,78180,24.80149362159828,24.80149362159828,35.57058686384302,0.0,24.80149362262414,-1.025860553960558e-09,0.0
1303,78240.0,78240,24.801493621597757,24.801493621597757,35.95170314916025,0.0,24.801493622623603,-1.025846004661088e-09,0.0
1304,78300.0,78300,24.801493621597228,24.801493621597228,36.332819434477464,0.0,24.80149362262306,-1.0258313220004282e-09,0.0
1305,78360.0,78360,24.801493621596695,24.801493621596695,36.71393571979468,0.0,24.801493622622512,-1.025816506032436e-09,0.0
1306,78420.0,78420,24.80149362159616,24.80149362159616,37.09505200511188,0.0,24.801493622621962,-1.0258015568103875e-09,0.0
1307,78480.0,78480,24.80149362159561,24.80149362159561,37.47616829042908,0.0,24.8014936226214,-1.0257864743891e-09,0.0
1308,78540.0,78540,24.801493621595064,24.801493621595064,37.85728457574627,0.0,24.801493622620836,-1.025771258823202e-09,0.0
1309,78600.0,78600,24.80149362159451,24.80149362159451,38.23840086106345,0.0,24.801493622620267,-1.0257559101683263e-09,0.0
1310,78660.0,78660,24.801493621593952,24.801493621593952,38.61951714638062,0.0,24.80149362261969,-1.0257404284798865e-09,0.0
1311,78720.0,78720,24.801493621593387,24.801493621593387,39.000633431697786,0.0,24.801493622619113,-1.0257248138145194e-09,0.0
1312,78780.0,78780,24.80149362159282,24.80149362159282,39.381749717014934,0.0,24.80149362261853,-1.0257090662288755e-09,0.0
1313,78840.0,78840,24.801493621592243,24.801493621592243,39.762866002332075,0.0,24.801493622617937,-1.0256931857801875e-09,0.0
1314,78900.0,78900,24.801493621591664,24.801493621591664,40.14398228764921,0.0,24.80149362261734,-1.02567717252627e-09,0.0
1315,78960.0,78960,24.801493621591078,24.801493621591078,40.525098572966336,0.0,24.80149362261674,-1.0256610265255488e-09,0.0
1316,79020.0,79020,24.801493621590488,24.801493621590488,40.906214858283455,0.0,24.80149362261613,-1.0256447478365367e-09,0.0
1317,79080.0,79080,24.80149362158989,24.80149362158989,41.28733114360056,0.0,24.80149362261552,-1.0256283365185033e-09,0.0
1318,79140.0,79140,24.80149362158929,24.80149362158929,41.66844742891765,0.0,24.8014936226149,-1.025611792631125e-09,0.0
1319,79200.0,79200,24.801493621588683,24.801493621588683,42.04956371423474,0.0,24.80149362261428,-1.0255951162343848e-09,0.0
1320,79260.0,79260,24.801493621588072,24.801493621588072,42.43067999955183,0.0,24.801493622613652,-1.0255783073891376e-09,0.0
1321,79320.0,79320,24.801493621587454,24.801493621587454,42.8117962848689,0.0,24.80149362261302,-1.0255613661564857e-09,0.0
1322,79380.0,79380,24.801493621586832,24.801493621586832,43.19291257018595,0.0,24.801493622612377,-1.025544292598201e-09,0.0
1323,79440.0,79440,24.801493621586204,24.801493621586204,43.574028855503,0.0,24.801493622611734,-1.0255270867758517e-09,0.0
1324,79500.0,79500,24.80149362158557,24.80149362158557,43.95514514082004,0.0,24.801493622611083,-1.0255097487522423e-09,0.0
1325,79560.0,79560,24.801493621584935,24.801493621584935,44.33626142613708,0.0,24.80149362261043,-1.0254922785906577e-09,0.0
1326,79620.0,79620,24.801493621584292,24.801493621584292,44.71737771145409,0.0,24.80149362260977,-1.0254746763543536e-09,0.0
1327,79680.0,79680,24.801493621583642,24.801493621583642,45.098493996771104,0.0,24.8014936226091,-1.0254569421072692e-09,0.0
1328,79740.0,79740,24.801493621582992,24.801493621582992,45.47961028208811,0.0,24.80149362260843,-1.025439075913664e-09,0.0
1329,79800.0,79800,24.80149362158233,24.80149362158233,45.8607265674051,0.0,24.801493622607754,-1.0254210778390637e-09,0.0
1330,79860.0,79860,24.801493621581667,24.801493621581667,46.24184285272208,0.0,24.80149362260707,-1.025402947948338e-09,0.0
1331,79920.0,79920,24.801493621581,24.801493621581,46.62295913803906,0.0,24.801493622606383,-1.0253846863075948e-09,0.0
1332,79980.0,79980,24.801493621580324,24.801493621580324,47.00407542335602,0.0,24.801493622605687,-1.0253662929830281e-09,0.0
1333,80040.0,80040,24.801493621579645,24.801493621579645,47.38519170867297,0.0,24.80149362260499,-1.025347768041487e-09,0.0
1334,80100.0,80100,24.801493621578956,24.801493621578956,47.766307993989905,0.0,24.801493622604287,-1.025329111549937e-09,0.0
1335,80160.0,80160,24.80149362157827,24.80149362157827,48.14742427930684,0.0,24.80149362260358,-1.0253103235768276e-09,0.0
1336,80220.0,80220,24.80149362157757,24.80149362157757,48.52854056462376,0.0,24.801493622602866,-1.0252914041896478e-09,0.0
1337,80280.0,80280,24.80149362157687,24.80149362157687,48.90965684994067,0.0,24.80149362260214,-1.025272353457589e-09,0.0
1338,80340.0,80340,24.801493621576164,24.801493621576164,49.29077313525757,0.0,24.801493622601416,-1.025253171449479e-09,0.0
1339,80400.0,80400,24.801493621575453,24.801493621575453,49.67188942057446,0.0,24.801493622600685,-1.0252338582351345e-09,0.0
1340,80460.0,80460,24.801493621574735,24.801493621574735,50.05300570589134,0.0,24.801493622599953,-1.0252144138843142e-09,0.0
1341,80520.0,80520,24.80149362157401,24.80149362157401,50.4341219912082,0.0,24.80149362259921,-1.025194838467839e-09,0.0
1342,80580.0,80580,24.801493621573286,24.801493621573286,50.815238276525065,0.0,24.801493622598464,-1.0251751320567625e-09,0.0
1343,80640.0,80640,24.801493621572554,24.801493621572554,51.19635456184191,0.0,24.80149362259771,-1.0251552947221234e-09,0.0
1344,80700.0,80700,24.80149362157182,24.80149362157182,51.577470847158736,0.0,24.80149362259695,-1.0251353265361685e-09,0.0
1345,80760.0,80760,24.801493621571073,24.801493621571073,51.95858713247556,0.0,24.801493622596187,-1.025115227571144e-09,0.0
1346,80820.0,80820,24.801493621570327,24.801493621570327,52.339703417792364,0.0,24.80149362259542,-1.0250949979002855e-09,0.0
1347,80880.0,80880,24.801493621569573,24.801493621569573,52.72081970310917,0.0,24.801493622594645,-1.0250746375961598e-09,0.0
1348,80940.0,80940,24.80149362156881,24.80149362156881,53.10193598842596,0.0,24.801493622593867,-1.0250541467330793e-09,0.0
1349,81000.0,81000,24.80149362156805,24.80149362156805,53.48305227374273,0.0,24.80149362259308,-1.0250335253852834e-09,0.0
1350,81060.0,81060,24.801493621567275,24.801493621567275,53.86416855905949,0.0,24.80149362259229,-1.0250127736269387e-09,0.0
1351,81120.0,81120,24.801493621566504,24.801493621566504,54.245284844376236,0.0,24.801493622591497,-1.024991891533682e-09,0.0
1352,81180.0,81180,24.801493621565722,24.801493621565722,54.62640112969299,0.0,24.80149362259069,-1.0249708791808871e-09,0.0
1353,81240.0,81240,24.801493621564937,24.801493621564937,55.00751741500971,0.0,24.801493622589888,-1.0249497366446706e-09,0.0
1354,81300.0,81300,24.80149362156415,24.80149362156415,55.38863370032642,0.0,24.801493622589074,-1.0249284640014397e-09,0.0
1355,81360.0,81360,24.801493621563353,24.801493621563353,55.76974998564313,0.0,24.801493622588257,-1.0249070613280234e-09,0.0
1356,81420.0,81420,24.80149362156255,24.80149362156255,56.15086627095982,0.0,24.801493622587437,-1.0248855287020803e-09,0.0
1357,81480.0,81480,24.801493621561743,24.801493621561743,56.531982556276496,0.0,24.801493622586605,-1.0248638662014433e-09,0.0
1358,81540.0,81540,24.80149362156093,24.80149362156093,56.91309884159316,0.0,24.80149362258577,-1.0248420739039456e-09,0.0
1359,81600.0,81600,24.801493621560113,24.801493621560113,57.29421512690982,0.0,24.801493622584935,-1.02482015188902e-09,0.0
1360,81660.0,81660,24.80149362155929,24.80149362155929,57.67533141222646,0.0,24.801493622584086,-1.0247981002354454e-09,0.0
1361,81720.0,81720,24.801493628241754,-275.19850637175824,58.056447697543085,300.0,1.0978188256322332e-09,-275.19850637285606,0.0
1362,81780.0,81780,24.80149362824177,-275.1985063717582,53.46980592467902,300.0,1.0978188978776393e-09,-275.198506372856,0.0
1363,81840.0,81840,24.801493628241783,-275.1985063717582,48.88316415181497,300.0,1.0978189282134744e-09,-275.19850637285606,0.0
1364,81900.0,81900,24.8014936282418,-275.1985063717582,44.2965223789509,300.0,1.0978189166364652e-09,-275.198506372856,0.0
1365,81960.0,81960,24.80149362824181,-275.1985063717582,39.709880606086834,300.0,1.0978188631428003e-09,-275.19850637285595,0.0
1366,82020.0,82020,24.801493628241822,-275.1985063717582,35.12323883322277,300.0,1.097818767729366e-09,-275.198506372856,0.0
1367,82080.0,82080,24.801493628241836,-275.1985063717582,30.536597060358705,300.0,1.097818630392802e-09,-275.198506372856,0.0
1368,82140.0,82140,24.801493628241843,-275.1985063717582,25.949955287494646,300.0,1.0978184511287874e-09,-275.198506372856,0.0
1369,82200.0,82200,24.80149362824185,-275.1985063717581,21.363313514630583,300.0,1.0978182299345434e-09,-275.19850637285595,0.0
1370,82260.0,82260,24.801493620502633,19.80149362050249,16.77667174176652,5.000000000000142,19.80149362154076,-1.0382729033486588e-09,0.0
1371,82320.0,82320,24.80149362155368,24.80149362155368,17.080954693733556,0.0,24.801493622578317,-1.0246398133782144e-09,0.0
1372,82380.0,82380,24.80149362155342,24.80149362155342,17.4620709790501,0.0,24.801493622578054,-1.0246317004189884e-09,0.0
1373,82440.0,82440,24.801493621553163,24.801493621553163,17.843187264366637,0.0,24.801493622577784,-1.0246234542104922e-09,0.0
1374,82500.0,82500,24.801493621552897,24.801493621552897,18.22430354968317,0.0,24.80149362257751,-1.024615074781284e-09,0.0
1375,82560.0,82560,24.801493621552627,24.801493621552627,18.605419834999704,0.0,24.801493622577233,-1.0246065621607072e-09,0.0
1376,82620.0,82620,24.801493621552353,24.801493621552353,18.986536120316227,0.0,24.80149362257695,-1.0245979163781498e-09,0.0
1377,82680.0,82680,24.801493621552073,24.801493621552073,19.367652405632754,0.0,24.80149362257666,-1.024589137464017e-09,0.0
1378,82740.0,82740,24.80149362155179,24.80149362155179,19.748768690949273,0.0,24.801493622576366,-1.024580225448744e-09,0.0
1379,82800.0,82800,24.801493621551494,24.801493621551494,20.129884976265785,0.0,24.801493622576068,-1.024571180363464e-09,0.0
1380,82860.0,82860,24.801493621551202,24.801493621551202,20.5110012615823,0.0,24.801493622575762,-1.0245620022402121e-09,0.0
1381,82920.0,82920,24.8014936215509,24.8014936215509,20.892117546898803,0.0,24.801493622575453,-1.0245526911105724e-09,0.0
1382,82980.0,82980,24.80149362155059,24.80149362155059,21.273233832215304,0.0,24.801493622575137,-1.024543247007395e-09,0.0
1383,83040.0,83040,24.80149362155028,24.80149362155028,21.6543501175318,0.0,24.801493622574817,-1.0245336699636313e-09,0.0
1384,83100.0,83100,24.801493621549962,24.801493621549962,22.03546640284829,0.0,24.80149362257449,-1.0245239600131937e-09,0.0
1385,83160.0,83160,24.801493621549643,24.801493621549643,22.416582688164777,0.0,24.801493622574156,-1.0245141171898482e-09,0.0
1386,83220.0,83220,24.801493621549316,24.801493621549316,22.797698973481257,0.0,24.801493622573823,-1.0245041415284525e-09,0.0
1387,83280.0,83280,24.801493621548982,24.801493621548982,23.17881525879773,0.0,24.801493622573478,-1.024494033063675e-09,0.0
1388,83340.0,83340,24.801493621548648,24.801493621548648,23.559931544114203,0.0,24.80149362257313,-1.024483791831377e-09,0.0
1389,83400.0,83400,24.801493621548303,24.801493621548303,23.941047829430673,0.0,24.801493622572778,-1.0244734178673617e-09,0.0
1390,83460.0,83460,24.801493621547955,24.801493621547955,24.322164114747128,0.0,24.80149362257242,-1.0244629112085817e-09,0.0
1391,83520.0,83520,24.8014936215476,24.8014936215476,24.703280400063583,0.0,24.801493622572057,-1.0244522718916838e-09,0.0
1392,83580.0,83580,24.801493621547245,24.801493621547245,25.084396685380035,0.0,24.801493622571684,-1.0244414999542752e-09,0.0
1393,83640.0,83640,24.80149362154688,24.80149362154688,25.465512970696476,0.0,24.80149362257131,-1.0244305954344431e-09,0.0
1394,83700.0,83700,24.801493621546513,24.801493621546513,25.84662925601291,0.0,24.80149362257093,-1.0244195583705805e-09,0.0
1395,83760.0,83760,24.801493621546136,24.801493621546136,26.227745541329348,0.0,24.801493622570543,-1.0244083888016765e-09,0.0
1396,83820.0,83820,24.80149362154576,24.80149362154576,26.608861826645775,0.0,24.801493622570153,-1.0243970867672584e-09,0.0
1397,83880.0,83880,24.801493621545376,24.801493621545376,26.9899781119622,0.0,24.801493622569758,-1.024385652306985e-09,0.0
1398,83940.0,83940,24.801493621544985,24.801493621544985,27.37109439727861,0.0,24.801493622569357,-1.0243740854619547e-09,0.0
1399,84000.0,84000,24.80149362154459,24.80149362154459,27.75221068259502,0.0,24.80149362256895,-1.0243623862722773e-09,0.0
1400,84060.0,84060,24.80149362154419,24.80149362154419,28.133326967911422,0.0,24.80149362256854,-1.0243505547798804e-09,0.0
1401,84120.0,84120,24.801493621543784,24.801493621543784,28.514443253227824,0.0,24.801493622568124,-1.0243385910265904e-09,0.0
1402,84180.0,84180,24.801493621543376,24.801493621543376,28.895559538544216,0.0,24.8014936225677,-1.024326495054597e-09,0.0
1403,84240.0,84240,24.801493621542956,24.801493621542956,29.2766758238606,0.0,24.80149362256727,-1.0243142669069485e-09,0.0
1404,84300.0,84300,24.801493621542537,24.801493621542537,29.657792109176977,0.0,24.801493622566838,-1.0243019066267075e-09,0.0
1405,84360.0,84360,24.80149362154211,24.80149362154211,30.038908394493347,0.0,24.8014936225664,-1.024289414258159e-09,0.0
1406,84420.0,84420,24.80149362154168,24.80149362154168,30.420024679809714,0.0,24.801493622565957,-1.0242767898450348e-09,0.0
1407,84480.0,84480,24.801493621541244,24.801493621541244,30.80114096512607,0.0,24.801493622565506,-1.0242640334325507e-09,0.0
1408,84540.0,84540,24.801493621540804,24.801493621540804,31.182257250442422,0.0,24.801493622565054,-1.024251145065821e-09,0.0
1409,84600.0,84600,24.801493621540352,24.801493621540352,31.563373535758767,0.0,24.801493622564593,-1.0242381247906867e-09,0.0
1410,84660.0,84660,24.801493621539905,24.801493621539905,31.94448982107511,0.0,24.801493622564127,-1.0242249726533098e-09,0.0
1411,84720.0,84720,24.801493621539446,24.801493621539446,32.32560610639144,0.0,24.801493622563655,-1.024211688700346e-09,0.0
1412,84780.0,84780,24.80149362828944,-125.19850637171055,32.706722391707764,150.0,1.1269237709676178e-09,-125.19850637283747,0.0
1413,84840.0,84840,24.801493628289453,-125.19850637171055,30.620080618844455,150.0,1.1269222973596544e-09,-125.19850637283749,0.0
1414,84900.0,84900,24.80149362828946,-125.19850637171054,28.53343884598115,150.0,1.1269209259301935e-09,-125.19850637283744,0.0
1415,84960.0,84960,24.80149362828947,-125.19850637171055,26.446797073117843,150.0,1.126919656677577e-09,-125.19850637283744,0.0
1416,85020.0,85020,24.801493628289478,-125.19850637171054,24.360155300254537,150.0,1.1269184896012518e-09,-125.19850637283747,0.0
1417,85080.0,85080,24.80149362828949,-125.19850637171052,22.273513527391227,150.0,1.1269174246989773e-09,-125.19850637283743,0.0
1418,85140.0,85140,24.801493628289492,-125.19850637171051,20.18687175452792,150.0,1.126916461969721e-09,-125.19850637283741,0.0
1419,85200.0,85200,24.8014936282895,-125.19850637171051,18.100229981664615,150.0,1.126915601412624e-09,-125.19850637283743,0.0
1420,85260.0,85260,24.801493628289503,-125.19850637171051,16.01358820880131,150.0,1.1269148430259994e-09,-125.1985063728374,0.0
1421,85320.0,85320,24.801493628289506,-125.19850637171047,13.926946435938001,150.0,1.1269141868087554e-09,-125.1985063728374,0.0
1422,85380.0,85380,24.801493628289514,-125.19850637171048,11.840304663074694,150.0,1.1269136327603106e-09,-125.19850637283739,0.0
1423,85440.0,85440,24.801493628289514,-125.19850637171048,9.753662890211386,150.0,1.1269131808795884e-09,-125.1985063728374,0.0
1424,85500.0,85500,24.801493628289517,-125.19850637171047,7.667021117348082,150.0,1.1269128311657446e-09,-125.19850637283739,0.0
1425,85560.0,85560,24.80149362828952,-125.19850637171048,5.580379344484776,150.0,1.1269125836178627e-09,-125.19850637283739,0.0
1426,85620.0,85620,24.80149362828952,-125.19850637171047,3.4937375716214687,150.0,1.1269124382356522e-09,-125.19850637283739,0.0
1427,85680.0,85680,24.80149362828952,-125.19850637171048,1.4070957987581627,150.0,1.1269123950180363e-09,-125.19850637283739,0.0
1428,85740.0,85740,24.80149362828952,-125.19850637171047,-0.6795459741051437,150.0,1.1269124539649275e-09,-125.1985063728374,0.0
1429,85800.0,85800,24.801493628429643,-62.6985063715705,-2.76618774696845,87.50000000000014,1.075424354947191e-09,-62.69850637264592,0.0
1430,85860.0,85860,24.801493621535663,24.801493621535663,-3.8111628531626898,0.0,24.80149362255976,-1.0240992178548875e-09,0.0
1431,85920.0,85920,24.80149362153571,24.80149362153571,-3.430046567846423,0.0,24.80149362255981,-1.024100416981643e-09,0.0
1432,85980.0,85980,24.801493621535748,24.801493621535748,-3.0489302825301556,0.0,24.801493622559853,-1.0241014828835983e-09,0.0
1433,86040.0,86040,24.801493621535787,24.801493621535787,-2.6678139972138877,0.0,24.80149362255989,-1.0241024155562729e-09,0.0
1434,86100.0,86100,24.80149362153582,24.80149362153582,-2.2866977118976184,0.0,24.801493622559917,-1.0241032149966693e-09,0.0
1435,86160.0,86160,24.801493621535844,24.801493621535844,-1.9055814265813495,0.0,24.801493622559946,-1.0241038812014272e-09,0.0
1436,86220.0,86220,24.80149362153586,24.80149362153586,-1.5244651412650803,0.0,24.80149362255997,-1.0241044141682334e-09,0.0
1437,86280.0,86280,24.801493621535876,24.801493621535876,-1.1433488559488105,0.0,24.801493622559985,-1.0241048138949347e-09,0.0
1438,86340.0,86340,24.80149362153589,24.80149362153589,-0.7622325706325404,0.0,24.801493622559995,-1.0241050803803818e-09,0.0
1439,86400.0,86400,24.801493621535894,24.801493621535894,-0.38111628531627023,0.0,24.80149362256,-1.0241052136233963e-09,0.0
1440,,86460,,,,,,,
