,time,time_x,P_Grid,P_BTMS,E_BTMS,P_Charge,P_BTMS_Ch,P_BTMS_DCh,"param: btms size, a,b_sys,b_cap,b_loan,c,d_wait_cost",E_Shift,P_Shift
0,60.0,60,32.70051607805359,32.700525738449265,7.407897494527001,0.0,32.700526450691875,7.122426018379858e-07,123.04682978514518,2.3607134837718756e-10,9.660395685369285e-06
1,120.0,120,32.70051607804247,32.700516933506194,7.871154940707205,0.0,32.70051764574872,7.122425235127651e-07,0.3287671232876712,1.6124263217141866e-07,8.554637222994934e-07
2,180.0,180,32.70051607804011,32.70051616373074,8.3344122621507,0.0,32.70051687597327,7.122425293981011e-07,0.04323985936321764,1.755003237963675e-07,8.569063300664144e-08
3,240.0,240,32.700516078039094,32.70051608669011,8.797669572689063,0.0,32.70051679893265,7.122425400583947e-07,0.023148148148148147,1.7692847325457411e-07,8.651014517810989e-09
4,300.0,300,32.70051607803824,32.70051607891344,9.260926882136008,0.0,32.700516791155984,7.122425491044139e-07,0.009341992564003648,1.7707263420992971e-07,8.751918503806856e-10
5,360.0,360,32.700516078037374,32.70051607812683,9.724184191472785,0.0,32.70051679036939,7.122425564471642e-07,0.12,1.7708719881659154e-07,8.945903969641672e-11
6,420.0,420,32.70051607803648,32.70051607804653,10.187441500798421,0.0,32.7005167902891,7.12242562574328e-07,1.0,1.7708866730581321e-07,1.005891127825689e-11
7,480.0,480,32.70051607803558,32.70051607803769,10.650698810122918,0.0,32.700516790280254,7.122425678863325e-07,0.0,1.7708881213214557e-07,2.1118408091761242e-12
8,540.0,540,32.70051607803468,32.70051607803605,11.113956119447286,0.0,32.70051679027862,7.122425726389955e-07,0.0,1.7708882455652733e-07,1.369363913669228e-12
9,600.0,600,32.70051607803381,32.70051607803512,11.577213428771628,0.0,32.700516790277696,7.122425769866287e-07,0.0,1.7708882467876062e-07,1.3125403165908376e-12
10,660.0,660,32.700516078032955,32.700516078034255,12.04047073809597,0.0,32.700516790276836,7.12242581027451e-07,0.0,1.770888236746982e-07,1.3038401503814208e-12
11,720.0,720,32.70051607803211,32.70051607803341,12.503728047420285,0.0,32.700516790276,7.122425848315248e-07,0.0,1.77088822069949e-07,1.3045425557826866e-12
12,780.0,780,32.700516078031285,32.70051607803261,12.966985356744603,0.0,32.700516790275195,7.122425884533358e-07,0.0,1.770888198805507e-07,1.320176116726572e-12
13,840.0,840,32.70051607803048,32.70051607803183,13.430242666068905,0.0,32.70051679027442,7.122425919355743e-07,0.0,1.770888173678967e-07,1.347680008274789e-12
14,900.0,900,32.700516078029686,32.70051607803107,13.89349997539319,0.0,32.70051679027367,7.122425953097145e-07,0.0,1.7708881483618713e-07,1.3795661660823984e-12
15,960.0,960,32.70051607802892,32.70051607803033,14.356757284717466,0.0,32.70051679027293,7.122425985965857e-07,0.0,1.7708881249214267e-07,1.4097774818175035e-12
16,1020.0,1020,32.700516078028166,32.7005160780296,14.820014594041732,0.0,32.700516790272204,7.122426018080516e-07,0.0,1.7708881042567752e-07,1.4353137315441891e-12
17,1080.0,1080,32.70051607802743,32.70051607802888,15.283271903365995,0.0,32.700516790271486,7.122426049493985e-07,0.0,1.7708880864273132e-07,1.455590589997712e-12
18,1140.0,1140,32.70051607802671,32.70051607802818,15.746529212690248,0.0,32.70051679027079,7.122426080218704e-07,0.0,1.7708880710422104e-07,1.4713546439341224e-12
19,1200.0,1200,32.700516078026006,32.70051607802749,16.20978652201449,0.0,32.70051679027011,7.122426110247677e-07,0.0,1.7708880575528828e-07,1.4838383118931187e-12
20,1260.0,1260,32.70051607802532,32.700516078026816,16.673043831338717,0.0,32.70051679026943,7.12242613956961e-07,0.0,1.7708880454298347e-07,1.4942503746380544e-12
21,1320.0,1320,32.700516078024656,32.70051607802616,17.136301140662923,0.0,32.70051679026878,7.122426168177935e-07,0.0,1.770888034246556e-07,1.5035358725219958e-12
22,1380.0,1380,32.700516078024,32.70051607802551,17.599558449987132,0.0,32.70051679026813,7.122426196075108e-07,0.0,1.7708880237010493e-07,1.5123139996591759e-12
23,1440.0,1440,32.70051607802337,32.70051607802489,18.062815759311327,0.0,32.70051679026751,7.122426223273597e-07,0.0,1.7708880136023348e-07,1.5209176836176422e-12
24,1500.0,1500,32.700516078022744,32.70051607802427,18.52607306863552,0.0,32.700516790266896,7.122426249794699e-07,0.0,1.7708880038429987e-07,1.5294729361571194e-12
25,1560.0,1560,32.700516078022126,32.700516078023675,18.989330377959696,0.0,32.7005167902663,7.122426275666426e-07,0.0,1.770887994370616e-07,1.5379816608690525e-12
26,1620.0,1620,32.700516078021536,32.700516078023085,19.452587687283867,0.0,32.700516790265716,7.122426300921195e-07,0.0,1.7708879851646184e-07,1.5463863879039371e-12
27,1680.0,1680,32.70051607802095,32.70051607802251,19.915844996608037,0.0,32.70051679026514,7.122426325593417e-07,0.0,1.770887976220137e-07,1.5546142541606052e-12
28,1740.0,1740,32.70051607802038,32.70051607802194,20.379102305932197,0.0,32.70051679026458,7.122426349717587e-07,0.0,1.7708879675381827e-07,1.562599833132876e-12
29,1800.0,1800,32.70051607801982,32.70051607802139,20.84235961525633,0.0,32.700516790264025,7.122426373326956e-07,0.0,1.770887959120338e-07,1.570295669983444e-12
30,1860.0,1860,32.70051607801926,32.70051607802084,21.305616924580487,0.0,32.700516790263485,7.122426396452489e-07,0.0,1.770887950966433e-07,1.5776731503472005e-12
31,1920.0,1920,32.70051607801872,32.70051607802031,21.768874233904608,0.0,32.70051679026295,7.12242641912218e-07,0.0,1.770887943073834e-07,1.5847201023981686e-12
32,1980.0,1980,32.70051607801819,32.70051607801978,22.232131543228743,0.0,32.70051679026243,7.122426441360952e-07,0.0,1.7708879354375086e-07,1.5914368920936108e-12
33,2040.0,2040,32.70051607801767,32.70051607801927,22.695388852552853,0.0,32.700516790261915,7.122426463190546e-07,0.0,1.7708879280504949e-07,1.5978324147517577e-12
34,2100.0,2100,32.70051607801716,32.70051607801876,23.15864616187697,0.0,32.70051679026141,7.122426484629636e-07,0.0,1.7708879209043722e-07,1.6039208253380268e-12
35,2160.0,2160,32.700516078016655,32.70051607801827,23.621903471201062,0.0,32.70051679026092,7.122426505694192e-07,0.0,1.770887913989739e-07,1.6097193025993072e-12
36,2220.0,2220,32.700516078016165,32.70051607801778,24.08516078052516,0.0,32.70051679026043,7.122426526397735e-07,0.0,1.7708879072966365e-07,1.6152459753943587e-12
37,2280.0,2280,32.700516078015674,32.7005160780173,24.54841808984925,0.0,32.700516790259954,7.122426546751674e-07,0.0,1.7708879008147905e-07,1.6205192587533585e-12
38,2340.0,2340,32.7005160780152,32.700516078016825,25.01167539917334,0.0,32.700516790259485,7.122426566765736e-07,0.0,1.7708878945339035e-07,1.6255569404475828e-12
39,2400.0,2400,32.70051607801473,32.70051607801636,25.474932708497413,0.0,32.700516790259016,7.122426586448225e-07,0.0,1.7708878884438116e-07,1.6303757434604724e-12
40,2460.0,2460,32.70051607801427,32.7005160780159,25.93819001782148,0.0,32.70051679025856,7.122426605806274e-07,0.0,1.7708878825345328e-07,1.6349913949301669e-12
41,2520.0,2520,32.70051607801381,32.700516078015454,26.401447327145547,0.0,32.70051679025812,7.122426624846268e-07,0.0,1.7708878767964166e-07,1.639418490062767e-12
42,2580.0,2580,32.70051607801337,32.70051607801501,26.864704636469604,0.0,32.70051679025767,7.122426643573915e-07,0.0,1.7708878712201232e-07,1.6436704427058869e-12
43,2640.0,2640,32.700516078012924,32.70051607801458,27.327961945793657,0.0,32.70051679025725,7.12242666199458e-07,0.0,1.7708878657966443e-07,1.64775936190206e-12
44,2700.0,2700,32.7005160780125,32.700516078014154,27.791219255117703,0.0,32.70051679025682,7.122426680113376e-07,0.0,1.77088786051727e-07,1.6516965220104418e-12
45,2760.0,2760,32.70051607801207,32.70051607801373,28.25447656444173,0.0,32.7005167902564,7.122426697935396e-07,0.0,1.770887855373563e-07,1.6554921542444064e-12
46,2820.0,2820,32.70051607801165,32.700516078013315,28.717733873765773,0.0,32.70051679025599,7.122426715465869e-07,0.0,1.7708878503573427e-07,1.6591548311039213e-12
47,2880.0,2880,32.70051607801124,32.7005160780129,29.180991183089798,0.0,32.70051679025558,7.122426732710271e-07,0.0,1.7708878454605042e-07,1.6626928520174472e-12
48,2940.0,2940,32.700516078010835,32.700516078012505,29.644248492413826,0.0,32.70051679025518,7.122426749674474e-07,0.0,1.7708878406751116e-07,1.6661125545964255e-12
49,3000.0,3000,32.70051607801044,32.70051607801211,30.10750580173784,0.0,32.70051679025478,7.12242676636493e-07,0.0,1.7708878359931886e-07,1.6694193639551906e-12
50,3060.0,3060,32.70051607801005,32.70051607801172,30.57076311106185,0.0,32.7005167902544,7.122426782788755e-07,0.0,1.770887831406714e-07,1.6726167831848911e-12
51,3120.0,3120,32.700516078009656,32.70051607801133,31.03402042038586,0.0,32.700516790254014,7.122426798953894e-07,0.0,1.7708878269074762e-07,1.6757069539071602e-12
52,3180.0,3180,32.70051607800928,32.700516078010956,31.497277729709857,0.0,32.70051679025364,7.122426814869287e-07,0.0,1.7708878224870643e-07,1.6786896398574617e-12
53,3240.0,3240,32.7005160780089,32.70051607801058,31.960535039033854,0.0,32.70051679025326,7.122426830544907e-07,0.0,1.7708878181367544e-07,1.6815624859097263e-12
54,3300.0,3300,32.70051607800853,32.70051607801021,32.42379234835784,0.0,32.7005167902529,7.122426845991786e-07,0.0,1.7708878138475104e-07,1.6843202710809358e-12
55,3360.0,3360,32.70051607800817,32.700516078009855,32.88704965768182,0.0,32.700516790252536,7.122426861222223e-07,0.0,1.7708878096099604e-07,1.6869549291717305e-12
56,3420.0,3420,32.70051607800781,32.7005160780095,33.350306967005814,0.0,32.70051679025219,7.12242687624947e-07,0.0,1.7708878054145096e-07,1.6894551845260359e-12
57,3480.0,3480,32.70051607800745,32.700516078009144,33.813564276329785,0.0,32.70051679025184,7.122426891087779e-07,0.0,1.7708878012515092e-07,1.6918066408105565e-12
58,3540.0,3540,32.700516078007105,32.7005160780088,34.27682158565375,0.0,32.70051679025149,7.122426905751857e-07,0.0,1.7708877971116383e-07,1.6939926380313998e-12
59,3600.0,3600,32.700516078006764,32.700516078008455,34.740078894977714,0.0,32.70051679025114,7.122426920256481e-07,0.0,1.7708877929865386e-07,1.6959955156262591e-12
60,3660.0,3660,32.70051607800642,32.70051607800812,35.20333620430167,0.0,32.700516790250816,7.122426934615647e-07,0.0,1.7708877888697886e-07,1.6977998634015297e-12
61,3720.0,3720,32.70051607800609,32.70051607800779,35.66659351362562,0.0,32.70051679025048,7.122426948841621e-07,0.0,1.770887784758451e-07,1.6993969449293348e-12
62,3780.0,3780,32.700516078005755,32.70051607800746,36.12985082294956,0.0,32.700516790250155,7.122426962943503e-07,0.0,1.7708877806551855e-07,1.7007924161089018e-12
63,3840.0,3840,32.700516078005435,32.700516078007134,36.593108132273514,0.0,32.70051679024983,7.122426976925821e-07,0.0,1.7708877765711738e-07,1.7020154474629147e-12
64,3900.0,3900,32.700516078005116,32.700516078006814,37.05636544159746,0.0,32.700516790249516,7.122426990786681e-07,0.0,1.7708877725296823e-07,1.7031299454367465e-12
65,3960.0,3960,32.70051607800479,32.7005160780065,37.519622750921386,0.0,32.700516790249196,7.122427004516224e-07,0.0,1.770887768569892e-07,1.7042428258925653e-12
66,4020.0,4020,32.700516078004476,32.70051607800619,37.98288006024532,0.0,32.700516790248884,7.122427018095385e-07,0.0,1.770887764749884e-07,1.7055045134949472e-12
67,4080.0,4080,32.70051607800417,32.70051607800588,38.44613736956924,0.0,32.70051679024858,7.122427031495718e-07,0.0,1.7708877611467316e-07,1.7070902461076524e-12
68,4140.0,4140,32.70051607800387,32.70051607800558,38.909394678893165,0.0,32.70051679024828,7.122427044680917e-07,0.0,1.7708877578502009e-07,1.7091426467790436e-12
69,4200.0,4200,32.70051607800357,32.70051607800528,39.37265198821708,0.0,32.70051679024799,7.122427057611271e-07,0.0,1.7708877549445004e-07,1.7116532106584172e-12
70,4260.0,4260,32.700516078003275,32.70051607800499,39.835909297540994,0.0,32.7005167902477,7.122427070251924e-07,0.0,1.7708877524704897e-07,1.7142492643264746e-12
71,4320.0,4320,32.700516078002984,32.7005160780047,40.29916660686491,0.0,32.70051679024741,7.122427082585644e-07,0.0,1.770887750359098e-07,1.7158677138832824e-12
72,4380.0,4380,32.70051607800271,32.70051607800442,40.762423916188816,0.0,32.70051679024713,7.12242709463019e-07,0.0,1.7708877483287173e-07,1.714369596860303e-12
73,4440.0,4440,32.70051607800242,32.700516078004135,41.225681225512716,0.0,32.700516790246844,7.122427106458568e-07,0.0,1.7708877457559328e-07,1.706333432673246e-12
74,4500.0,4500,32.70051607800216,32.700516078003844,41.68893853483661,0.0,32.70051679024656,7.122427118219963e-07,0.0,1.7708877415745922e-07,1.6872818507914494e-12
75,4560.0,4560,32.700516078001904,32.700516078003545,42.15219584416051,0.0,32.70051679024626,7.122427130159086e-07,0.0,1.7708877342953464e-07,1.648877609072778e-12
76,4620.0,4620,32.700516078001655,32.70051607800318,42.615453153484395,0.0,32.7005167902459,7.1224271426367e-07,0.0,1.7708877216185688e-07,1.5303035827217142e-12
77,4680.0,4680,32.700516078001414,32.70051607800212,43.07871046280828,0.0,32.70051679024483,7.122427156165804e-07,0.0,1.7708876918780474e-07,7.037772442910117e-13
78,4740.0,4740,32.700516078001186,32.70051607799407,43.54196777213217,0.0,32.70051679023679,7.12242717150049e-07,0.0,1.770887529418233e-07,-7.115171704788302e-12
79,4800.0,4800,32.70051607800098,32.700516077916866,44.00522508145592,0.0,32.70051679015959,7.122427189836481e-07,0.0,1.7708860712020674e-07,-8.410686221970174e-11
80,4860.0,4860,32.70051607800081,32.70051607715547,44.46848239077858,0.0,32.70051678939819,7.122427213119233e-07,0.0,1.7708717903137068e-07,-8.453416677134523e-10
81,4920.0,4920,32.70051607800071,32.70051606962167,44.93173970009046,0.0,32.7005167818644,7.122427243882327e-07,0.0,1.770730649318877e-07,-8.37903860160099e-09
82,4980.0,4980,32.700516078000646,32.70051599498316,45.394997009295594,0.0,32.70051670722589,7.12242728028457e-07,0.0,1.7693339168472966e-07,-8.301749220774922e-08
83,5040.0,5040,32.70051607799997,32.70051524943287,45.85825431744336,0.0,32.70051596167559,7.122427268284735e-07,0.0,1.7554975075974633e-07,-8.285671082911287e-07
84,5100.0,5100,32.700516077991644,32.700506777511706,46.321511615029166,0.0,32.70050748975436,7.122426502652263e-07,0.0,1.6174029514254826e-07,-9.300479934013625e-06
85,5160.0,5160,32.700520241762945,-258.96614524683156,46.78476879259608,300.0,4.2650260427045427e-07,258.96614567333415,0.0,6.732196235803484e-09,8.333334511405484
86,5220.0,5220,32.700520226910825,-258.9661451107603,42.46866637074874,300.0,4.443324581139416e-07,258.96614555509274,0.0,0.13888891525647828,8.333334662328886
87,5280.0,5280,32.700520210883035,-258.96614494357004,38.15256395112468,300.0,4.637174563807491e-07,258.9661454072875,0.0,0.27777782629611086,8.333334845546956
88,5340.0,5340,32.70052019353446,-258.9661447323799,33.83646153423868,300.0,4.84870057782632e-07,258.96614521725,0.0,0.4166667403893413,8.333335074085607
89,5400.0,5400,32.70052017469489,-258.9661444558207,29.520359120819617,300.0,5.0804350013326e-07,258.9661449638642,0.0,0.5555556582915184,8.333335369484415
90,5460.0,5460,32.70052015416349,-258.96614407557786,25.204256711951945,300.0,5.335418729537442e-07,258.96614460911974,0.0,0.69444458111697,8.333335770258648
91,5520.0,5520,32.700520131701694,-258.9661435152605,20.888154309357905,300.0,5.617335188716107e-07,258.96614407699406,0.0,0.8333335106219568,8.333336353037803
92,5580.0,5580,32.70052010702381,-258.96614259702505,16.572051916032,300.0,5.930689404648616e-07,258.966143190094,0.0,0.9722224498398859,8.33333729595113
93,5640.0,5640,32.70052007978487,-258.96614078809836,12.255949537931699,300.0,6.281050609477858e-07,258.9661414162034,0.0,1.111111404773014,8.33333913211677
94,5700.0,5700,32.70052004956435,-258.96613542622754,7.939847189892574,300.0,6.675386855141834e-07,258.96613609376624,0.0,1.250000390308848,8.333344524208107
95,5760.0,5760,32.70052001584751,-217.4246134699065,3.6237449311193823,300.0,7.122458075154886e-07,217.42461418215234,0.0,1.3888894657128286,49.874866514245966
96,5820.0,5820,32.70051997798095,-1.1461611134569155e-05,1.371506439701356e-06,300.0,7.574080917239863e-07,1.2219019234240065e-05,0.0,2.2201372409507387,267.2994685604079
97,5880.0,5880,32.70051993515804,-5.377486123949836e-06,1.1785854787104219e-06,90.0,8.075708755441443e-07,6.185057006802017e-06,0.0,6.675128383624652,57.29947468735585
98,5940.0,5940,32.70051983015319,-2.050694473527124e-06,1.086941103489272e-06,0.0,9.405020781785763e-07,2.9911965576882142e-06,0.0,7.630119628414322,-32.70052188084766
99,6000.0,6000,32.700519764815354,-1.4070279273592712e-06,1.0504108601136807e-06,0.0,1.0175741407292198e-06,2.424602073427991e-06,0.0,7.085110930400556,-32.70052117184328
100,6060.0,6060,32.7005196878844,-9.321535696167761e-07,1.0244156715603903e-06,0.0,1.107980738044405e-06,2.0401343123621508e-06,0.0,6.5401022442035,-32.70052062003797
101,6120.0,6120,32.70051959597447,-5.461759416266565e-07,1.0061090272595394e-06,0.0,1.2156408508754033e-06,1.7618167965072217e-06,0.0,5.995093567203143,-32.70052014215041
102,6180.0,6180,32.70051948423895,-2.0464265949220576e-07,9.939662093377417e-07,0.0,1.3461566923680637e-06,1.5507993552117677e-06,0.0,5.450084898167548,-32.700519688881606
103,6240.0,6240,32.7005193454876,1.226999418903211e-07,9.871893642245224e-07,0.0,1.5078382087040691e-06,1.385138269560243e-06,0.0,4.9050762366863925,-32.700519222787655
104,6300.0,6300,32.700519168575035,4.6207939134934676e-07,9.85464085988417e-07,0.0,1.7135749210177519e-06,1.2514955318184274e-06,0.0,4.360067582973428,-32.700518706495636
105,6360.0,6360,32.70051893524766,8.432159309560243e-07,9.888808635542997e-07,0.0,1.984507833706744e-06,1.141291904191579e-06,0.0,3.815058937865292,-32.70051809203172
106,6420.0,6420,32.700518613402,1.309157496577603e-06,9.979726628897558e-07,0.0,2.3579110857688376e-06,1.0487535899993834e-06,0.0,3.2700503029981802,-32.7005173042445
107,6480.0,6480,32.700518140874166,1.936406861169905e-06,1.0138967221232872e-06,0.0,2.9062531654058595e-06,9.69846304437855e-07,0.0,2.725041681260819,-32.700516204467306
108,6540.0,6540,32.70051737950188,2.890038065626102e-06,1.0389041467877223e-06,0.0,3.7916955061805112e-06,9.016574401030423e-07,0.0,2.18003307785304,-32.700514489463814
109,6600.0,6600,32.70051594786276,4.625546643008963e-06,1.0775918662864223e-06,0.0,5.467562892075169e-06,8.420162478911086e-07,0.0,1.635024503028607,-32.700511322316125
110,6660.0,6660,32.7005122649396,9.079293463998117e-06,1.141015084647044e-06,0.0,9.868530866023972e-06,7.892374002368288e-07,0.0,1.0900159809899486,-32.700503185646134
111,6720.0,6720,32.70048147967172,5.325911130965716e-05,1.2676649920621943e-06,0.0,5.400098745473056e-05,7.418761425577124e-07,0.0,0.5450075945624109,-32.70042822056042
112,6780.0,6780,27.452119401856464,27.452104318440437,2.0203140107109602e-06,0.0,27.45210505091421,7.324737679412601e-07,0.0,4.5755293181626623e-07,-1.5083416021490414e-05
113,6840.0,6840,26.92460551148386,26.924603945472278,0.38890682966015927,0.0,26.92460467794624,7.324739631136622e-07,0.0,2.0616259680402385e-07,-1.5660115889219522e-06
114,6900.0,6900,26.44819028393619,26.448190123591985,0.7703387170559265,0.0,26.448190856066013,7.324740294243871e-07,0.0,1.8006238604084863e-07,-1.6034420200565322e-07
115,6960.0,6960,26.050551944776906,26.050551928550576,1.1450214086417239,0.0,26.050552661024646,7.324740706115107e-07,0.0,1.7738996848231503e-07,-1.622633181095447e-08
116,7020.0,7020,25.717009823643078,25.71700982200104,1.5140708924644346,0.0,25.71701055447514,7.324741033378429e-07,0.0,1.7711951770807342e-07,-1.6420379810323677e-09
117,7080.0,7080,25.428043572172484,25.42804357200485,1.878395196444361,0.0,25.428044304478977,7.324741316683523e-07,0.0,1.770921387783409e-07,-1.6763673337407384e-10
118,7140.0,7140,25.16905422770033,25.169054227682274,2.2386258118826747,0.0,25.16905496015643,7.324741569551124e-07,0.0,1.770893317904288e-07,-1.8056862056400908e-11
119,7200.0,7200,24.93104257893686,24.931042578934424,2.595187411609752,0.0,24.931043311408605,7.32474179858592e-07,0.0,1.7708901635288405e-07,-2.437938808417438e-12
120,7260.0,7260,24.708994281901614,24.708994281901113,2.948377179646236,0.0,24.708995014375315,7.324742008454129e-07,0.0,1.7708896041561696e-07,-4.964308651329703e-13
121,7320.0,7320,24.50001391362448,24.500013913624418,3.2984212634747476,0.0,24.500014646098638,7.324742202768534e-07,0.0,1.770889365015745e-07,-5.911932878108243e-14
122,7380.0,7380,24.30222119609585,24.302221196095992,3.645504792086006,0.0,24.302221928570226,7.324742384254237e-07,0.0,1.7708891971253317e-07,1.4686249641874357e-13
123,7440.0,7440,24.114257786884384,24.114257786884664,3.9897862571989453,0.0,24.11425851935892,7.324742554933306e-07,0.0,1.7708890618077034e-07,2.850497510256106e-13
124,7500.0,7500,23.935070679079868,23.935070679080262,4.331404907348057,0.0,23.935071411554535,7.324742716325433e-07,0.0,1.770888947110236e-07,3.923230198272236e-13
125,7560.0,7560,23.76380078142771,23.763800781428195,4.670485073469941,0.0,23.76380151390248,7.324742869604673e-07,0.0,1.7708888473752745e-07,4.821573124660303e-13
126,7620.0,7620,23.599718636720517,23.59971863672108,5.007138916041753,0.0,23.599719369195377,7.324743015704009e-07,0.0,1.7708887595304076e-07,5.599589917515572e-13
127,7680.0,7680,23.442187578832616,23.442187578833238,5.3414682615635485,0.0,23.442188311307557,7.32474315538235e-07,0.0,1.7708886816990782e-07,6.278402508048339e-13
128,7740.0,7740,23.290643594203136,23.290643594203825,5.673565917098599,0.0,23.29064432667815,7.324743289269145e-07,0.0,1.7708886125370032e-07,6.867716132247798e-13
129,7800.0,7800,23.144584312788247,23.144584312788986,6.003516699518068,0.0,23.144585045263327,7.324743417896136e-07,0.0,1.7708885509353587e-07,7.37503093548041e-13
130,7860.0,7860,23.00356225973794,23.00356225973872,6.331398308784157,0.0,23.003562992213073,7.324743541719837e-07,0.0,1.7708884959106328e-07,7.80860244223034e-13
131,7920.0,7920,22.867179745569036,22.867179745569857,6.657282105632036,0.0,22.86718047804422,7.324743661137832e-07,0.0,1.7708884465769776e-07,8.177633828268509e-13
132,7980.0,7980,22.73508423968025,22.7350842396811,6.981233816862524,0.0,22.735084972155477,7.324743776500555e-07,0.0,1.7708884021461714e-07,8.491570881672367e-13
133,8040.0,8040,22.60696385353603,22.606963853536907,7.303314175092918,0.0,22.606964586011294,7.324743888119265e-07,0.0,1.7708883619307337e-07,8.759369022076572e-13
134,8100.0,8100,22.482542903522997,22.4825429035239,7.623579494519605,0.0,22.482543635998297,7.324743996271889e-07,0.0,1.770888325342217e-07,8.989012260494696e-13
135,8160.0,8160,22.361577638377575,22.361577638378492,7.942082183821108,0.0,22.361578370852904,7.32474410120746e-07,0.0,1.770888291884124e-07,9.187310387422008e-13
136,8220.0,8220,22.24385222889635,22.24385222889729,8.25887119853305,0.0,22.243852961371704,7.324744203149302e-07,0.0,1.770888261141347e-07,9.359895372331663e-13
137,8280.0,8280,22.129175093457224,22.12917509345817,8.573992436610675,0.0,22.129175825932602,7.32474430229796e-07,0.0,1.7708882327683625e-07,9.511333936242354e-13
138,8340.0,8340,22.017375600438207,22.01737560043917,8.887489081936247,0.0,22.017376332913614,7.324744398833419e-07,0.0,1.7708882064776256e-07,9.645286672254778e-13
139,8400.0,8400,21.908301159500148,21.908301159501125,9.199401901110717,0.0,21.908301891975572,7.324744492917328e-07,0.0,1.7708881820291207e-07,9.76467546490353e-13
140,8460.0,8460,21.801814691750508,21.801814691751492,9.509769499038564,0.0,21.80181542422595,7.324744584694879e-07,0.0,1.7708881592213888e-07,9.871834034809763e-13
141,8520.0,8520,21.697792453952196,21.6977924539532,9.81862853867329,0.0,21.697793186427663,7.324744674296833e-07,0.0,1.77088813788409e-07,9.968637076085601e-13
142,8580.0,8580,21.59612218337861,21.596122183379617,10.126013929939207,0.0,21.596122915854092,7.324744761840813e-07,0.0,1.7708881178720043e-07,1.0056602918758914e-12
143,8640.0,8640,21.496701526157885,21.4967015261589,10.431958992371998,0.0,21.496702258633384,7.32474484743311e-07,0.0,1.7708880990602416e-07,1.01369725716601e-12
144,8700.0,8700,21.399436711640448,21.39943671164147,10.736495595494164,0.0,21.399437444115964,7.324744931169955e-07,0.0,1.7708880813404275e-07,1.0210775661831204e-12
145,8760.0,8760,21.304241437093832,21.30424143709486,11.039654280410666,0.0,21.30424216956936,7.324745013138701e-07,0.0,1.7708880646177977e-07,1.027887068796211e-12
146,8820.0,8820,21.211035930234683,21.211035930235717,11.341464365604423,0.0,21.211036662710224,7.324745093419055e-07,0.0,1.770888048808792e-07,1.0341985271068994e-12
147,8880.0,8880,21.119746160792275,21.119746160793312,11.64195403945101,0.0,21.11974689326783,7.324745172083843e-07,0.0,1.7708880338392994e-07,1.0400736236726065e-12
148,8940.0,8940,21.03030317613908,21.03030317614012,11.941150441563833,0.0,21.030303908614645,7.324745249200041e-07,0.0,1.7708880196431567e-07,1.0455654083415784e-12
149,9000.0,9000,20.942642539761867,20.942642539762918,12.239079734727397,0.0,20.94264327223745,7.32474532482931e-07,0.0,1.770888006161022e-07,1.050719571237225e-12
150,9060.0,9060,20.856703854680966,20.85670385468202,12.53576716887562,0.0,20.85670458715656,7.324745399028869e-07,0.0,1.770887993339459e-07,1.0555754413452757e-12
151,9120.0,9120,20.772430356997738,20.772430356998797,12.83123713831853,0.0,20.772431089473347,7.324745471851725e-07,0.0,1.7708879811301856e-07,1.0601670104766203e-12
152,9180.0,9180,20.68976856726923,20.689768567270296,13.125513233210928,0.0,20.689769299744846,7.324745543347427e-07,0.0,1.7708879694894174e-07,1.0645236086052357e-12
153,9240.0,9240,20.608667989656734,20.6086679896578,13.418618286082173,0.0,20.60866872213236,7.324745613562256e-07,0.0,1.7708879583773806e-07,1.0686706628728395e-12
154,9300.0,9300,20.52908085061949,20.529080850620566,13.710574414103906,0.0,20.52908158309513,7.324745682539622e-07,0.0,1.7708879477578763e-07,1.0726298654610456e-12
155,9360.0,9360,20.450961870508497,20.45096187050957,14.001403057655946,0.0,20.450962602984145,7.324745750320411e-07,0.0,1.7708879375978738e-07,1.0764200397174273e-12
156,9420.0,9420,20.37426806256744,20.37426806256852,14.29112501565641,0.0,20.374268795043104,7.324745816943065e-07,0.0,1.7708879278672112e-07,1.0800570823816086e-12
157,9480.0,9480,20.298958555000645,20.29895855500173,14.57976047804438,0.0,20.29895928747632,7.324745882443986e-07,0.0,1.7708879185382812e-07,1.0835547861471002e-12
158,9540.0,9540,20.224994432486344,20.22499443248743,14.86732905574182,0.0,20.224995164962024,7.324745946857581e-07,0.0,1.7708879095857997e-07,1.0869247168681858e-12
159,9600.0,9600,20.15233859429822,20.152338594299312,15.153849808370305,0.0,20.152339326773912,7.324746010216442e-07,0.0,1.770887900986552e-07,1.0901768963056399e-12
160,9660.0,9660,20.08095562660473,20.08095562660582,15.439341269957795,0.0,20.080956359080428,7.324746072551531e-07,0.0,1.7708878927192318e-07,1.0933197172183209e-12
161,9720.0,9720,20.010811687084118,20.01081168708522,15.723821472836292,0.0,20.01081241955983,7.324746133892244e-07,0.0,1.7708878847642284e-07,1.0963602833751653e-12
162,9780.0,9780,19.94187440022326,19.94187440022436,16.007307969904915,0.0,19.94187513269898,7.324746194266485e-07,0.0,1.770887877103465e-07,1.0993048115391737e-12
163,9840.0,9840,19.874112762021703,19.874112762022804,16.289817855409673,0.0,19.874113494497433,7.324746253700925e-07,0.0,1.7708878697202795e-07,1.1021583808483247e-12
164,9900.0,9900,19.807497053008795,19.8074970530099,16.571367784373244,0.0,19.807497785484532,7.324746312220854e-07,0.0,1.7708878625992537e-07,1.1049256523945277e-12
165,9960.0,9960,19.741998758608133,19.741998758609242,16.851973990792466,0.0,19.741999491083877,7.32474636985041e-07,0.0,1.7708878557261444e-07,1.1076103245779959e-12
166,10020.0,10020,19.677590496148525,19.677590496149637,17.13165230470768,0.0,19.67759122862428,7.324746426612632e-07,0.0,1.7708878490877298e-07,1.110215949960595e-12
167,10080.0,10080,19.61424594778466,19.614245947785772,17.41041816823805,0.0,19.614246680260422,7.324746482529469e-07,0.0,1.7708878426717612e-07,1.1127453569282932e-12
168,10140.0,10140,19.551939798776036,19.551939798777155,17.688286650666594,0.0,19.551940531251805,7.324746537621883e-07,0.0,1.770887836466815e-07,1.1152013748150879e-12
169,10200.0,10200,19.490647680608962,19.490647680610078,17.96527246265085,0.0,19.490648413084738,7.324746591909899e-07,0.0,1.7708878304622863e-07,1.1175863874160452e-12
170,10260.0,10260,19.430346118515885,19.430346118517004,18.241389969627743,0.0,19.43034685099167,7.324746645412619e-07,0.0,1.770887824648269e-07,1.1199026932681395e-12
171,10320.0,10320,19.371012482983417,19.37101248298454,18.51665320447498,0.0,19.37101321545921,7.32474669814835e-07,0.0,1.7708878190155207e-07,1.1221522729890938e-12
172,10380.0,10380,19.312624944911764,19.31262494491289,18.79107587948551,0.0,19.312625677387565,7.324746750134567e-07,0.0,1.7708878135553806e-07,1.1243373174801482e-12
173,10440.0,10440,19.255162434058565,19.255162434059695,19.064671397706693,0.0,19.255163166534373,7.32474680138799e-07,0.0,1.7708878082597595e-07,1.1264596408618916e-12
174,10500.0,10500,19.198604600538843,19.198604600539973,19.33745286369079,0.0,19.198605333014655,7.324746851924593e-07,0.0,1.7708878031210472e-07,1.1285211051456163e-12
175,10560.0,10560,19.142931779035383,19.142931779036513,19.60943309370002,0.0,19.1429325115112,7.324746901759706e-07,0.0,1.7708877981321058e-07,1.1305235379925115e-12
176,10620.0,10620,19.088124955569942,19.08812495557107,19.880624625404618,0.0,19.088125688045768,7.324746950908022e-07,0.0,1.770887793286218e-07,1.132468819682661e-12
177,10680.0,10680,19.03416573653659,19.034165736537723,20.151039727110124,0.0,19.034166469012423,7.324746999383607e-07,0.0,1.7708877885770728e-07,1.1343585411625162e-12
178,10740.0,10740,18.981036319835763,18.9810363198369,20.42069040654599,0.0,18.981037052311603,7.324747047199899e-07,0.0,1.7708877839986953e-07,1.1361945839202035e-12
179,10800.0,10800,18.928719467941445,18.928719467942585,20.68958841924526,0.0,18.928720200417292,7.324747094369887e-07,0.0,1.7708877795454625e-07,1.1379786483047432e-12
180,10860.0,10860,18.877198482684598,18.87719848268574,20.957745276542695,0.0,18.877199215160452,7.324747140905989e-07,0.0,1.770887775212065e-07,1.1397123467288413e-12
181,10920.0,10920,18.826457181676258,18.8264571816774,21.22517225321566,0.0,18.82645791415212,7.324747186820073e-07,0.0,1.7708877709934655e-07,1.1413975143172703e-12
182,10980.0,10980,18.77647987616243,18.776479876163574,21.491880394791007,0.0,18.776480608638295,7.324747232123674e-07,0.0,1.7708877668849237e-07,1.1430356249972828e-12
183,11040.0,11040,18.727251350250476,18.72725135025162,21.757880524538237,0.0,18.72725208272635,7.32474727682774e-07,0.0,1.7708877628819135e-07,1.144628519580284e-12
184,11100.0,11100,18.67875684134021,18.678756841341357,22.02318325016838,0.0,18.67875757381609,7.324747320942907e-07,0.0,1.7708877589801748e-07,1.1461776631905703e-12
185,11160.0,11160,18.630982021718307,18.63098202171945,22.287798970255636,0.0,18.63098275419419,7.324747364479339e-07,0.0,1.7708877551756554e-07,1.1476846685570624e-12
186,11220.0,11220,18.583912981177296,18.583912981178447,22.551737880398246,0.0,18.583913713653185,7.324747407446876e-07,0.0,1.77088775146449e-07,1.149151085246196e-12
187,11280.0,11280,18.537536210594983,18.53753621059613,22.815009979133187,0.0,18.53753694307088,7.324747449854993e-07,0.0,1.7708877478430376e-07,1.1505784303017247e-12
188,11340.0,11340,18.491838586421906,18.491838586423057,23.07762507361821,0.0,18.49183931889781,7.32474749171277e-07,0.0,1.770887744307809e-07,1.1519681760302237e-12
189,11400.0,11400,18.446807355957233,18.446807355958388,23.339592785094123,0.0,18.44680808843314,7.324747533029043e-07,0.0,1.7708877408555062e-07,1.153321732111574e-12
190,11460.0,11460,18.40243012344174,18.40243012344289,23.60092255413845,0.0,18.40243085591765,7.324747573812291e-07,0.0,1.7708877374829792e-07,1.1546404946348582e-12
191,11520.0,11520,18.358694836802254,18.35869483680341,23.86162364572214,0.0,18.358695569278172,7.324747614070718e-07,0.0,1.7708877341872312e-07,1.1559258358549822e-12
192,11580.0,11580,18.315589775093198,18.31558977509436,24.12170515407843,0.0,18.315590507569123,7.324747653812219e-07,0.0,1.7708877309654135e-07,1.1571789634982272e-12
193,11640.0,11640,18.273103536546316,18.273103536547477,24.38117600739385,0.0,18.273104269022244,7.324747693044474e-07,0.0,1.7708877278147966e-07,1.1584011926080562e-12
194,11700.0,11700,18.231225027195517,18.231225027196675,24.640044972329857,0.0,18.231225759671453,7.324747731774906e-07,0.0,1.770887724732783e-07,1.1595937694279107e-12
195,11760.0,11760,18.189943450030206,18.189943450031368,24.89832065838339,0.0,18.189944182506142,7.324747770010639e-07,0.0,1.770887721716909e-07,1.1607577597358095e-12
196,11820.0,11820,18.149248294678642,18.149248294679804,25.156011522093753,0.0,18.149249027154585,7.324747807758632e-07,0.0,1.7708877187648107e-07,1.1618943054732904e-12
197,11880.0,11880,18.109129327555763,18.109129327556925,25.4131258711033,0.0,18.10913006003171,7.324747845025633e-07,0.0,1.770887715874226e-07,1.1630044855079832e-12
198,11940.0,11940,18.069576582443432,18.069576582444594,25.669671868078606,0.0,18.069577314919382,7.324747881818085e-07,0.0,1.7708877130430055e-07,1.1640892920019908e-12
199,12000.0,12000,18.030580351516022,18.030580351517187,25.925657534498153,0.0,18.03058108399198,7.324747918142365e-07,0.0,1.7708877102690917e-07,1.16514967147343e-12
200,12060.0,12060,17.992131176747797,17.992131176748963,26.181090754312898,0.0,17.992131909223755,7.324747954004554e-07,0.0,1.770887707550509e-07,1.166186660198092e-12
201,12120.0,12120,17.954219841707623,17.95421984170879,26.43597927748509,0.0,17.95422057418359,7.324747989410601e-07,0.0,1.770887704885386e-07,1.1672009958481427e-12
202,12180.0,12180,17.916837363698466,17.91683736369963,26.690330723410877,0.0,17.916838096174434,7.32474802436629e-07,0.0,1.770887702271912e-07,1.1681936856049478e-12
203,12240.0,12240,17.879974986235705,17.879974986236874,26.94415258423154,0.0,17.87997571871168,7.324748058877191e-07,0.0,1.7708876997083734e-07,1.1691654002028514e-12
204,12300.0,12300,17.843624171841196,17.843624171842368,27.19745222803814,0.0,17.843624904317178,7.324748092948759e-07,0.0,1.7708876971931185e-07,1.1701169455646298e-12
205,12360.0,12360,17.807776595153893,17.80777659515506,27.450236901974158,0.0,17.80777732762988,7.324748126586266e-07,0.0,1.7708876947245538e-07,1.1710491059575626e-12
206,12420.0,12420,17.77242413629063,17.7724241362918,27.702513735240437,0.0,17.772424868766617,7.324748159794827e-07,0.0,1.770887692301182e-07,1.1719624692359666e-12
207,12480.0,12480,17.737558874525057,17.73755887452623,27.954289742006154,0.0,17.73755960700105,7.324748192579471e-07,0.0,1.7708876899215355e-07,1.1728577974820924e-12
208,12540.0,12540,17.703173082174548,17.70317308217572,28.205571824230187,0.0,17.70317381465054,7.324748224945014e-07,0.0,1.7708876875842264e-07,1.173735706830483e-12
209,12600.0,12600,17.669259218772254,17.669259218773426,28.456366774395928,0.0,17.669259951248254,7.32474825689621e-07,0.0,1.7708876852879273e-07,1.1745967066178157e-12
210,12660.0,12660,17.635809925443734,17.63580992544491,28.706681278163465,0.0,17.635810657919738,7.324748288437613e-07,0.0,1.7708876830313357e-07,1.1754414246464287e-12
211,12720.0,12720,17.602818019505044,17.60281801950622,28.956521916942187,0.0,17.602818751981054,7.324748319573729e-07,0.0,1.7708876808132346e-07,1.1762704737085132e-12
212,12780.0,12780,17.570276489297555,17.570276489298735,29.205895170386775,0.0,17.570277221773566,7.324748350308855e-07,0.0,1.7708876786324326e-07,1.1770842490582065e-12
213,12840.0,12840,17.538178489178062,17.53817848917924,29.454807418820085,0.0,17.53817922165408,7.324748380647305e-07,0.0,1.7708876764878031e-07,1.17788330915232e-12
214,12900.0,12900,17.506517334733143,17.506517334734323,29.70326494558504,0.0,17.50651806720916,7.324748410593142e-07,0.0,1.7708876743782356e-07,1.1786680682835953e-12
215,12960.0,12960,17.47528649816098,17.475286498162156,29.95127393932869,0.0,17.475287230637,7.324748440150421e-07,0.0,1.7708876723026888e-07,1.1794390197835502e-12
216,13020.0,13020,17.444479603817825,17.444479603819005,30.19884049622091,0.0,17.44448033629385,7.324748469323024e-07,0.0,1.7708876702601424e-07,1.1801965890786082e-12
217,13080.0,13080,17.414090423933473,17.414090423934656,30.44597062210993,0.0,17.414091156409505,7.324748498114778e-07,0.0,1.770887668249628e-07,1.1809410884788724e-12
218,13140.0,13140,17.384112874486902,17.384112874488082,30.69267023461725,0.0,17.384113606962934,7.324748526529376e-07,0.0,1.7708876662701995e-07,1.1816730502329346e-12
219,13200.0,13200,17.35454101123116,17.354541011232342,30.93894516517408,0.0,17.3545417437072,7.324748554570484e-07,0.0,1.7708876643209578e-07,1.1823927362232345e-12
220,13260.0,13260,17.325369025832185,17.325369025833368,31.184801161001452,0.0,17.325369758308227,7.324748582241576e-07,0.0,1.7708876624010393e-07,1.1831004668472485e-12
221,13320.0,13320,17.29659124218586,17.29659124218704,31.430243887035676,0.0,17.2965919746619,7.324748609546157e-07,0.0,1.7708876605095827e-07,1.1837966729408057e-12
222,13380.0,13380,17.268202112830945,17.26820211283213,31.675278927801575,0.0,17.268202845306995,7.324748636487511e-07,0.0,1.77088765864579e-07,1.184481604932396e-12
223,13440.0,13440,17.24019621549379,17.240196215494976,31.919911789234945,0.0,17.240196947969842,7.324748663068937e-07,0.0,1.7708876568088751e-07,1.185155605517391e-12
224,13500.0,13500,17.212568249759975,17.212568249761162,32.164147900456044,0.0,17.212568982236032,7.32474868929362e-07,0.0,1.770887654998085e-07,1.1858189041964557e-12
225,13560.0,13560,17.185313033834344,17.18531303383553,32.40799261549591,0.0,17.1853137663104,7.324748715164677e-07,0.0,1.7708876532126856e-07,1.1864718691928047e-12
226,13620.0,13620,17.158425501449116,17.158425501450303,32.651451214976824,0.0,17.15842623392518,7.324748740685143e-07,0.0,1.77088765145198e-07,1.1871146596453806e-12
227,13680.0,13680,17.131900698822168,17.131900698823358,32.894528907748956,0.0,17.131901431298235,7.324748765857922e-07,0.0,1.770887649715278e-07,1.1877476104618905e-12
228,13740.0,13740,17.10573378176308,17.105733781764272,33.13723083248387,0.0,17.105734514239153,7.324748790685955e-07,0.0,1.7708876480019215e-07,1.188370938021716e-12
229,13800.0,13800,17.079920012839985,17.079920012841175,33.37956205922712,0.0,17.079920745316056,7.324748815172034e-07,0.0,1.7708876463112859e-07,1.1889848910770495e-12
230,13860.0,13860,17.05445475865285,17.05445475865404,33.62152759091061,0.0,17.054455491128923,7.324748839318902e-07,0.0,1.7708876446427482e-07,1.1895896216691446e-12
231,13920.0,13920,17.02933348718686,17.02933348718805,33.86313236482646,0.0,17.02933421966294,7.324748863129224e-07,0.0,1.7708876429957046e-07,1.1901854616664374e-12
232,13980.0,13980,17.00455176525516,17.004551765256352,34.10438125406321,0.0,17.00455249773124,7.324748886605647e-07,0.0,1.7708876413695966e-07,1.1907725030345078e-12
233,14040.0,14040,16.980105256023528,16.98010525602472,34.345279068905924,0.0,16.98010598849961,7.324748909750662e-07,0.0,1.7708876397638459e-07,1.1913510448484494e-12
234,14100.0,14100,16.95598971658648,16.95598971658767,34.58583055820119,0.0,16.955990449062565,7.324748932566784e-07,0.0,1.7708876381779257e-07,1.1919212147739784e-12
235,14160.0,14160,16.932200995668584,16.932200995669778,34.82604041068777,0.0,16.932201728144673,7.324748955056457e-07,0.0,1.7708876366113054e-07,1.192483194067756e-12
236,14220.0,14220,16.908735031342463,16.908735031343657,35.06591325629467,0.0,16.908735763818555,7.324748977222009e-07,0.0,1.7708876350634832e-07,1.193037162889062e-12
237,14280.0,14280,16.88558784885095,16.885587848852143,35.30545366740696,0.0,16.885588581327042,7.324748999065775e-07,0.0,1.7708876335339582e-07,1.193583322957032e-12
238,14340.0,14340,16.86275555848123,16.862755558482423,35.544666160100604,0.0,16.862756290957325,7.324749020589964e-07,0.0,1.7708876320222564e-07,1.194121836031471e-12
239,14400.0,14400,16.84023435349836,16.840234353499554,35.78355519534736,0.0,16.84023508597446,7.324749041796822e-07,0.0,1.7708876305279238e-07,1.1946527998166435e-12
240,14460.0,14460,16.8180205081705,16.818020508171696,36.02212518019019,0.0,16.8180212406466,7.324749062688457e-07,0.0,1.7708876290504977e-07,1.195176422361598e-12
241,14520.0,14520,16.79611037579853,16.796110375799724,36.260380468890865,0.0,16.79611110827463,7.324749083266982e-07,0.0,1.7708876275895517e-07,1.1956928688600588e-12
242,14580.0,14580,16.774500386865245,16.774500386866443,36.49832536404961,0.0,16.774501119341355,7.324749103534417e-07,0.0,1.7708876261446636e-07,1.1962022023308618e-12
243,14640.0,14640,16.75318704719343,16.753187047194626,36.73596411769847,0.0,16.75318777966954,7.324749123492788e-07,0.0,1.770887624715414e-07,1.196704607717626e-12
244,14700.0,14700,16.732166936170742,16.73216693617194,36.97330093236865,0.0,16.732167668646852,7.324749143144026e-07,0.0,1.770887623301407e-07,1.1972002459254647e-12
245,14760.0,14760,16.71143670504086,16.711436705042058,37.210339962132664,0.0,16.711437437516974,7.32474916248998e-07,0.0,1.7708876219022604e-07,1.1976891796545132e-12
246,14820.0,14820,16.69099307523195,16.690993075233145,37.447085313622345,0.0,16.690993807708065,7.32474918153256e-07,0.0,1.770887620517593e-07,1.1981716194444721e-12
247,14880.0,14880,16.670832836722386,16.670832836723584,37.68354104702306,0.0,16.670833569198507,7.324749200273533e-07,0.0,1.7708876191470462e-07,1.198647563067391e-12
248,14940.0,14940,16.650952846485016,16.650952846486216,37.919711177044896,0.0,16.650953578961136,7.324749218714672e-07,0.0,1.7708876177902492e-07,1.1991172098199405e-12
249,15000.0,15000,16.631350026935845,16.631350026937046,38.1555996738717,0.0,16.631350759411973,7.324749236857699e-07,0.0,1.7708876164468677e-07,1.19958071182033e-12
250,15060.0,15060,16.61202136446908,16.61202136447028,38.391210464088225,0.0,16.612022096945207,7.324749254704261e-07,0.0,1.770887615116565e-07,1.200038052848092e-12
251,15120.0,15120,16.592963907992978,16.592963907994175,38.62654743158647,0.0,16.592964640469102,7.324749272256037e-07,0.0,1.7708876137990088e-07,1.2004894406672991e-12
252,15180.0,15180,16.574174767550108,16.57417476755131,38.861614418451296,0.0,16.57417550002624,7.324749289514568e-07,0.0,1.7708876124938843e-07,1.2009349307529667e-12
253,15240.0,15240,16.555651112933266,16.555651112934466,39.096415225826526,0.0,16.555651845409397,7.324749306481487e-07,0.0,1.770887611200878e-07,1.2013746403028048e-12
254,15300.0,15300,16.53739017237794,16.53739017237914,39.33095361476135,0.0,16.537390904854075,7.324749323158236e-07,0.0,1.7708876099196892e-07,1.2018086952677922e-12
255,15360.0,15360,16.519389231263922,16.519389231265126,39.565233307038305,0.0,16.51938996374006,7.324749339546306e-07,0.0,1.7708876086500297e-07,1.2022370986183172e-12
256,15420.0,15420,16.50164563087442,16.501645630875622,39.79925798598281,0.0,16.501646363350556,7.324749355647178e-07,0.0,1.7708876073916066e-07,1.202659995391213e-12
257,15480.0,15480,16.48415676717899,16.484156767180195,40.033031297255135,0.0,16.484157499655133,7.324749371462195e-07,0.0,1.7708876061441396e-07,1.2030775099233069e-12
258,15540.0,15540,16.466920089645367,16.466920089646568,40.266556849625104,0.0,16.466920822121505,7.324749386992788e-07,0.0,1.7708876049073598e-07,1.2034896853509755e-12
259,15600.0,15600,16.449933100109398,16.449933100110602,40.49983821573001,0.0,16.44993383258554,7.324749402240255e-07,0.0,1.7708876036810022e-07,1.2038966320507226e-12
260,15660.0,15660,16.433193351636813,16.433193351638018,40.73287893281649,0.0,16.43319408411296,7.324749417205913e-07,0.0,1.7708876024648173e-07,1.2042983451941514e-12
261,15720.0,15720,16.416698447456803,16.416698447458003,40.96568250346628,0.0,16.416699179932948,7.324749431891023e-07,0.0,1.7708876012585367e-07,1.2046950454328354e-12
262,15780.0,15780,16.400446039902437,16.400446039903645,41.198252396306856,0.0,16.40044677237859,7.324749446296803e-07,0.0,1.7708876000619298e-07,1.2050866629267688e-12
263,15840.0,15840,16.384433829380892,16.384433829382097,41.430592046707076,0.0,16.38443456185704,7.324749460424509e-07,0.0,1.7708875988747483e-07,1.205473389122556e-12
264,15900.0,15900,16.36865956338906,16.368659563390263,41.66270485745823,0.0,16.36866029586521,7.324749474275286e-07,0.0,1.7708875976967581e-07,1.2058552364680505e-12
265,15960.0,15960,16.35312103553515,16.353121035536358,41.89459419944118,0.0,16.353121768011306,7.324749487850252e-07,0.0,1.7708875965277373e-07,1.2062322388775763e-12
266,16020.0,16020,16.3378160845986,16.337816084599805,42.12626341227952,0.0,16.337816817074756,7.324749501150559e-07,0.0,1.7708875953674557e-07,1.2066046113967585e-12
267,16080.0,16080,16.322742593619097,16.32274259362031,42.3577158049796,0.0,16.322743326095257,7.324749514177261e-07,0.0,1.770887594215706e-07,1.206972248079165e-12
268,16140.0,16140,16.307898489005623,16.30789848900683,42.588954656557476,0.0,16.307899221481783,7.324749526931392e-07,0.0,1.7708875930722682e-07,1.207335284387156e-12
269,16200.0,16200,16.293281739666877,16.293281739668085,42.81998321665332,0.0,16.29328247214304,7.324749539414048e-07,0.0,1.7708875919369328e-07,1.2076937891577485e-12
270,16260.0,16260,16.278890356170002,16.27889035617121,43.05080470613353,0.0,16.278891088646166,7.324749551626147e-07,0.0,1.7708875908095007e-07,1.2080478583737562e-12
271,16320.0,16320,16.264722389936,16.26472238993721,43.28142231768088,0.0,16.264723122412164,7.324749563568727e-07,0.0,1.7708875896897808e-07,1.2083975010149382e-12
272,16380.0,16380,16.25077593242258,16.25077593242379,43.51183921637323,0.0,16.250776664898748,7.324749575242674e-07,0.0,1.7708875885775713e-07,1.2087427786683155e-12
273,16440.0,16440,16.23704911436175,16.237049114362957,43.742058540250824,0.0,16.23704984683792,7.324749586648928e-07,0.0,1.7708875874726827e-07,1.209083730662757e-12
274,16500.0,16500,16.223540105006897,16.223540105008105,43.972083400872556,0.0,16.223540837483068,7.324749597788379e-07,0.0,1.7708875863749293e-07,1.2094204810561806e-12
275,16560.0,16560,16.210247111407188,16.2102471114084,44.201916883861756,0.0,16.210247843883362,7.324749608661878e-07,0.0,1.7708875852841338e-07,1.2097530359877134e-12
276,16620.0,16620,16.197168377684662,16.197168377685873,44.43156204944162,0.0,16.197169110160836,7.324749619270298e-07,0.0,1.77088758420012e-07,1.2100814709707084e-12
277,16680.0,16680,16.18430218434136,16.184302184342567,44.661021932960416,0.0,16.18430291681753,7.32474962961438e-07,0.0,1.7708875831227127e-07,1.210405785612737e-12
278,16740.0,16740,16.171646847601064,16.171646847602275,44.890299545406855,0.0,16.171647580077238,7.324749639694995e-07,0.0,1.7708875820517425e-07,1.2107260698530988e-12
279,16800.0,16800,16.159200718741957,16.15920071874317,45.11939787391614,0.0,16.15920145121813,7.324749649512851e-07,0.0,1.7708875809870366e-07,1.2110424466064427e-12
280,16860.0,16860,16.146962183465217,16.146962183466428,45.34831988226658,0.0,16.146962915941394,7.324749659068724e-07,0.0,1.7708875799284495e-07,1.2113547498463496e-12
281,16920.0,16920,16.134929661269478,16.134929661270693,45.57706851136727,0.0,16.13493039374566,7.324749668363301e-07,0.0,1.7708875788757986e-07,1.2116632747948113e-12
282,16980.0,16980,16.123101604860942,16.123101604862157,45.80564667973686,0.0,16.123102337337123,7.324749677397308e-07,0.0,1.7708875778289423e-07,1.2119679556374766e-12
283,17040.0,17040,16.11147649955326,16.11147649955447,46.034057283973986,0.0,16.11147723202944,7.324749686171384e-07,0.0,1.7708875767877316e-07,1.21226876103586e-12
284,17100.0,17100,16.100052862713753,16.100052862714968,46.26230319921926,0.0,16.10005359518994,7.324749694686193e-07,0.0,1.770887575752003e-07,1.2125658677694687e-12
285,17160.0,17160,16.088829243195004,16.08882924319622,46.49038727960931,0.0,16.088829975671192,7.324749702942383e-07,0.0,1.7708875747216216e-07,1.2128592346042484e-12
286,17220.0,17220,16.07780422080948,16.07780422081069,46.71831235872284,0.0,16.077804953285664,7.324749710940519e-07,0.0,1.7708875736964303e-07,1.2131489373454763e-12
287,17280.0,17280,16.066976405791625,16.066976405792836,46.94608125001923,0.0,16.066977138267806,7.324749718681208e-07,0.0,1.7708875726762937e-07,1.2134350720772546e-12
288,17340.0,17340,16.05634443830155,16.056344438302766,47.17369674726955,0.0,16.056345170777735,7.324749726165014e-07,0.0,1.7708875716610877e-07,1.2137175135326348e-12
289,17400.0,17400,16.045906987927232,16.045906987928447,47.401161624980425,0.0,16.04590772040342,7.324749733392453e-07,0.0,1.7708875706506483e-07,1.2139964648910125e-12
290,17460.0,17460,16.035662753192046,16.035662753193257,47.62847863881099,0.0,16.035663485668234,7.32474974036406e-07,0.0,1.770887569644863e-07,1.2142718781978848e-12
291,17520.0,17520,16.025610461106844,16.025610461108062,47.85565052598282,0.0,16.025611193583035,7.324749747080339e-07,0.0,1.770887568643586e-07,1.2145438131353543e-12
292,17580.0,17580,16.01574886669327,16.015748866694484,48.08268000568342,0.0,16.01574959916946,7.324749753541777e-07,0.0,1.7708875676466947e-07,1.214812352553798e-12
293,17640.0,17640,16.0060767525566,16.006076752557814,48.30956977946318,0.0,16.00607748503279,7.324749759748812e-07,0.0,1.7708875666540708e-07,1.215077428655546e-12
294,17700.0,17700,15.99659292845232,15.996592928453534,48.536322531626006,0.0,15.99659366092851,7.324749765701895e-07,0.0,1.7708875656655757e-07,1.2153391659833002e-12
295,17760.0,17760,15.987296230861725,15.987296230862942,48.76294092961401,0.0,15.987296963337918,7.324749771401415e-07,0.0,1.7708875646810883e-07,1.2155975647292544e-12
296,17820.0,17820,15.978185522592389,15.978185522593606,48.98942762438615,0.0,15.978186255068582,7.324749776847839e-07,0.0,1.7708875637004968e-07,1.2158526504968926e-12
297,17880.0,17880,15.969259692380945,15.969259692382161,49.21578525079114,0.0,15.96926042485714,7.324749782041493e-07,0.0,1.7708875627236778e-07,1.2161044913967952e-12
298,17940.0,17940,15.960517654515339,15.960517654516554,49.4420164279348,0.0,15.960518386991533,7.324749786982761e-07,0.0,1.7708875617505118e-07,1.216353010397658e-12
299,18000.0,18000,15.951958348448095,15.951958348449311,49.66812375954204,0.0,15.95195908092429,7.324749791671967e-07,0.0,1.770887560780882e-07,1.216598456142835e-12
300,18060.0,18060,15.94358073844318,15.943580738444398,49.89410983431332,0.0,15.943581470919376,7.32474979610945e-07,0.0,1.7708875598146882e-07,1.2168406383461113e-12
301,18120.0,18120,15.93538381323017,15.935383813231386,50.1199772262762,0.0,15.935384545706368,7.3247498002955e-07,0.0,1.7708875588518068e-07,1.217079659920123e-12
302,18180.0,18180,15.927366585652269,15.927366585653488,50.3457284951319,0.0,15.927367318128466,7.324749804230424e-07,0.0,1.7708875578921275e-07,1.2173155990170707e-12
303,18240.0,18240,15.9195280923346,15.919528092335819,50.57136618659691,0.0,15.919528824810799,7.324749807914469e-07,0.0,1.7708875569355507e-07,1.2175483916545729e-12
304,18300.0,18300,15.911867393370397,15.911867393371615,50.796892832739914,0.0,15.911868125846594,7.324749811347911e-07,0.0,1.7708875559819578e-07,1.2177782295801767e-12
305,18360.0,18360,15.904383572002967,15.904383572004186,51.02231095231425,0.0,15.90438430447917,7.324749814530973e-07,0.0,1.7708875550312658e-07,1.2180049370655562e-12
306,18420.0,18420,15.897075734318475,15.897075734319694,51.247623051085895,0.0,15.897076466794676,7.324749817463863e-07,0.0,1.7708875540833483e-07,1.2182286437190544e-12
307,18480.0,18480,15.889943008960852,15.88994300896207,51.472831622157,0.0,15.889943741437053,7.324749820146778e-07,0.0,1.7708875531381064e-07,1.218449418871281e-12
308,18540.0,18540,15.882984546839085,15.882984546840303,51.697939146285556,0.0,15.882985279315287,7.324749822579922e-07,0.0,1.7708875521954474e-07,1.2186672045490871e-12
309,18600.0,18600,15.876199520848935,15.876199520850157,51.92294809220071,0.0,15.876200253325138,7.324749824763424e-07,0.0,1.770887551255271e-07,1.2188820540183747e-12
310,18660.0,18660,15.869587125612917,15.869587125614135,52.14786091691433,0.0,15.869587858089119,7.324749826697456e-07,0.0,1.7708875503174766e-07,1.219093984132878e-12
311,18720.0,18720,15.863146577213238,15.863146577214456,52.372680066028785,0.0,15.86314730968944,7.324749828382107e-07,0.0,1.7708875493819655e-07,1.2193030813594068e-12
312,18780.0,18780,15.856877112934392,15.85687711293561,52.597407974040905,0.0,15.856877845410596,7.324749829817533e-07,0.0,1.7708875484486463e-07,1.2195092618981327e-12
313,18840.0,18840,15.850777991032997,15.850777991034215,52.82204706464242,0.0,15.850778723509197,7.324749831003804e-07,0.0,1.7708875475174186e-07,1.2197126068506169e-12
314,18900.0,18900,15.844848490490303,15.844848490491522,53.046599751016984,0.0,15.844849222966506,7.324749831941031e-07,0.0,1.770887546588187e-07,1.2199132037924289e-12
315,18960.0,18960,15.839087910784064,15.839087910785286,53.271068436133866,0.0,15.839088643260267,7.324749832629217e-07,0.0,1.770887545660874e-07,1.2201109081782726e-12
316,19020.0,19020,15.833495571674673,15.833495571675895,53.49545551303824,0.0,15.833496304150879,7.324749833068462e-07,0.0,1.7708875447353653e-07,1.2203059422592696e-12
317,19080.0,19080,15.82807081298003,15.828070812981252,53.71976336513857,0.0,15.828071545456236,7.324749833258777e-07,0.0,1.7708875438115933e-07,1.2204981555755132e-12
318,19140.0,19140,15.822812994372876,15.822812994374097,53.94399436649071,0.0,15.82281372684908,7.324749833200132e-07,0.0,1.7708875428894524e-07,1.2206876583820721e-12
319,19200.0,19200,15.817721495189264,15.817721495190483,54.16815088207927,0.0,15.817722227665467,7.32474983289259e-07,0.0,1.7708875419688586e-07,1.2208744447617796e-12
320,19260.0,19260,15.812795714222345,15.812795714223567,54.392235268096044,0.0,15.81279644669855,7.324749832336078e-07,0.0,1.7708875410497214e-07,1.2210585667865138e-12
321,19320.0,19320,15.808035069541168,15.808035069542392,54.616249872215796,0.0,15.808035802017375,7.324749831530582e-07,0.0,1.7708875401319634e-07,1.2212400156479685e-12
322,19380.0,19380,15.803438998312732,15.803438998313954,54.84019703386923,0.0,15.803439730788936,7.324749830476047e-07,0.0,1.7708875392154922e-07,1.2214188002407707e-12
323,19440.0,19440,15.799006956628936,15.799006956630157,55.064079084513594,0.0,15.79900768910514,7.324749829172406e-07,0.0,1.7708875383002191e-07,1.2215949257185276e-12
324,19500.0,19500,15.794738419337023,15.794738419338243,55.28789834790077,0.0,15.794739151813227,7.324749827619563e-07,0.0,1.7708875373860562e-07,1.2217684410914093e-12
325,19560.0,19560,15.790632879881125,15.790632879882345,55.511657140342976,0.0,15.790633612357327,7.324749825817424e-07,0.0,1.770887536472927e-07,1.2219394171158241e-12
326,19620.0,19620,15.7866898501485,15.786689850149722,55.73535777097622,0.0,15.786690582624704,7.324749823765873e-07,0.0,1.7708875355607492e-07,1.2221077845768858e-12
327,19680.0,19680,15.782908860315713,15.782908860316937,55.959002542021594,0.0,15.78290959279192,7.324749821464773e-07,0.0,1.7708875346494365e-07,1.222273561013046e-12
328,19740.0,19740,15.779289458722214,15.779289458723436,56.18259374904433,0.0,15.779290191198418,7.324749818913943e-07,0.0,1.7708875337389036e-07,1.2224367783120459e-12
329,19800.0,19800,15.775831211716792,15.775831211718014,56.40613368121116,0.0,15.775831944192996,7.324749816113289e-07,0.0,1.7708875328290705e-07,1.2225975738268758e-12
330,19860.0,19860,15.77253370353532,15.772533703536542,56.62962462154541,0.0,15.772534436011524,7.324749813062584e-07,0.0,1.7708875319198675e-07,1.2227557216418651e-12
331,19920.0,19920,15.76939653618099,15.769396536182214,56.85306884718043,0.0,15.769397268657194,7.324749809761644e-07,0.0,1.7708875310111925e-07,1.222911460611973e-12
332,19980.0,19980,15.766419329292788,15.76641932929401,57.07646862961126,0.0,15.76642006176899,7.32474980621025e-07,0.0,1.7708875301029853e-07,1.2230646507578207e-12
333,20040.0,20040,15.76360172005087,15.763601720052094,57.29982623494451,0.0,15.763602452527076,7.324749802408186e-07,0.0,1.770887529195153e-07,1.2232154464401195e-12
334,20100.0,20100,15.760943363050883,15.760943363052107,57.52314392414684,0.0,15.760944095527085,7.324749798355182e-07,0.0,1.7708875282876256e-07,1.2233637046476242e-12
335,20160.0,20160,15.758443930217332,15.758443930218556,57.74642395329166,0.0,15.758444662693535,7.324749794051006e-07,0.0,1.7708875273803111e-07,1.2235096205357172e-12
336,20220.0,20220,15.756103110696417,15.75610311069764,57.969668573804675,0.0,15.75610384317262,7.324749789495386e-07,0.0,1.7708875264731518e-07,1.2236530006088801e-12
337,20280.0,20280,15.753920610770544,15.753920610771768,58.19288003270781,0.0,15.753921343246748,7.324749784688009e-07,0.0,1.7708875255660476e-07,1.223794055384353e-12
338,20340.0,20340,15.75189615377348,15.751896153774705,58.41606057286199,0.0,15.751896886249682,7.324749779628579e-07,0.0,1.7708875246589354e-07,1.2239326894373484e-12
339,20400.0,20400,15.750029480006251,15.750029480007473,58.63921243320872,0.0,15.75003021248245,7.324749774316794e-07,0.0,1.7708875237517345e-07,1.224068918808235e-12
340,20460.0,20460,15.74832034666522,15.748320346666445,58.862337849010395,0.0,15.748321079141421,7.324749768752283e-07,0.0,1.7708875228443584e-07,1.2242027687095398e-12
341,20520.0,20520,15.746768527776563,15.746768527777787,59.08543905208976,0.0,15.746769260252766,7.32474976293472e-07,0.0,1.7708875219367388e-07,1.2243343068921336e-12
342,20580.0,20580,15.745373814116608,15.745373814117833,59.30851827106819,0.0,15.745374546592807,7.324749756863724e-07,0.0,1.7708875210288052e-07,1.2244634364107463e-12
343,20640.0,20640,15.74413601317612,15.744136013177346,59.53157773160311,0.0,15.744136745652321,7.324749750538921e-07,0.0,1.770887520120464e-07,1.2245902943567704e-12
344,20700.0,20700,15.743054949077617,15.743054949078843,59.75461965662471,0.0,15.743055681553816,7.324749743959916e-07,0.0,1.7708875192116535e-07,1.224714801204277e-12
345,20760.0,20760,15.742130462552872,15.742130462554098,59.97764626657158,0.0,15.74213119502907,7.324749737126291e-07,0.0,1.7708875183022938e-07,1.2248369381843194e-12
346,20820.0,20820,15.741362410880603,15.741362410881827,60.20065977962601,0.0,15.741363143356802,7.324749730037619e-07,0.0,1.7708875173923035e-07,1.2249568241694477e-12
347,20880.0,20880,15.740750667859583,15.740750667860805,60.42366241194842,0.0,15.740751400335778,7.324749722693439e-07,0.0,1.7708875164816105e-07,1.225074410714099e-12
348,20940.0,20940,15.740295123759138,15.74029512376036,60.64665637791137,0.0,15.740295856235333,7.324749715093285e-07,0.0,1.7708875155701406e-07,1.225189666991013e-12
349,21000.0,21000,15.739995685311742,15.739995685312964,60.86964389033289,0.0,15.739996417787937,7.324749707236709e-07,0.0,1.770887514657804e-07,1.225302759220775e-12
350,21060.0,21060,15.73985227566418,15.739852275665406,61.09262716070974,0.0,15.739853008140376,7.324749699123204e-07,0.0,1.7708875137445503e-07,1.2254134826306409e-12
351,21120.0,21120,15.739864834378924,15.73986483438015,61.315608399449914,0.0,15.739865566855116,7.324749690752252e-07,0.0,1.7708875128302801e-07,1.2255219822059677e-12
352,21180.0,21180,15.740033317403322,15.740033317404547,61.53858981610522,0.0,15.740034049879517,7.324749682123372e-07,0.0,1.770887511914927e-07,1.2256282466572928e-12
353,21240.0,21240,15.740357697078498,15.740357697079723,61.76157361960337,0.0,15.740358429554691,7.324749673235976e-07,0.0,1.7708875109984136e-07,1.2257323021172635e-12
354,21300.0,21300,15.740837962116371,15.740837962117599,61.98456201848025,0.0,15.740838694592567,7.3247496640895e-07,0.0,1.7708875100806736e-07,1.2258340407873272e-12
355,21360.0,21360,15.74147411760815,15.741474117609375,62.207557221111834,0.0,15.741474850084339,7.324749654683406e-07,0.0,1.7708875091616079e-07,1.2259336107896735e-12
356,21420.0,21420,15.742266185034408,15.742266185035634,62.43056143594622,0.0,15.7422669175106,7.324749645017115e-07,0.0,1.7708875082411557e-07,1.2260310003734583e-12
357,21480.0,21480,15.74321420226391,15.743214202265136,62.6535768717358,0.0,15.7432149347401,7.324749635090007e-07,0.0,1.77088750731924e-07,1.2261261720428907e-12
358,21540.0,21540,15.744318223580958,15.744318223582184,62.87660573776948,0.0,15.744318956057146,7.324749624901441e-07,0.0,1.7708875063957843e-07,1.2262191179391601e-12
359,21600.0,21600,15.74557831969749,15.745578319698716,63.09965024410515,0.0,15.745579052173678,7.32474961445081e-07,0.0,1.770887505470711e-07,1.2263098903339678e-12
360,21660.0,21660,15.74699457777749,15.746994577778716,63.32271260180246,0.0,15.746995310253675,7.324749603737464e-07,0.0,1.770887504543943e-07,1.2263984752293922e-12
361,21720.0,21720,15.748567101475285,15.74856710147651,63.54579502315592,0.0,15.74856783395147,7.324749592760709e-07,0.0,1.7708875036153968e-07,1.2264848849972461e-12
362,21780.0,21780,15.750296010960184,15.750296010961412,63.76889972192841,0.0,15.75029674343637,7.324749581519906e-07,0.0,1.7708875026850007e-07,1.2265691153378955e-12
363,21840.0,21840,15.75218144296743,15.75218144296866,63.99202891358528,0.0,15.752182175443613,7.324749570014278e-07,0.0,1.7708875017526737e-07,1.2266511832992516e-12
364,21900.0,21900,15.754223550830227,15.754223550831457,64.21518481552891,0.0,15.75422428330641,7.324749558243209e-07,0.0,1.770887500818337e-07,1.2267310945669626e-12
365,21960.0,21960,15.7564225045405,15.756422504541726,64.43836964733396,0.0,15.756423237016682,7.324749546205874e-07,0.0,1.770887499881921e-07,1.2268088495894565e-12
366,22020.0,22020,15.758778490798877,15.758778490800104,64.66158563098321,0.0,15.758779223275058,7.324749533901582e-07,0.0,1.7708874989433325e-07,1.2268844640066966e-12
367,22080.0,22080,15.76129171308059,15.76129171308182,64.88483499110446,0.0,15.761292445556771,7.32474952132954e-07,0.0,1.7708874980025033e-07,1.2269579197536874e-12
368,22140.0,22140,15.763962391693441,15.763962391694667,65.10811995520804,0.0,15.76396312416962,7.324749508488969e-07,0.0,1.7708874970593454e-07,1.2270292459754865e-12
369,22200.0,22200,15.76679076384894,15.766790763850166,65.3314427539253,0.0,15.766791496325116,7.324749495379074e-07,0.0,1.7708874961137882e-07,1.2270984320288362e-12
370,22260.0,22260,15.76977708375109,15.769777083752318,65.5548056212481,0.0,15.769777816227267,7.32474948199903e-07,0.0,1.770887495165745e-07,1.2271655018821141e-12
371,22320.0,22320,15.772921622659528,15.772921622660755,65.7782107947695,0.0,15.772922355135703,7.32474946834799e-07,0.0,1.7708874942151345e-07,1.227230384467201e-12
372,22380.0,22380,15.776224668988142,15.77622466898937,66.00166051592545,0.0,15.776225401464313,7.324749454425155e-07,0.0,1.7708874932618688e-07,1.227293221222556e-12
373,22440.0,22440,15.779686528389574,15.779686528390803,66.22515703023772,0.0,15.779687260865746,7.324749440229602e-07,0.0,1.7708874923058825e-07,1.2273538601405006e-12
374,22500.0,22500,15.783307523864805,15.783307523866032,66.44870258755817,0.0,15.783308256340975,7.324749425760449e-07,0.0,1.7708874913470746e-07,1.2274124670823695e-12
375,22560.0,22560,15.787087995848516,15.787087995849744,66.67229944231453,0.0,15.787088728324687,7.324749411016821e-07,0.0,1.770887490385375e-07,1.2274688697901463e-12
376,22620.0,22620,15.791028302335452,15.791028302336679,66.89594985375733,0.0,15.79102903481162,7.324749395997791e-07,0.0,1.7708874894206908e-07,1.2275231984385979e-12
377,22680.0,22680,15.795128818977386,15.795128818978613,67.11965608620866,0.0,15.795129551453554,7.324749380702391e-07,0.0,1.7708874884529398e-07,1.2275753817639288e-12
378,22740.0,22740,15.799389939221415,15.799389939222642,67.34342040931246,0.0,15.799390671697578,7.324749365129686e-07,0.0,1.770887487482035e-07,1.2276254616239322e-12
379,22800.0,22800,15.80381207441926,15.80381207442049,67.56724509828636,0.0,15.803812806895426,7.324749349278706e-07,0.0,1.7708874865078917e-07,1.2276734975174256e-12
380,22860.0,22860,15.808395653969301,15.808395653970527,67.79113243417557,0.0,15.808396386445459,7.324749333148466e-07,0.0,1.7708874855304308e-07,1.2277193143244605e-12
381,22920.0,22920,15.813141125448887,15.813141125450114,68.0150847041084,0.0,15.813141857925046,7.324749316737912e-07,0.0,1.7708874845495489e-07,1.2277630832311575e-12
382,22980.0,22980,15.81804895476313,15.818048954764357,68.23910420155386,0.0,15.818049687239288,7.324749300046072e-07,0.0,1.7708874835651666e-07,1.2278047519492368e-12
383,23040.0,23040,15.82311962628605,15.823119626287278,68.46319322658127,0.0,15.823120358762205,7.324749283071853e-07,0.0,1.7708874825771948e-07,1.2278442808349708e-12
384,23100.0,23100,15.8283536430221,15.828353643023329,68.68735408612193,0.0,15.828354375498254,7.324749265814211e-07,0.0,1.7708874815855445e-07,1.2278816971198789e-12
385,23160.0,23160,15.833751526775156,15.833751526776384,68.91158909423301,0.0,15.83375225925131,7.324749248272054e-07,0.0,1.770887480590125e-07,1.2279169796313204e-12
386,23220.0,23220,15.839313818305866,15.839313818307092,69.13590057236392,0.0,15.839314550782015,7.324749230444281e-07,0.0,1.770887479590833e-07,1.227950155083023e-12
387,23280.0,23280,15.845041077509915,15.84504107751114,69.36029084962486,0.0,15.845041809986066,7.324749212329763e-07,0.0,1.7708874785875801e-07,1.2279812092686418e-12
388,23340.0,23340,15.850933883602718,15.850933883603945,69.58476226305785,0.0,15.850934616078867,7.324749193927358e-07,0.0,1.770887477580279e-07,1.2280101934945674e-12
389,23400.0,23400,15.85699283530571,15.856992835306938,69.8093171579105,0.0,15.856993567781856,7.324749175235912e-07,0.0,1.7708874765688338e-07,1.2280370045460756e-12
390,23460.0,23460,15.863218551044133,15.863218551045362,70.03395788791227,0.0,15.863219283520278,7.324749156254229e-07,0.0,1.770887475553141e-07,1.2280617050808857e-12
391,23520.0,23520,15.869611669148245,15.869611669149476,70.25868681555366,0.0,15.86961240162439,7.324749136981103e-07,0.0,1.7708874745331082e-07,1.2280842830143552e-12
392,23580.0,23580,15.876172848063577,15.876172848064806,70.48350631236819,0.0,15.876173580539717,7.32474911741533e-07,0.0,1.7708874735086417e-07,1.2281046793166477e-12
393,23640.0,23640,15.882902766569712,15.88290276657094,70.70841875921735,0.0,15.882903499045849,7.324749097555674e-07,0.0,1.7708874724796242e-07,1.228122995137954e-12
394,23700.0,23700,15.889802123998424,15.889802123999651,70.93342654657869,0.0,15.88980285647456,7.324749077400868e-07,0.0,1.770887471445976e-07,1.2281391628807723e-12
395,23760.0,23760,15.896871640473572,15.8968716404748,71.15853207483694,0.0,15.896872372949705,7.324749056949589e-07,0.0,1.7708874704075802e-07,1.228153157260292e-12
396,23820.0,23820,15.904112057143493,15.904112057144722,71.38373775457859,0.0,15.904112789619626,7.324749036200575e-07,0.0,1.7708874693643398e-07,1.2281649675264185e-12
397,23880.0,23880,15.911524136439125,15.911524136440354,71.60904600688973,0.0,15.911524868915256,7.324749015152493e-07,0.0,1.770887468316144e-07,1.2281747143149713e-12
398,23940.0,23940,15.91910866231764,15.919108662318868,71.83445926365755,0.0,15.919109394793768,7.324748993804008e-07,0.0,1.7708874672629018e-07,1.2281821614903957e-12
399,24000.0,24000,15.92686644053507,15.926866440536298,72.05997996787532,0.0,15.926867173011198,7.324748972153728e-07,0.0,1.7708874662044804e-07,1.2281875345635634e-12
400,24060.0,24060,15.93479829891314,15.93479829891437,72.28561057395116,0.0,15.934799031389264,7.32474895020026e-07,0.0,1.7708874651407878e-07,1.2281906951271447e-12
401,24120.0,24120,15.942905087622574,15.9429050876238,72.5113535480207,0.0,15.942905820098693,7.324748927942245e-07,0.0,1.7708874640717084e-07,1.2281916815320894e-12
402,24180.0,24180,15.951187679476797,15.951187679478027,72.73721136826362,0.0,15.951188411952918,7.324748905378177e-07,0.0,1.7708874629971375e-07,1.2281904031062325e-12
403,24240.0,24240,15.95964697022621,15.959646970227436,72.96318652522447,0.0,15.959647702702323,7.324748882506649e-07,0.0,1.7708874619169392e-07,1.2281870037312455e-12
404,24300.0,24300,15.96828387886327,15.968283878864495,73.18928152213762,0.0,15.96828461133938,7.324748859326153e-07,0.0,1.7708874608310254e-07,1.2281813370258885e-12
405,24360.0,24360,15.97709934794368,15.97709934794491,73.41549887525645,0.0,15.977100080419792,7.324748835835203e-07,0.0,1.7708874597392632e-07,1.2281734430192786e-12
406,24420.0,24420,15.986094343917868,15.986094343919097,73.64184111418726,0.0,15.986095076393978,7.324748812032283e-07,0.0,1.7708874586415342e-07,1.2281632842250609e-12
407,24480.0,24480,15.995269857460105,15.995269857461334,73.8683107822277,0.0,15.995270589936212,7.324748787915834e-07,0.0,1.7708874575377142e-07,1.2281509000555854e-12
408,24540.0,24540,16.004626903816987,16.004626903818217,74.09491043670998,0.0,16.00462763629309,7.324748763484303e-07,0.0,1.7708874564276802e-07,1.2281363162299938e-12
409,24600.0,24600,16.01416652316945,16.01416652317068,74.32164264934899,0.0,16.014167255645553,7.324748738736053e-07,0.0,1.7708874553113252e-07,1.2281193214297986e-12
410,24660.0,24660,16.023889780992437,16.023889780993663,74.54851000659549,0.0,16.023890513468537,7.324748713669483e-07,0.0,1.7708874541885004e-07,1.2281000921180787e-12
411,24720.0,24720,16.03379776844485,16.033797768446075,74.77551510999447,0.0,16.033798500920945,7.324748688282946e-07,0.0,1.7708874530590757e-07,1.2280786049760596e-12
412,24780.0,24780,16.043891602749802,16.04389160275103,75.00266057654905,0.0,16.043892335225898,7.324748662574793e-07,0.0,1.770887451922933e-07,1.2280547361216737e-12
413,24840.0,24840,16.05417242759689,16.054172427598118,75.2299490390896,0.0,16.05417316007298,7.324748636543291e-07,0.0,1.7708874507799319e-07,1.2280285437611334e-12
414,24900.0,24900,16.06464141356339,16.064641413564615,75.45738314664882,0.0,16.06464214603948,7.324748610186746e-07,0.0,1.770887449629936e-07,1.228000043407107e-12
415,24960.0,24960,16.075299758528,16.07529975852923,75.68496556484257,0.0,16.07530049100409,7.324748583503433e-07,0.0,1.7708874484728126e-07,1.2279690926146814e-12
416,25020.0,25020,16.08614868811715,16.086148688118378,75.91269897625666,0.0,16.086149420593234,7.324748556491523e-07,0.0,1.7708874473084147e-07,1.2279357874606555e-12
417,25080.0,25080,16.097189456150623,16.09718945615185,76.14058608083992,0.0,16.097190188626705,7.324748529149236e-07,0.0,1.7708874461365968e-07,1.2279000969981732e-12
418,25140.0,25140,16.108423345104548,16.108423345105773,76.36862959630366,0.0,16.108424077580626,7.324748501474765e-07,0.0,1.7708874449572175e-07,1.2278619254172055e-12
419,25200.0,25200,16.119851666594663,16.119851666595892,76.59683225852758,0.0,16.119852399070737,7.324748473466263e-07,0.0,1.7708874437701217e-07,1.2278213633998587e-12
420,25260.0,25260,16.13147576185318,16.131475761854414,76.82519682197261,0.0,16.131476494329256,7.324748445121811e-07,0.0,1.7708874425751726e-07,1.2277783217075815e-12
421,25320.0,25320,16.14329700224247,16.1432970022437,77.05372606010046,0.0,16.143297734718544,7.324748416439505e-07,0.0,1.7708874413721998e-07,1.2277327396273359e-12
422,25380.0,25380,16.15531678977355,16.15531678977478,77.28242276580049,0.0,16.155317522249618,7.324748387417423e-07,0.0,1.7708874401610496e-07,1.227684685276028e-12
423,25440.0,25440,16.167536557643338,16.167536557644567,77.51128975182388,0.0,16.1675372901194,7.324748358053593e-07,0.0,1.7708874389415683e-07,1.2276340937738956e-12
424,25500.0,25500,16.179957770766897,16.179957770768127,77.74032985122544,0.0,16.179958503242958,7.324748328346026e-07,0.0,1.7708874377135865e-07,1.2275809156704339e-12
425,25560.0,25560,16.192581926365825,16.192581926367055,77.96954591781291,0.0,16.192582658841886,7.324748298292668e-07,0.0,1.7708874364769417e-07,1.2275251819373198e-12
426,25620.0,25620,16.205410554527848,16.205410554529077,78.19894082660468,0.0,16.2054112870039,7.324748267891489e-07,0.0,1.7708874352314658e-07,1.2274667407130384e-12
427,25680.0,25680,16.218445218820012,16.218445218821238,78.42851747429543,0.0,16.21844595129606,7.324748237140398e-07,0.0,1.7708874339769703e-07,1.2274057462554498e-12
428,25740.0,25740,16.231687516893818,16.231687516895047,78.65827877973032,0.0,16.231688249369867,7.32474820603727e-07,0.0,1.7708874327132927e-07,1.2273420303786136e-12
429,25800.0,25800,16.24513908112094,16.24513908112217,78.88822768438793,0.0,16.245139813596982,7.324748174579918e-07,0.0,1.7708874314402464e-07,1.2272756178476458e-12
430,25860.0,25860,16.25880157924546,16.25880157924669,79.11836715287207,0.0,16.258802311721507,7.32474814276622e-07,0.0,1.770887430157647e-07,1.2272064700634675e-12
431,25920.0,25920,16.27267671505231,16.272676715053535,79.34870017341298,0.0,16.272677447528352,7.324748110593922e-07,0.0,1.7708874288653128e-07,1.227134530342021e-12
432,25980.0,25980,16.286766229053868,16.286766229055093,79.57922975837782,0.0,16.2867669615299,7.324748078060795e-07,0.0,1.7708874275630396e-07,1.2270597569021498e-12
433,26040.0,26040,16.301071899201517,16.301071899202743,79.80995894479102,0.0,16.301072631677545,7.324748045164523e-07,0.0,1.7708874262506333e-07,1.2269822384303388e-12
434,26100.0,26100,16.315595541611433,16.315595541612662,80.04089079486465,0.0,16.315596274087465,7.324748011902842e-07,0.0,1.7708874249279093e-07,1.2269017304172724e-12
435,26160.0,26160,16.33033901131596,16.330339011317186,80.27202839653907,0.0,16.330339743791985,7.324747978273347e-07,0.0,1.770887423594642e-07,1.2268183448679274e-12
436,26220.0,26220,16.3453042030376,16.345304203038825,80.50337486403431,0.0,16.34530493551362,7.324747944273698e-07,0.0,1.7708874222506287e-07,1.2267319840353256e-12
437,26280.0,26280,16.36049305197934,16.360493051980566,80.73493333841228,0.0,16.360493784455358,7.324747909901431e-07,0.0,1.770887420895653e-07,1.2266425783206356e-12
438,26340.0,26340,16.375907534649482,16.375907534650707,80.96670698815026,0.0,16.375908267125496,7.324747875154092e-07,0.0,1.7708874195294964e-07,1.226550247791293e-12
439,26400.0,26400,16.39154966968939,16.391549669690615,81.19869900972606,0.0,16.391550402165397,7.32474784002921e-07,0.0,1.7708874181519414e-07,1.2264547111973167e-12
440,26460.0,26460,16.40742151875388,16.407421518755104,81.43091262821494,0.0,16.407422251229885,7.324747804524213e-07,0.0,1.7708874167627443e-07,1.226356060266052e-12
441,26520.0,26520,16.42352518739375,16.423525187394976,81.66335109789888,0.0,16.423525919869753,7.324747768636558e-07,0.0,1.7708874153616764e-07,1.2262542277158338e-12
442,26580.0,26580,16.439862825975993,16.43986282597722,81.89601770288856,0.0,16.43986355845199,7.324747732363594e-07,0.0,1.7708874139484961e-07,1.226149172506969e-12
443,26640.0,26640,16.456436630625895,16.45643663062712,82.12891575775815,0.0,16.45643736310189,7.324747695702714e-07,0.0,1.7708874125229603e-07,1.2260408064829943e-12
444,26700.0,26700,16.47324884420359,16.473248844204818,82.36204860819362,0.0,16.473249576679585,7.324747658651184e-07,0.0,1.770887411084815e-07,1.2259290770779477e-12
445,26760.0,26760,16.49030175730533,16.490301757306554,82.59541963165478,0.0,16.490302489781318,7.324747621206302e-07,0.0,1.7708874096337948e-07,1.2258139786118384e-12
446,26820.0,26820,16.50759770928557,16.507597709286795,82.82903223805154,0.0,16.507598441761555,7.324747583365255e-07,0.0,1.7708874081696417e-07,1.2256953844881912e-12
447,26880.0,26880,16.52513908933243,16.525139089333656,83.06288987043469,0.0,16.525139821808413,7.324747545125259e-07,0.0,1.7708874066920814e-07,1.2255732875154857e-12
448,26940.0,26940,16.54292833754747,16.542928337548695,83.29699600570183,0.0,16.542929070023444,7.3247475064834e-07,0.0,1.7708874052008362e-07,1.2254475507658018e-12
449,27000.0,27000,16.56096794608563,16.560967946086855,83.53135415531868,0.0,16.5609686785616,7.324747467436791e-07,0.0,1.770887403695611e-07,1.2253182078198006e-12
450,27060.0,27060,16.57926046030244,16.579260460303665,83.76596786605651,0.0,16.57926119277841,7.324747427982483e-07,0.0,1.7708874021761278e-07,1.225185163123179e-12
451,27120.0,27120,16.597808479961305,16.59780847996253,84.00084072074573,0.0,16.59780921243727,7.32474738811745e-07,0.0,1.77088740064208e-07,1.2250482506553669e-12
452,27180.0,27180,16.616614660459028,16.61661466046025,84.23597633904679,0.0,16.61661539293499,7.324747347838685e-07,0.0,1.7708873990931519e-07,1.2249075104208232e-12
453,27240.0,27240,16.63568171409416,16.635681714095387,84.47137837823821,0.0,16.635682446570115,7.324747307143051e-07,0.0,1.770887397529036e-07,1.2247628060508596e-12
454,27300.0,27300,16.655012411373992,16.655012411375214,84.70705053402281,0.0,16.65501314384994,7.324747266027414e-07,0.0,1.7708873959493973e-07,1.224614107665925e-12
455,27360.0,27360,16.674609582372558,16.674609582373783,84.94299654135222,0.0,16.674610314848508,7.324747224488541e-07,0.0,1.7708873943539107e-07,1.2244612845402007e-12
456,27420.0,27420,16.694476118111105,16.69447611811233,85.17922017527077,0.0,16.694476850587048,7.324747182523232e-07,0.0,1.77088739274223e-07,1.2243041931052433e-12
457,27480.0,27480,16.714614971995037,16.714614971996262,85.41572525177894,0.0,16.714615704470972,7.324747140128146e-07,0.0,1.7708873911139932e-07,1.2241429299505925e-12
458,27540.0,27540,16.73502916128714,16.735029161288367,85.65251562871714,0.0,16.735029893763077,7.324747097299931e-07,0.0,1.770887389468851e-07,1.2239772253752512e-12
459,27600.0,27600,16.755721768640626,16.75572176864185,85.88959520667031,0.0,16.75572250111656,7.324747054035221e-07,0.0,1.7708873878064254e-07,1.2238070472929078e-12
460,27660.0,27660,16.776695943660307,16.776695943661533,86.12696792989432,0.0,16.776696676136233,7.324747010330483e-07,0.0,1.7708873861263334e-07,1.2236323054991167e-12
461,27720.0,27720,16.79795490453363,16.797954904534855,86.36463778726444,0.0,16.79795563700955,7.324746966182203e-07,0.0,1.7708873844281846e-07,1.2234528759958114e-12
462,27780.0,27780,16.819501939692138,16.81950193969336,86.60260881324695,0.0,16.819502672168053,7.324746921586807e-07,0.0,1.7708873827115648e-07,1.2232686561200944e-12
463,27840.0,27840,16.841340409548717,16.841340409549943,86.84088508889418,0.0,16.84134114202463,7.324746876540666e-07,0.0,1.7708873809760653e-07,1.2230795269978795e-12
464,27900.0,27900,16.86347374827268,16.8634737482739,87.07947074286439,0.0,16.863474480748582,7.324746831040029e-07,0.0,1.770887379221246e-07,1.2228853939440403e-12
465,27960.0,27960,16.88590546562198,16.885905465623207,87.31836995246651,0.0,16.885906198097885,7.324746785081184e-07,0.0,1.770887377446673e-07,1.2226861084691247e-12
466,28020.0,28020,16.908639148856945,16.908639148858168,87.5575869447311,0.0,16.908639881332842,7.324746738660229e-07,0.0,1.7708873756518896e-07,1.2224815300212934e-12
467,28080.0,28080,16.93167846468864,16.931678464689863,87.79712599750818,0.0,16.93167919716453,7.324746691773366e-07,0.0,1.7708873738364222e-07,1.2222716154376337e-12
468,28140.0,28140,16.955027161290467,16.95502716129169,88.03699144059286,0.0,16.955027893766353,7.324746644416486e-07,0.0,1.7708873719997959e-07,1.2220560596285549e-12
469,28200.0,28200,16.978689070417985,16.978689070419204,88.27718765687939,0.0,16.978689802893868,7.324746596585665e-07,0.0,1.7708873701414956e-07,1.2218349172968525e-12
470,28260.0,28260,17.00266810953894,17.002668109540163,88.51771908354526,0.0,17.002668842014817,7.324746548276728e-07,0.0,1.7708873682610242e-07,1.2216079031522717e-12
471,28320.0,28320,17.02696828407124,17.026968284072463,88.75859021326532,0.0,17.026969016547113,7.32474649948554e-07,0.0,1.7708873663578394e-07,1.2213748859826473e-12
472,28380.0,28380,17.051593689697754,17.051593689698972,88.99980559545794,0.0,17.05159442217362,7.324746450207859e-07,0.0,1.7708873644313963e-07,1.2211357411732302e-12
473,28440.0,28440,17.07654851473039,17.076548514731613,89.2413698375636,0.0,17.076549247206252,7.32474640043927e-07,0.0,1.7708873624811374e-07,1.2208902744127533e-12
474,28500.0,28500,17.101837042581256,17.101837042582478,89.48328760635722,0.0,17.101837775057113,7.324746350175462e-07,0.0,1.7708873605064685e-07,1.2206382941622645e-12
475,28560.0,28560,17.127463654305224,17.127463654306442,89.72556362929537,0.0,17.127464386781075,7.324746299411876e-07,0.0,1.7708873585067886e-07,1.220379701392384e-12
476,28620.0,28620,17.153432831232575,17.153432831233793,89.96820269589963,0.0,17.15343356370842,7.324746248143962e-07,0.0,1.7708873564814836e-07,1.220114149826939e-12
477,28680.0,28680,17.179749157687496,17.17974915768872,90.21120965917703,0.0,17.17974989016334,7.324746196367081e-07,0.0,1.7708873544298955e-07,1.2198416519128262e-12
478,28740.0,28740,17.206417323797414,17.206417323798632,90.4545894370792,0.0,17.206418056273247,7.324746144076445e-07,0.0,1.7708873523513828e-07,1.2195618241051002e-12
479,28800.0,28800,17.233442128423462,17.23344212842468,90.69834701400129,0.0,17.23344286089929,7.324746091267287e-07,0.0,1.7708873502452374e-07,1.2192745018616252e-12
480,28860.0,28860,17.260828482155684,17.260828482156903,90.9424874423222,0.0,17.260829214631503,7.324746037934615e-07,0.0,1.7708873481107547e-07,1.2189795053511768e-12
481,28920.0,28920,17.288581410436443,17.28858141043766,91.18701584398768,0.0,17.288582142912258,7.324745984073431e-07,0.0,1.770887345947201e-07,1.2186765463064383e-12
482,28980.0,28980,17.316706056796548,17.316706056797766,91.43193741213713,0.0,17.31670678927236,7.324745929678615e-07,0.0,1.770887343753813e-07,1.2183654418939115e-12
483,29040.0,29040,17.34520768619493,17.345207686196147,91.67725741277667,0.0,17.345208418670737,7.32474587474501e-07,0.0,1.770887341529805e-07,1.2180458152915315e-12
484,29100.0,29100,17.37409168848325,17.37409168848447,91.92298118649937,0.0,17.37409242095905,7.324745819267196e-07,0.0,1.7708873392743479e-07,1.2177175834253265e-12
485,29160.0,29160,17.40336358199248,17.403363581993695,92.1691141502545,0.0,17.40336431446827,7.324745763239819e-07,0.0,1.7708873369866178e-07,1.2173803225997674e-12
486,29220.0,29220,17.433029017246586,17.4330290172478,92.41566179916765,0.0,17.433029749722373,7.324745706657312e-07,0.0,1.7708873346657144e-07,1.2170337802395513e-12
487,29280.0,29280,17.463093780824178,17.463093780825393,92.66262970841358,0.0,17.46309451329996,7.324745649514063e-07,0.0,1.7708873323107447e-07,1.2166777183251324e-12
488,29340.0,29340,17.493563799347218,17.493563799348433,92.91002353514354,0.0,17.493564531822994,7.32474559180429e-07,0.0,1.7708873299207597e-07,1.2163117263383935e-12
489,29400.0,29400,17.52444514362299,17.524445143624206,93.15784902046921,0.0,17.52444587609876,7.324745533522094e-07,0.0,1.7708873274947763e-07,1.2159355549230854e-12
490,29460.0,29460,17.5557440329402,17.555744032941416,93.40611199150548,0.0,17.555744765415962,7.324745474661489e-07,0.0,1.7708873250317856e-07,1.2155488259230755e-12
491,29520.0,29520,17.587466839523135,17.587466839524346,93.65481836347374,0.0,17.58746757199889,7.324745415216358e-07,0.0,1.7708873225307308e-07,1.2151511541600583e-12
492,29580.0,29580,17.619620093150882,17.619620093152093,93.90397414186859,0.0,17.61962082562663,7.324745355180427e-07,0.0,1.7708873199905157e-07,1.2147421821882312e-12
493,29640.0,29640,17.652210485972983,17.652210485974198,94.15358542468982,0.0,17.652211218448727,7.324745294547288e-07,0.0,1.7708873174099997e-07,1.214321553584133e-12
494,29700.0,29700,17.68524487746798,17.685244877469195,94.4036584047427,0.0,17.68524560994372,7.324745233310432e-07,0.0,1.7708873147879936e-07,1.2138888331232692e-12
495,29760.0,29760,17.71873029963866,17.718730299639876,94.65419937200843,0.0,17.71873103211439,7.324745171463145e-07,0.0,1.770887312123283e-07,1.213443568119148e-12
496,29820.0,29820,17.752673962370217,17.75267396237143,94.90521471608825,0.0,17.75267469484594,7.324745108998634e-07,0.0,1.7708873094145698e-07,1.2129853166966972e-12
497,29880.0,29880,17.787083259029394,17.787083259030602,95.15671092872346,0.0,17.78708399150511,7.324745045909898e-07,0.0,1.770887306660525e-07,1.2125136253343218e-12
498,29940.0,29940,17.82196577225544,17.82196577225665,95.40869460639463,0.0,17.821966504731147,7.324744982189797e-07,0.0,1.7708873038597622e-07,1.212028045623782e-12
499,30000.0,30000,17.85732928000212,17.85732928000333,95.66117245300318,0.0,17.85733001247782,7.324744917831018e-07,0.0,1.7708873010108388e-07,1.2115279259365096e-12
500,30060.0,30060,17.893181761818173,17.893181761819385,95.91415128263816,0.0,17.89318249429387,7.324744852826086e-07,0.0,1.7708872981122333e-07,1.2110128816574844e-12
501,30120.0,30120,17.92953140536619,17.929531405367403,96.16763802243219,0.0,17.929532137841882,7.324744787167346e-07,0.0,1.7708872951623826e-07,1.2104822398370671e-12
502,30180.0,30180,17.966386613231265,17.966386613232476,96.4216397155098,0.0,17.966387345706945,7.324744720846949e-07,0.0,1.770887292159648e-07,1.2099353853062816e-12
503,30240.0,30240,18.003756009981522,18.00375600998273,96.67616352403219,0.0,18.003756742457195,7.324744653856866e-07,0.0,1.7708872891023066e-07,1.2093718670488865e-12
504,30300.0,30300,18.04164844955288,18.04164844955409,96.93121673234187,0.0,18.04164918202855,7.324744586188901e-07,0.0,1.770887285988587e-07,1.2087907752055596e-12
505,30360.0,30360,18.080073022901935,18.080073022903143,97.18680675021211,0.0,18.080073755377594,7.324744517834565e-07,0.0,1.7708872828166e-07,1.2081916713577645e-12
506,30420.0,30420,18.11903906602993,18.11903906603114,97.44294111620484,0.0,18.119039798505586,7.324744448785245e-07,0.0,1.770887279584411e-07,1.2075736683852727e-12
507,30480.0,30480,18.158556168306248,18.158556168307456,97.69962750114188,0.0,18.158556900781893,7.32474437903207e-07,0.0,1.770887276289979e-07,1.2069360392441192e-12
508,30540.0,30540,18.19863418117334,18.198634181174548,97.95687371169447,0.0,18.19863491364898,7.324744308565954e-07,0.0,1.77088727293115e-07,1.2062780921922417e-12
509,30600.0,30600,18.239283227229468,18.239283227230672,98.21468769409603,0.0,18.239283959705094,7.324744237377503e-07,0.0,1.770887269505709e-07,1.2055988202205122e-12
510,30660.0,30660,18.280513709691103,18.280513709692308,98.47307753798337,0.0,18.280514442166726,7.324744165457149e-07,0.0,1.7708872660113027e-07,1.2048974965494197e-12
511,30720.0,30720,18.322336322312008,18.322336322313213,98.73205148037226,0.0,18.322337054787624,7.324744092795072e-07,0.0,1.7708872624454756e-07,1.2041731269743207e-12
512,30780.0,30780,18.364762059703274,18.36476205970448,98.99161790977328,0.0,18.364762792178883,7.324744019381126e-07,0.0,1.7708872588056678e-07,1.2034246865106282e-12
513,30840.0,30840,18.407802228163238,18.40780222816444,99.251785370454,0.0,18.407802960638836,7.324743945204882e-07,0.0,1.77088725508916e-07,1.2026512952576747e-12
514,30900.0,30900,18.45146845697296,18.451468456974162,99.51256256685458,0.0,18.45146918944855,7.324743870255677e-07,0.0,1.770887251293136e-07,1.201851756846163e-12
515,30960.0,30960,18.49577271025286,18.495772710254062,99.7739583681633,0.0,18.49577344272844,7.324743794522447e-07,0.0,1.770887247414613e-07,1.2010249532087932e-12
516,31020.0,31020,18.540727299331095,18.540727299332296,100.03598181306018,0.0,18.54072803180667,7.324743717993853e-07,0.0,1.770887243450462e-07,1.200169667385922e-12
517,31080.0,31080,18.586344895759694,18.586344895760895,100.29864211463563,0.0,18.586345628235257,7.324743640658241e-07,0.0,1.770887239397394e-07,1.199284773329513e-12
518,31140.0,31140,18.632638544914222,18.632638544915423,100.56194866549383,0.0,18.632639277389778,7.324743562503584e-07,0.0,1.7708872352519543e-07,1.1983686875966888e-12
519,31200.0,31200,18.679621680290342,18.679621680291536,100.82591104304838,0.0,18.679622412765887,7.324743483517429e-07,0.0,1.7708872310104897e-07,1.1974202108212247e-12
520,31260.0,31260,18.72730813851681,18.72730813851801,101.09053901502077,0.0,18.72730887099235,7.324743403686973e-07,0.0,1.7708872266691624e-07,1.1964377115004047e-12
521,31320.0,31320,18.775712175103834,18.775712175105028,101.35584254515133,0.0,18.775712907579358,7.32474332299904e-07,0.0,1.7708872222239216e-07,1.1954197297211889e-12
522,31380.0,31380,18.824848481032273,18.824848481033467,101.62183179913359,0.0,18.824849213507793,7.324743241439934e-07,0.0,1.7708872176705038e-07,1.1943645140636651e-12
523,31440.0,31440,18.87473220021,18.874732200211195,101.88851715078314,0.0,18.87473293268551,7.324743158995557e-07,0.0,1.7708872130043965e-07,1.1932702703687137e-12
524,31500.0,31500,18.925378947846305,18.9253789478475,102.15590918845439,0.0,18.925379680321804,7.324743075651344e-07,0.0,1.770887208220826e-07,1.1921352340696538e-12
525,31560.0,31560,18.97680482984759,18.97680482984878,102.42401872171713,0.0,18.97680556232308,7.324742991392155e-07,0.0,1.7708872033147594e-07,1.1909572308360222e-12
526,31620.0,31620,19.029026463279415,19.0290264632806,102.69285678830825,0.0,19.029027195754896,7.324742906202398e-07,0.0,1.7708871982808576e-07,1.1897343509963915e-12
527,31680.0,31680,19.082060997987742,19.08206099798893,102.96243466137298,0.0,19.082061730463213,7.324742820065826e-07,0.0,1.7708871931134792e-07,1.1884641319765987e-12
528,31740.0,31740,19.135926139486404,19.13592613948759,103.23276385701273,0.0,19.135926871961864,7.324742732965694e-07,0.0,1.770887187806629e-07,1.1871443426277587e-12
529,31800.0,31800,19.190640173188616,19.190640173189802,103.50385614215706,0.0,19.190640905664065,7.324742644884493e-07,0.0,1.7708871823539518e-07,1.1857723121857867e-12
530,31860.0,31860,19.246221990118613,19.246221990119793,103.77572354277882,0.0,19.24622272259405,7.324742555804131e-07,0.0,1.7708871767487092e-07,1.1843454014845744e-12
531,31920.0,31920,19.302691114202272,19.302691114203455,104.04837835247378,0.0,19.302691846677703,7.324742465705801e-07,0.0,1.7708871709837288e-07,1.1828606319456088e-12
532,31980.0,31980,19.36006773132082,19.360067731322,104.3218331414266,0.0,19.360068463796235,7.324742374569871e-07,0.0,1.7708871650513848e-07,1.1813149492245848e-12
533,32040.0,32040,19.41837272024016,19.41837272024134,104.59610076578856,0.0,19.41837345271557,7.324742282375925e-07,0.0,1.7708871589435605e-07,1.1797048685647526e-12
534,32100.0,32100,19.477627685644126,19.477627685645306,104.87119437749358,0.0,19.477628418119526,7.32474218910268e-07,0.0,1.7708871526515724e-07,1.1780270240377606e-12
535,32160.0,32160,19.537854993409354,19.53785499341053,105.1471274345418,0.0,19.53785572588474,7.324742094727956e-07,0.0,1.7708871461662122e-07,1.1762773968912224e-12
536,32220.0,32220,19.599077808419615,19.59907780842079,105.42391371178337,0.0,19.59907854089499,7.32474199922852e-07,0.0,1.770887139477592e-07,1.1744519611012653e-12
537,32280.0,32280,19.661320135115616,19.66132013511679,105.70156731223759,0.0,19.661320867590977,7.324741902580143e-07,0.0,1.7708871325751644e-07,1.1725462042950213e-12
538,32340.0,32340,19.724606861115095,19.724606861116268,105.98010267898667,0.0,19.72460759359045,7.324741804757421e-07,0.0,1.77088712544762e-07,1.1705553013215555e-12
539,32400.0,32400,19.788963804186814,19.788963804187983,106.25953460768741,0.0,19.788964536662153,7.324741705733755e-07,0.0,1.7708871180828454e-07,1.168474096184369e-12
540,32460.0,32460,19.85441776299899,19.854417763000157,106.5398782597483,0.0,19.854418495474317,7.324741605481213e-07,0.0,1.7708871104678286e-07,1.1662969993308293e-12
541,32520.0,32520,19.92099657202917,19.920996572030337,106.82114917622573,0.0,19.92099730450449,7.324741503970492e-07,0.0,1.7708871025886006e-07,1.1640177664246374e-12
542,32580.0,32580,19.98872916112869,19.98872916112985,107.10336329249776,0.0,19.98872989360399,7.324741401170726e-07,0.0,1.7708870944300983e-07,1.1616298839198738e-12
543,32640.0,32640,20.057645620291073,20.05764562029223,107.38653695378201,0.0,20.057646352766362,7.324741297049508e-07,0.0,1.7708870859761065e-07,1.1591259747627884e-12
544,32700.0,32700,20.127777270233178,20.127777270234333,107.67068693157107,0.0,20.127778002708453,7.324741191572533e-07,0.0,1.770887077209094e-07,1.1564983266763292e-12
545,32760.0,32760,20.19915673951848,20.199156739519633,107.95583044106765,0.0,20.19915747199374,7.324741084703707e-07,0.0,1.7708870681101403e-07,1.1537380437112463e-12
546,32820.0,32820,20.271818048982613,20.271818048983764,108.24198515971241,0.0,20.27181878145786,7.324740976404897e-07,0.0,1.7708870586587082e-07,1.1508358062103539e-12
547,32880.0,32880,20.34579670440859,20.345796704409732,108.52916924690794,0.0,20.34579743688382,7.324740866635666e-07,0.0,1.7708870488325553e-07,1.147781020912429e-12
548,32940.0,32940,20.421129798441715,20.421129798442855,108.81740136505532,0.0,20.421130530916933,7.324740755353219e-07,0.0,1.770887038607463e-07,1.1445622116974201e-12
549,33000.0,33000,20.49785612291795,20.49785612291909,109.10670070203484,0.0,20.497856855393156,7.324740642512121e-07,0.0,1.7708870279570763e-07,1.1411665147941942e-12
550,33060.0,33060,20.576016292878947,20.576016292880084,109.39708699527779,0.0,20.576017025354137,7.324740528064135e-07,0.0,1.7708870168526276e-07,1.1375798839601272e-12
551,33120.0,33120,20.655652883721867,20.655652883723,109.68858055759519,0.0,20.655653616197043,7.324740411957936e-07,0.0,1.770887005262668e-07,1.1337863340929558e-12
552,33180.0,33180,20.736810583091977,20.736810583093106,109.9812023049495,0.0,20.736811315567135,7.324740294138845e-07,0.0,1.7708869931526992e-07,1.1297683563300657e-12
553,33240.0,33240,20.819536359248335,20.81953635924946,110.27497378637824,0.0,20.81953709172348,7.324740174548496e-07,0.0,1.7708869804848604e-07,1.125505932271938e-12
554,33300.0,33300,20.90387964785972,20.90387964786084,110.56991721630254,0.0,20.903880380334847,7.324740053124559e-07,0.0,1.7708869672174316e-07,1.1209769022377121e-12
555,33360.0,33360,20.989892559282147,20.989892559283263,110.86605550948218,0.0,20.989893291757255,7.324739929800342e-07,0.0,1.7708869533043852e-07,1.1161557993372597e-12
556,33420.0,33420,21.077630108559244,21.077630108560356,111.16341231890694,0.0,21.07763084103434,7.324739804504303e-07,0.0,1.770886938694765e-07,1.1110139087299353e-12
557,33480.0,33480,21.16715047051846,21.167150470519566,111.46201207694645,0.0,21.167151202993534,7.324739677159656e-07,0.0,1.770886923332044e-07,1.105518211229039e-12
558,33540.0,33540,21.2585152624374,21.2585152624385,111.76188004011375,0.0,21.258515994912454,7.324739547683805e-07,0.0,1.7708869071532914e-07,1.0996309160811189e-12
559,33600.0,33600,21.351789856910734,21.35178985691183,112.06304233783321,0.0,21.35179058938577,7.324739415987602e-07,0.0,1.7708868900883086e-07,1.0933081583157952e-12
560,33660.0,33660,21.447043727723354,21.44704372772444,112.36552602564105,0.0,21.44704446019837,7.324739281974729e-07,0.0,1.770886872058514e-07,1.086498694174507e-12
561,33720.0,33720,21.54435083174598,21.544350831747064,112.66935914328539,0.0,21.544351564220975,7.324739145540737e-07,0.0,1.7708868529756365e-07,1.0791424872516007e-12
562,33780.0,33780,21.643790030428224,21.643790030429294,112.97457077823672,0.0,21.643790762903194,7.324739006571993e-07,0.0,1.770886832740228e-07,1.0711684235081764e-12
563,33840.0,33840,21.745445555345416,21.74544555534648,113.2811911351694,0.0,21.745446287820368,7.324738864944387e-07,0.0,1.7708868112398562e-07,1.062491835600412e-12
564,33900.0,33900,21.8494075240357,21.849407524036753,113.5892516120384,0.0,21.849408256510625,7.324738720521721e-07,0.0,1.770886788346936e-07,1.0530108087312507e-12
565,33960.0,33960,21.955772515586045,21.955772515587086,113.89878488346382,0.0,21.95577324806094,7.324738573153753e-07,0.0,1.7708867639161287e-07,1.0426023023434836e-12
566,34020.0,34020,22.064644220964645,22.064644220965675,114.20982499226957,0.0,22.06464495343952,7.324738422673668e-07,0.0,1.7708867377812437e-07,1.0311165701139948e-12
567,34080.0,34080,22.17613419280813,22.176134192809148,114.52240745023484,0.0,22.176134925282977,7.32473826889501e-07,0.0,1.770886709751477e-07,1.0183708839717416e-12
568,34140.0,34140,22.290362735297368,22.290362735298373,114.83656934946788,0.0,22.290363467772185,7.324738111607594e-07,0.0,1.770886679606921e-07,1.0041418915438607e-12
569,34200.0,34200,22.407460000628518,22.407460000629502,115.1523494863862,0.0,22.407460733103296,7.324737950572459e-07,0.0,1.7708866470931206e-07,9.881564261415049e-13
570,34260.0,34260,22.52756739979545,22.52756739979642,115.46978850123004,0.0,22.5275681322702,7.324737785515373e-07,0.0,1.7708866119145485e-07,9.700820569199232e-13
571,34320.0,34320,22.65083949848877,22.65083949848972,115.78892903756207,0.0,22.65084023096348,7.324737616118768e-07,0.0,1.770886573726742e-07,9.495158367838017e-13
572,34380.0,34380,22.77744666379884,22.77744666379977,116.1098159286256,0.0,22.77744739627351,7.324737442011136e-07,0.0,1.7708865321266823e-07,9.259720457368324e-13
573,34440.0,34440,22.907578864634452,22.90757886463535,116.43249642119767,0.0,22.907579597109077,7.324737262754503e-07,0.0,1.7708864866406046e-07,8.988663898662597e-13
574,34500.0,34500,23.04145122044341,23.041451220444277,116.7570204532816,0.0,23.041451952917985,7.324737077828511e-07,0.0,1.7708864367078573e-07,8.674906972064275e-13
575,34560.0,34560,23.17931214996952,23.17931214997035,117.08344101040615,0.0,23.17931288244404,7.324736886611753e-07,0.0,1.7708863816575761e-07,8.30965040831044e-13
576,34620.0,34620,23.3214553021466,23.32145530214739,117.41181459736565,0.0,23.321456034621058,7.324736688359715e-07,0.0,1.7708863206724946e-07,7.881419252374567e-13
577,34680.0,34680,23.468236859905797,23.46823685990653,117.74220187898098,0.0,23.46823759238018,7.324736482179789e-07,0.0,1.7708862527292267e-07,7.374131546806655e-13
578,34740.0,34740,23.62010030049259,23.62010030049327,118.0746685659979,0.0,23.620101032966897,7.324736267003802e-07,0.0,1.770886176496741e-07,6.763365447914757e-13
579,34800.0,34800,23.777611303179913,23.777611303180517,118.40928665175649,0.0,23.77761203565412,7.324736041557735e-07,0.0,1.7708860901623343e-07,6.009277026546441e-13
580,34860.0,34860,23.941506346567696,23.941506346568207,118.74613614338645,0.0,23.941507079041784,7.324735804328002e-07,0.0,1.7708859911331793e-07,5.042986235260732e-13
581,34920.0,34920,24.11276010535362,24.112760105353992,119.08530748146443,0.0,24.112760837827548,7.324735553518872e-07,0.0,1.7708858755175415e-07,3.7374044956523504e-13
582,34980.0,34980,24.292680531359604,24.292680531359782,119.42690491445853,0.0,24.292681263833312,7.324735286989161e-07,0.0,1.7708857371564045e-07,1.8142744632329707e-13
583,35040.0,35040,24.483050333640925,24.483050333640755,119.77105122015438,0.0,24.48305106611425,7.324735002144176e-07,0.0,1.7708855652031038e-07,-1.7314411106896548e-13
584,35100.0,35100,24.686356219132325,24.686356219130943,120.11789443138252,0.0,24.68635695160441,7.324734695739222e-07,0.0,1.7708853323103303e-07,-1.3824064475258734e-12
585,35160.0,35160,24.906185899984795,24.906185899974975,120.4676178093218,0.0,24.90618663244841,7.324734363503055e-07,0.0,1.7708848965939943e-07,-9.823394881494538e-12
586,35220.0,35220,25.14791551747683,25.147915517388878,120.82045544107304,0.0,25.147916249862277,7.324733999330885e-07,0.0,1.7708830551006087e-07,-8.79512415662354e-11
587,35280.0,35280,25.419912425611024,25.41991242475802,121.17671757573763,0.0,25.419913157231385,7.32473359339625e-07,0.0,1.770868198148922e-07,-8.530018904096235e-10
588,35340.0,35340,25.736328544571602,25.736328536158396,121.53683299992329,0.0,25.736329268631703,7.32473312802409e-07,0.0,1.7707258456412933e-07,-8.413211275381184e-09
589,35400.0,35400,26.127916030653385,26.127915947362766,121.90143098568711,0.0,26.127916679836023,7.324732571331732e-07,0.0,1.7693234806309718e-07,-8.32906227161668e-08
590,35460.0,35460,26.70158390085436,26.701583069699826,122.27157645977633,0.0,26.701583802173015,7.324731881396621e-07,0.0,1.755441586971139e-07,-8.311545310575049e-07
591,35520.0,35520,28.022181770188247,28.02217243639385,122.64984888476533,0.0,28.02217316886696,7.324731137288986e-07,0.0,1.6169157552627058e-07,-9.33379440150543e-06
592,35580.0,35580,32.70052024267017,-258.96614524821246,123.04682965911583,300.0,4.261929843272543e-07,258.96614567440554,0.0,6.12830039053899e-09,8.333334509117384
593,35640.0,35640,32.700520227888326,-258.96614511241853,118.73072723724614,300.0,4.4399645948911465e-07,258.9661455564151,0.0,0.13888891461657638,8.333334659693154
594,35700.0,35700,32.70052021193932,-258.96614494560885,114.41462481759517,300.0,4.6335155014129207e-07,258.9661454089604,0.0,0.27777782561443853,8.333334842451888
595,35760.0,35760,32.700520194679456,-258.9661447349641,110.09852240067596,300.0,4.844700606292249e-07,258.96614521943417,0.0,0.4166667396582544,8.33333507035652
596,35820.0,35820,32.70052017594025,-258.96614445923103,105.78241998721471,300.0,5.076044129670762e-07,258.96614496683554,0.0,0.5555556575005015,8.33333536482873
597,35880.0,35880,32.70052015552302,-258.96614408033776,101.46631757829115,300.0,5.330576705940184e-07,258.96614461339544,0.0,0.6944445802505131,8.333335764139264
598,35940.0,35940,32.700520133191844,-258.9661435224711,97.15021517561888,300.0,5.611968722265514e-07,258.966144083668,0.0,0.8333335096557367,8.333336344337106
599,36000.0,36000,32.70052010866436,-258.9661426094682,92.83411278217403,300.0,5.924708439977762e-07,258.9661432019391,0.0,0.9722224487307529,8.333337281867488
600,36060.0,36060,32.70052008159979,-258.966140815334,88.51801040386772,300.0,6.274343237654024e-07,258.96614144276833,0.0,1.111111403431284,8.33333910306627
601,36120.0,36120,32.70052005158298,-258.96613553221994,84.20190805537624,300.0,6.667812453054753e-07,258.9661361990012,0.0,1.2500003884850641,8.333344416197146
602,36180.0,36180,32.70052001798729,-220.40657256264657,79.88580579483828,300.0,7.117033763284567e-07,220.40657327434994,0.0,1.388889462091112,46.892907419366175
603,36240.0,36240,32.7005199805251,-9.986070112586746e-06,76.21236291701423,294.9999999999999,7.62393400450063e-07,1.0748463557373788e-05,0.0,2.170437919083091,262.2994700334047
604,36300.0,36300,32.700519889640276,-2.66870441151408e-06,76.21236274867307,0.0,8.900005751465114e-07,3.5587050302489414e-06,0.0,6.5420957529758565,-32.700522558344645
605,36360.0,36360,32.700519833974255,-1.6954602469384554e-06,76.212362701969,0.0,9.712803356924368e-07,2.666740626291904e-06,0.0,5.997087043672559,-32.70052152943447
606,36420.0,36420,32.700519769282835,-1.0633829633872954e-06,76.21236267128245,0.0,1.068892499451696e-06,2.1322755050643354e-06,0.0,5.452078351517909,-32.70052083266575
607,36480.0,36480,32.70051969317735,-5.879519702185006e-07,76.2123626508865,0.0,1.188309697502542e-06,1.7762617086857279e-06,0.0,4.907069670975878,-32.70052028112928
608,36540.0,36540,32.70051960234471,-1.8435391522519074e-07,76.21236263811586,0.0,1.337756984184291e-06,1.5221109399639967e-06,0.0,4.362060999626199,-32.70051978669859
609,36600.0,36600,32.70051949205223,1.9861422228145684e-07,76.21236263169824,0.0,1.5301911127005267e-06,1.3315769305776543e-06,0.0,3.817052336516995,-32.700519293437964
610,36660.0,36660,32.700519355296066,6.038440902191839e-07,76.21236263118233,0.0,1.787274666800468e-06,1.1834306156942085e-06,0.0,3.2720436816286615,-32.70051875145194
611,36720.0,36720,32.7005191812532,1.083221311294592e-06,76.21236263677754,0.0,2.1481642988557022e-06,1.064943027087207e-06,0.0,2.727035035773521,-32.70051809803185
612,36780.0,36780,32.70051895226718,1.7236196911550636e-06,76.21236264946015,0.0,2.6916377596940525e-06,9.680181062267085e-07,0.0,2.1820264008085473,-32.700517228647456
613,36840.0,36840,32.700518637444254,2.715917700487288e-06,76.21236267145738,0.0,3.6031783844132407e-06,8.872607204159297e-07,0.0,1.6370177803333845,-32.70051592152652
614,36900.0,36900,32.70051817738654,4.629217381425068e-06,76.21236270771406,0.0,5.448154389259334e-06,8.189370455007108e-07,0.0,1.0920091816436073,-32.70051354816913
615,36960.0,36960,32.700517441461024,1.0404685338287918e-05,76.21236277124663,0.0,1.1165066085352904e-05,7.60380783965971e-07,0.0,0.5470006225096155,-32.70050703677565
616,37020.0,37020,32.70051615260659,32.58100351229449,76.21236291674471,0.0,32.581004224004076,7.117095790510742e-07,0.0,0.0019921718988095377,-0.11951264031211632
617,37080.0,37080,32.70051616486232,32.700509853715324,76.67392713138894,0.0,32.70051056557564,7.118603247969869e-07,0.0,2.9456044564435383e-07,-6.311146995340875e-06
618,37140.0,37140,32.700516164877506,32.700515502570084,77.13718435253627,0.0,32.700516214430394,7.118603088494726e-07,0.0,1.8937471329310456e-07,-6.623074197023531e-07
619,37200.0,37200,32.700516164881265,32.70051609758209,77.60044165370903,0.0,32.700516809442405,7.118603183736781e-07,0.0,1.783363339029223e-07,-6.729917178587907e-08
620,37260.0,37260,32.70051616488224,32.70051615808128,78.06369896331111,0.0,32.70051686994159,7.118603135881548e-07,0.0,1.772147493403405e-07,-6.8009637231570064e-09
621,37320.0,37320,32.700516164882764,32.70051616419125,78.52695627377028,0.0,32.70051687605155,7.118603038902906e-07,0.0,1.7710147530484736e-07,-6.91514084764587e-10
622,37380.0,37380,32.70051616488324,32.70051616480892,78.99021358431601,0.0,32.70051687666921,7.118602955673136e-07,0.0,1.7709002101024254e-07,-7.431824278964184e-11
623,37440.0,37440,32.7005161648837,32.700516164872155,79.45347089487048,0.0,32.70051687673244,7.1186028969817e-07,0.0,1.7708885154666135e-07,-1.1544329421247681e-11
624,37500.0,37500,32.70051616488416,32.70051616487834,79.91672820542585,0.0,32.700516876738625,7.118602856618283e-07,0.0,1.7708872789140339e-07,-5.814545054992999e-12
625,37560.0,37560,32.7005161648846,32.70051616487189,80.3799855159813,0.0,32.70051687673218,7.118602828337805e-07,0.0,1.770886992859811e-07,-1.2699852916957456e-11
626,37620.0,37620,32.70051616488504,32.70051616479737,80.84324282653668,0.0,32.700516876657645,7.118602810324041e-07,0.0,1.7708855550766624e-07,-8.767290285306983e-11
627,37680.0,37680,32.70051616488549,32.70051616405361,81.30650013709099,0.0,32.70051687591389,7.118602804741873e-07,0.0,1.7708716186327581e-07,-8.318757203180912e-10
628,37740.0,37740,32.700516164885926,32.70051615668257,81.76975744763476,0.0,32.70051686854285,7.11860281631817e-07,0.0,1.7707336403691458e-07,-8.203357556554296e-09
629,37800.0,37800,32.70051616488627,32.70051608363894,82.23301475807412,0.0,32.700516795499226,7.118602844299922e-07,0.0,1.7693670550896874e-07,-8.124732149708494e-08
630,37860.0,37860,32.70051616488565,32.70051535414943,82.69627206747869,0.0,32.70051606600971,7.118602819553527e-07,0.0,1.75582641308074e-07,-8.107362125834457e-07
631,37920.0,37920,32.70051616487526,32.70050710056562,83.15952936654881,0.0,32.70050781242582,7.118601978735111e-07,0.0,1.6207042016933844e-07,-9.064309635009293e-06
632,37980.0,37980,32.70052001775389,-117.29947091795687,83.62278654869317,150.0,7.118603274808038e-07,117.29947162981722,0.0,1.0998665005168794e-08,9.064289245445737e-06
633,38040.0,38040,32.70052001775366,-117.29947917157577,81.66779536494691,150.0,7.118604769016126e-07,117.29947988343628,0.0,1.6207082422673091e-07,8.106705617537803e-07
634,38100.0,38100,32.70052001775364,-117.2994799010419,79.71280404364033,150.0,7.118604904977289e-07,117.29948061290241,0.0,1.755826280307847e-07,8.120444368969841e-08
635,38160.0,38160,32.70052001775365,-117.29947997408416,77.75781271017598,150.0,7.11860490209536e-07,117.29948068594467,0.0,1.7693667777425287e-07,8.162182801159639e-09
636,38220.0,38220,32.700520017753654,-117.2994799814564,75.80282137549428,150.0,7.118604890270508e-07,117.29948069331691,0.0,1.770733598858751e-07,7.899551066512586e-10
637,38280.0,38280,32.70052001775366,-117.29947998220126,73.84783004068969,150.0,7.118604876921183e-07,117.29948069406177,0.0,1.7708717135907997e-07,4.5076321083224034e-11
638,38340.0,38340,32.70052001775367,-117.2994799822764,71.89283870587268,150.0,7.118604862230913e-07,117.29948069413688,0.0,1.7708856587233879e-07,-3.004992047193489e-11
639,38400.0,38400,32.70052001775368,-117.2994799822841,69.93784737105443,150.0,7.118604845840263e-07,117.2994806941446,0.0,1.7708870581624226e-07,-3.77848162015487e-11
640,38460.0,38460,32.70052001775368,-117.2994799822859,67.98285603623604,150.0,7.118604827930392e-07,117.2994806941464,0.0,1.770887144561891e-07,-3.959198861775231e-11
641,38520.0,38520,32.700520017753696,-117.29947998228737,66.02786470141763,150.0,7.118604810583288e-07,117.29948069414787,0.0,1.770886915329726e-07,-4.106582753687216e-11
642,38580.0,38580,32.700520017753696,-117.29947998228664,64.0728733665992,150.0,7.118604794854843e-07,117.29948069414714,0.0,1.7708864797480958e-07,-4.0340772743331685e-11
643,38640.0,38640,32.70052001775371,-117.29947998228194,62.117882031780766,150.0,7.11860477143037e-07,117.29948069414245,0.0,1.770886308133754e-07,-3.564626623637327e-11
644,38700.0,38700,32.700520017753725,-117.29947998227149,60.16289069696242,150.0,7.118604717917862e-07,117.29948069413199,0.0,1.7708870981745144e-07,-2.5210934929022568e-11
645,38760.0,38760,32.70052001775374,-117.29947998217312,58.207899362144246,150.0,7.118604629465824e-07,117.29948069403359,0.0,1.7708896058179267e-07,7.313731027530081e-11
646,38820.0,38820,32.70052001775379,-117.2994799815445,56.25290802732771,150.0,7.118604375571163e-07,117.29948069340494,0.0,1.7709082452204613e-07,7.017272835470154e-10
647,38880.0,38880,32.7005200177538,-117.29947997475338,54.297916692521646,150.0,7.118604378803045e-07,117.29948068661386,0.0,1.77102958367835e-07,7.492809436414175e-09
648,38940.0,38940,32.700520017753654,-117.29947990821559,52.34292535782877,150.0,7.118605445841791e-07,117.29948062007614,0.0,1.7722824688614583e-07,7.403076361254201e-08
649,39000.0,39000,32.700520017753995,-117.29947925481466,50.38793402424486,150.0,7.118603215405692e-07,117.29947996667498,0.0,1.7846317063036534e-07,7.274313601821571e-07
650,39060.0,39060,32.7005200177539,-117.29947306142905,48.43294270155098,150.0,7.118603995924614e-07,117.29947377328946,0.0,1.9058693412851968e-07,6.920817043225259e-06
651,39120.0,39120,32.700520017752666,-84.69275051530629,46.47795148208017,150.0,7.118612857633569e-07,84.69275122716758,0.0,3.059341703332863e-07,32.60672946694104
652,39180.0,39180,32.700519980129215,-9.877879257922452e-06,45.06640563837808,150.0,7.629361778306327e-07,1.0640815446001691e-05,0.0,0.5434457970504658,117.29947014199152
653,39240.0,39240,32.70051993759602,-4.498472649394458e-06,45.06640547183875,150.0,8.219021304393448e-07,5.3203747893828376e-06,0.0,2.4984369660842356,117.29947556393134
654,39300.0,39300,32.70051988912482,-2.6561138241316755e-06,45.06640539480879,92.49999999999986,8.907421979466061e-07,3.5468560309912613e-06,0.0,4.4534282254836315,59.7994774547612
655,39360.0,39360,32.7005197685879,-1.058067893652344e-06,45.066405348312706,0.0,1.0699602929986517e-06,2.1280281943298365e-06,0.0,5.450086183063483,-32.70052082665578
656,39420.0,39420,32.70051969235431,-5.836840375317237e-07,45.06640532800267,0.0,1.1896295486662774e-06,1.7733135932234773e-06,0.0,4.9050775026196805,-32.70052027603835
657,39480.0,39480,32.70051960135461,-1.805157465902784e-07,45.06640531529987,0.0,1.339429873561253e-06,1.519945626529671e-06,0.0,4.3600688313527955,-32.70051978187035
658,39540.0,39540,32.70051949083853,2.0246071778519534e-07,45.06640530894203,0.0,1.5323801416284792e-06,1.3299194295788767e-06,0.0,3.815060168322004,-32.700519288377805
659,39600.0,39600,32.700519353773544,6.081402150334429e-07,45.06640530848476,0.0,1.7902613556530606e-06,1.1821211456979977e-06,0.0,3.2700515135160506,-32.700518745633325
660,39660.0,39660,32.70051917928709,1.0885969407812212e-06,45.06640531414411,0.0,2.152479377484099e-06,1.0638824411490357e-06,0.0,2.7250428677558003,-32.70051809069015
661,39720.0,39720,32.700518949631196,1.7312714626513506e-06,45.06640532690554,0.0,2.6984130998252083e-06,9.671416409782027e-07,0.0,2.1800342329112303,-32.70051721835973
662,39780.0,39780,32.70051863372729,2.728796590441675e-06,45.066405349013365,0.0,3.61532088300752e-06,8.865242957232193e-07,0.0,1.6350256126054625,-32.7005159049307
663,39840.0,39840,32.700518171756954,4.657606972002407e-06,45.066405385454345,0.0,5.475916616025167e-06,8.183096465471116e-07,0.0,1.090017014190139,-32.70051351414998
664,39900.0,39900,32.700517431951305,1.0521790581336744e-05,45.06640544939067,0.0,1.1281630662673723e-05,7.598400832099716e-07,0.0,0.5450084556211209,-32.70050691016072
665,39960.0,39960,32.7005202426106,-258.9661452476953,45.0664055965491,300.0,4.2626465324723346e-07,258.96614567395994,0.0,7.118555361833787e-09,8.333334509694147
666,40020.0,40020,32.70052022782412,-258.9661451117908,40.75030317468786,300.0,4.440742454436283e-07,258.96614555586507,0.0,0.13888891561442893,8.333334660385066
667,40080.0,40080,32.70052021186993,-258.9661449448285,36.43420075504716,300.0,4.6343625950885156e-07,258.96614540826477,0.0,0.2777778266217837,8.33333484330156
668,40140.0,40140,32.70052019460423,-258.96614473396363,32.11809833814076,300.0,4.845626582075332e-07,258.9661452185263,0.0,0.41666674067770704,8.333335071432112
669,40200.0,40200,32.700520175858436,-258.966144457895,27.801995924695962,300.0,5.077060537325513e-07,258.9661449656011,0.0,0.5555556585357747,8.333335366246589
670,40260.0,40260,32.70052015543372,-258.9661440784503,23.485893515794448,300.0,5.331697470586313e-07,258.9661446116201,0.0,0.6944445813073745,8.333335766115937
671,40320.0,40320,32.700520133093974,-258.9661435195781,19.169791113153348,300.0,5.613210788198832e-07,258.96614408089914,0.0,0.8333335107434241,8.333336347327933
672,40380.0,40380,32.700520108556624,-258.96614260442243,14.853688719756416,300.0,5.926092636932485e-07,258.96614319703167,0.0,0.9722224498663067,8.33333728702097
673,40440.0,40440,32.70052008148061,-258.9661408042039,10.537586341533855,300.0,6.275895508972522e-07,258.9661414317935,0.0,1.1111114046507007,8.333339114315434
674,40500.0,40500,32.7005200514504,-258.96613548884176,6.2214839932274835,300.0,6.669566864412537e-07,258.96613615579844,0.0,1.2500003898899632,8.333344459707838
675,40560.0,40560,32.700520017888415,-114.32009634575576,1.9053817334120642,300.0,7.117700419703811e-07,114.3200970575258,0.0,1.3888894642190608,152.9793836363558
676,40620.0,40620,32.700519980358294,-9.980740961963685e-06,4.6792536045255725e-05,210.0,7.624459877697058e-07,1.0743186959636517e-05,0.0,3.9385458581589208,177.29947003890072
677,40680.0,40680,32.700519889423454,-2.6728886523075668e-06,4.6624283587976696e-05,0.0,8.898315889265158e-07,3.5627202498820267e-06,0.0,6.893537025474492,-32.700522562312095
678,40740.0,40740,32.70051983372369,-1.700759947967168e-06,4.6577510209648725e-05,0.0,9.707921181074534e-07,2.6715520740373656e-06,0.0,6.348528316103139,-32.700521534483634
679,40800.0,40800,32.70051976898999,-1.0690333378902051e-06,4.654673657952379e-05,0.0,1.0679537635200476e-06,2.1369871087710705e-06,0.0,5.803519623862226,-32.70052083802332
680,40860.0,40860,32.70051969283057,-5.939464004271179e-07,4.652624882657923e-05,0.0,1.1867203527697117e-06,1.7806667598978257e-06,0.0,5.258510943228941,-32.700520286776964
681,40920.0,40920,32.700519601927596,-1.909800990398067e-07,4.65133822772534e-05,0.0,1.3351995268410198e-06,1.52617963191958e-06,0.0,4.713502271783058,-32.700519792907684
682,40980.0,40980,32.700519491540994,1.908064496760409e-07,4.6506860639489036e-05,0.0,1.5261356210297485e-06,1.3353291767460265e-06,0.0,4.168493608568293,-32.70051930073454
683,41040.0,41040,32.70051935465488,5.938785703005635e-07,4.6506224775112285e-05,0.0,1.7807772562513719e-06,1.1868986906783535e-06,0.0,3.6234849535563747,-32.700518760776305
684,41100.0,41100,32.70051918042542,1.0692315765296989e-06,4.651167017980506e-05,0.0,2.137391336928728e-06,1.068159764502868e-06,0.0,3.078476307543719,-32.70051811119384
685,41160.0,41160,32.700518951157754,1.7015530023049498e-06,4.6524146603879925e-05,0.0,2.6725662938869884e-06,9.710132950371574e-07,0.0,2.5334676723574026,-32.70051724960475
686,41220.0,41220,32.70051863588062,2.6751428020742374e-06,4.6545823785469915e-05,0.0,3.5652030950990297e-06,8.900602958277581e-07,0.0,1.9884590515308662,-32.70051596073781
687,41280.0,41280,32.7005181750199,4.531466504840915e-06,4.6581495876192525e-05,0.0,5.353029726966902e-06,8.215632242830879e-07,0.0,1.4434504521854048,-32.7005136435534
688,41340.0,41340,32.700517437466836,9.97421667256552e-06,4.664363713317936e-05,0.0,1.073706913240458e-05,7.628524613502001e-07,0.0,0.8984418914596439,-32.70050746325016
689,41400.0,41400,32.70051607091505,11.494528266341185,4.678303079890043e-05,0.0,11.494528978494849,7.121536671173497e-07,0.0,0.3534334337388989,-21.205987804573866
690,41460.0,41460,32.70051607816731,32.700509278713845,0.16288593168964696,0.0,32.70050999095576,7.122419119361001e-07,0.0,3.0366272053590316e-07,-6.799453461223189e-06
691,41520.0,41520,32.700516078170295,32.700515364022685,0.6261431446902295,0.0,32.700516076264755,7.122420629028566e-07,0.0,1.9033807281776348e-07,-7.141476092087857e-07
692,41580.0,41580,32.700516078165364,32.70051600552235,1.0894004438993499,0.0,32.70051671776437,7.122420199900478e-07,0.0,1.7843576030146395e-07,-7.264301346819065e-08
693,41640.0,41640,32.700516078162714,32.70051607082996,1.5526577521963874,0.0,32.700516783072025,7.122420625257404e-07,0.0,1.7722503063561662e-07,-7.332753480631759e-09
694,41700.0,41700,32.70051607815967,32.700516077415365,2.015915061418616,0.0,32.70051678965745,7.122420800393257e-07,0.0,1.7710283456708157e-07,-7.443065642362221e-10
695,41760.0,41760,32.700516078156824,32.70051607807813,2.4791723707341378,0.0,32.700516790320215,7.122420864924343e-07,0.0,1.7709043274160136e-07,-7.869164563570412e-11
696,41820.0,41820,32.700516078154386,32.70051607814465,2.942429680059047,0.0,32.70051679038674,7.12242091013537e-07,0.0,1.7708912207584725e-07,-9.732564281657443e-12
697,41880.0,41880,32.70051607815235,32.70051607814972,3.4056869893848956,0.0,32.700516790391816,7.122420960063665e-07,0.0,1.7708896301038526e-07,-2.628424623126648e-12
698,41940.0,41940,32.70051607815062,32.70051607814894,3.8689442987108276,0.0,32.70051679039104,7.122421015778901e-07,0.0,1.7708892195864352e-07,-1.6760505691550857e-12
699,42000.0,42000,32.700516078149114,32.700516078147864,4.332201608036745,0.0,32.70051679038997,7.122421072594309e-07,0.0,1.7708889564821475e-07,-1.248206468979727e-12
700,42060.0,42060,32.70051607814778,32.70051607814683,4.795458917362638,0.0,32.700516790388946,7.122421127101996e-07,0.0,1.7708887585772828e-07,-9.41688776790217e-13
701,42120.0,42120,32.70051607814658,32.70051607814584,5.258716226688526,0.0,32.70051679038796,7.122421178073573e-07,0.0,1.7708886108116964e-07,-7.404891860887333e-13
702,42180.0,42180,32.700516078145505,32.70051607814489,5.721973536014396,0.0,32.70051679038701,7.122421225377716e-07,0.0,1.7708884974863261e-07,-6.136869541302683e-13
703,42240.0,42240,32.70051607814454,32.700516078144005,6.1852308453402545,0.0,32.70051679038613,7.122421269164942e-07,0.0,1.7708884057154835e-07,-5.286577523753418e-13
704,42300.0,42300,32.70051607814366,32.700516078143195,6.648488154666101,0.0,32.70051679038533,7.122421309593604e-07,0.0,1.7708883272455747e-07,-4.637711149960842e-13
705,42360.0,42360,32.70051607814287,32.700516078142456,7.111745463991937,0.0,32.70051679038459,7.122421346809657e-07,0.0,1.770888257593853e-07,-4.081504074758486e-13
706,42420.0,42420,32.700516078142144,32.70051607814179,7.575002773317761,0.0,32.70051679038392,7.122421380975848e-07,0.0,1.770888194609574e-07,-3.577823418096401e-13
707,42480.0,42480,32.70051607814148,32.70051607814117,8.03826008264358,0.0,32.70051679038331,7.122421412284464e-07,0.0,1.770888137310311e-07,-3.119348808771922e-13
708,42540.0,42540,32.700516078140886,32.70051607814061,8.501517391969388,0.0,32.70051679038276,7.122421440951276e-07,0.0,1.770888085170698e-07,-2.709064200384368e-13
709,42600.0,42600,32.70051607814033,32.7005160781401,8.96477470129518,0.0,32.700516790382245,7.122421467201672e-07,0.0,1.7708880377762813e-07,-2.349563076520049e-13
710,42660.0,42660,32.70051607813983,32.70051607813963,9.428032010620974,0.0,32.700516790381776,7.122421491257972e-07,0.0,1.770887994700377e-07,-2.0397320357992606e-13
711,42720.0,42720,32.700516078139366,32.700516078139195,9.891289319946756,0.0,32.70051679038134,7.122421513330033e-07,0.0,1.7708879554900377e-07,-1.7750348015006642e-13
712,42780.0,42780,32.700516078138946,32.70051607813879,10.354546629272537,0.0,32.700516790380945,7.122421533609955e-07,0.0,1.770887919690361e-07,-1.5489681337630648e-13
713,42840.0,42840,32.70051607813856,32.70051607813842,10.817803938598306,0.0,32.700516790380576,7.122421552269804e-07,0.0,1.770887886872359e-07,-1.354500657585608e-13
714,42900.0,42900,32.70051607813821,32.70051607813809,11.281061247924073,0.0,32.70051679038024,7.122421569461418e-07,0.0,1.7708878566515472e-07,-1.1850666337257875e-13
715,42960.0,42960,32.70051607813788,32.70051607813778,11.74431855724983,0.0,32.700516790379936,7.122421585317045e-07,0.0,1.7708878286957295e-07,-1.0350819580912216e-13
716,43020.0,43020,32.70051607813759,32.7005160781375,12.20757586657559,0.0,32.70051679037965,7.122421599951269e-07,0.0,1.7708878027246054e-07,-9.000923781699593e-14
717,43080.0,43080,32.70051607813731,32.70051607813724,12.670833175901345,0.0,32.7005167903794,7.122421613462566e-07,0.0,1.7708877785048142e-07,-7.767184191778184e-14
718,43140.0,43140,32.70051607813707,32.700516078137,13.134090485227091,0.0,32.70051679037917,7.122421625935382e-07,0.0,1.770887755842879e-07,-6.624861509410628e-14
719,43200.0,43200,32.70051607813685,32.70051607813679,13.597347794552842,0.0,32.700516790378956,7.122421637442066e-07,0.0,1.7708877345780207e-07,-5.556310199838842e-14
720,43260.0,43260,32.70051607813665,32.7005160781366,14.06060510387859,0.0,32.700516790378764,7.122421648044639e-07,0.0,1.770887714575613e-07,-4.5492475498211194e-14
721,43320.0,43320,32.70051607813647,32.700516078136424,14.523862413204329,0.0,32.70051679037859,7.1224216577964e-07,0.0,1.7708876957215944e-07,-3.5951090905607694e-14
722,43380.0,43380,32.7005160781363,32.700516078136275,14.987119722530073,0.0,32.700516790378444,7.122421666743442e-07,0.0,1.7708876779180813e-07,-2.687929491588167e-14
723,43440.0,43440,32.70051607813616,32.70051607813614,15.45037703185581,0.0,32.7005167903783,7.122421674925895e-07,0.0,1.7708876610798672e-07,-1.8234173802604063e-14
724,43500.0,43500,32.700516078136026,32.70051607813602,15.913634341181549,0.0,32.70051679037819,7.12242168237907e-07,0.0,1.770887645131788e-07,-9.98306036648958e-15
725,43560.0,43560,32.70051607813592,32.70051607813591,16.376891650507286,0.0,32.70051679037809,7.122421689134306e-07,0.0,1.7708876300067865e-07,-2.099738423780973e-15
726,43620.0,43620,32.70051607813582,32.70051607813583,16.84014895983302,0.0,32.700516790377996,7.122421695219808e-07,0.0,1.7708876156444093e-07,5.438561001096044e-15
727,43680.0,43680,32.70051607813574,32.70051607813575,17.30340626915875,0.0,32.700516790377925,7.122421700661218e-07,0.0,1.770887601989728e-07,1.2652685463006599e-14
728,43740.0,43740,32.70051607813567,32.70051607813569,17.766663578484476,0.0,32.70051679037787,7.122421705482041e-07,0.0,1.7708875889925364e-07,1.9562690399940617e-14
729,43800.0,43800,32.700516078135614,32.70051607813564,18.22992088781021,0.0,32.70051679037782,7.122421709704339e-07,0.0,1.7708875766067746e-07,2.6187857383897942e-14
730,43860.0,43860,32.70051607813558,32.70051607813561,18.693178197135932,0.0,32.700516790377776,7.122421713348658e-07,0.0,1.7708875647900615e-07,3.254667290662579e-14
731,43920.0,43920,32.70051607813555,32.700516078135585,19.156435506461662,0.0,32.700516790377755,7.122421716434598e-07,0.0,1.7708875535032691e-07,3.8657929982309923e-14
732,43980.0,43980,32.70051607813553,32.70051607813557,19.619692815787396,0.0,32.70051679037775,7.122421718980741e-07,0.0,1.7708875427103907e-07,4.453869917973282e-14
733,44040.0,44040,32.70051607813552,32.70051607813557,20.082950125113122,0.0,32.70051679037775,7.12242172100495e-07,0.0,1.7708875323781226e-07,5.0205896151687636e-14
734,44100.0,44100,32.70051607813553,32.700516078135585,20.546207434438852,0.0,32.70051679037775,7.122421722524424e-07,0.0,1.7708875224757715e-07,5.5675171363689857e-14
735,44160.0,44160,32.70051607813554,32.7005160781356,21.009464743764582,0.0,32.700516790377776,7.122421723555699e-07,0.0,1.770887512975011e-07,6.096131088916705e-14
736,44220.0,44220,32.700516078135564,32.70051607813563,21.472722053090312,0.0,32.700516790377804,7.122421724114781e-07,0.0,1.7708875038497523e-07,6.60777006195165e-14
737,44280.0,44280,32.7005160781356,32.70051607813567,21.935979362416038,0.0,32.70051679037784,7.122421724217188e-07,0.0,1.7708874950759216e-07,7.103673612407043e-14
738,44340.0,44340,32.70051607813564,32.70051607813572,22.399236671741765,0.0,32.7005167903779,7.12242172387782e-07,0.0,1.7708874866313489e-07,7.584978228241576e-14
739,44400.0,44400,32.70051607813569,32.70051607813578,22.8624939810675,0.0,32.70051679037795,7.122421723111165e-07,0.0,1.7708874784956215e-07,8.052672197336376e-14
740,44460.0,44460,32.700516078135756,32.700516078135834,23.325751290393235,0.0,32.70051679037801,7.122421721931142e-07,0.0,1.77088747064991e-07,8.507701699014456e-14
741,44520.0,44520,32.70051607813582,32.70051607813591,23.78900859971897,0.0,32.70051679037809,7.122421720351234e-07,0.0,1.770887463076906e-07,8.950841275919603e-14
742,44580.0,44580,32.7005160781359,32.700516078136,24.252265909044695,0.0,32.70051679037817,7.12242171838439e-07,0.0,1.770887455760588e-07,9.382869817745587e-14
743,44640.0,44640,32.70051607813598,32.70051607813608,24.715523218370443,0.0,32.70051679037825,7.122421716043068e-07,0.0,1.770887448686258e-07,9.804384639168291e-14
744,44700.0,44700,32.700516078136076,32.700516078136175,25.178780527696173,0.0,32.70051679037835,7.122421713339196e-07,0.0,1.770887441840258e-07,1.0216018829556018e-13
745,44760.0,44760,32.700516078136175,32.70051607813628,25.64203783702191,0.0,32.70051679037845,7.122421710284327e-07,0.0,1.770887435210034e-07,1.0618268629934111e-13
746,44820.0,44820,32.70051607813628,32.700516078136395,26.105295146347647,0.0,32.70051679037856,7.122421706889339e-07,0.0,1.7708874287839272e-07,1.1011617505508824e-13
747,44880.0,44880,32.700516078136395,32.70051607813651,26.568552455673395,0.0,32.70051679037868,7.12242170316481e-07,0.0,1.7708874225511473e-07,1.1396484250921741e-13
748,44940.0,44940,32.700516078136516,32.70051607813663,27.031809764999124,0.0,32.7005167903788,7.122421699120722e-07,0.0,1.7708874165016734e-07,1.177326721251781e-13
749,45000.0,45000,32.700516078136644,32.700516078136765,27.495067074324872,0.0,32.700516790378934,7.122421694766641e-07,0.0,1.7708874106261801e-07,1.2142326687400039e-13
750,45060.0,45060,32.70051607813677,32.7005160781369,27.958324383650623,0.0,32.70051679037907,7.122421690111675e-07,0.0,1.770887404916006e-07,1.2503992699365035e-13
751,45120.0,45120,32.700516078136914,32.70051607813704,28.42158169297637,0.0,32.70051679037921,7.122421685164441e-07,0.0,1.7708873993630608e-07,1.2858558438731952e-13
752,45180.0,45180,32.70051607813706,32.70051607813719,28.884839002302115,0.0,32.70051679037936,7.12242167993324e-07,0.0,1.7708873939597547e-07,1.3206341980046258e-13
753,45240.0,45240,32.70051607813721,32.70051607813734,29.34809631162787,0.0,32.70051679037952,7.122421674425833e-07,0.0,1.7708873886990366e-07,1.354758481293203e-13
754,45300.0,45300,32.70051607813737,32.700516078137504,29.81135362095363,0.0,32.700516790379666,7.122421668649648e-07,0.0,1.7708873835742427e-07,1.3882567903185284e-13
755,45360.0,45360,32.700516078137525,32.70051607813767,30.27461093027938,0.0,32.70051679037984,7.122421662611766e-07,0.0,1.7708873785791484e-07,1.421152539559777e-13
756,45420.0,45420,32.700516078137696,32.700516078137845,30.737868239605145,0.0,32.70051679038001,7.122421656318829e-07,0.0,1.7708873737078743e-07,1.4534699028070953e-13
757,45480.0,45480,32.700516078137866,32.700516078138016,31.201125548930907,0.0,32.700516790380185,7.122421649777175e-07,0.0,1.7708873689548966e-07,1.4852311120862163e-13
758,45540.0,45540,32.700516078138044,32.7005160781382,31.66438285825667,0.0,32.700516790380355,7.12242164299282e-07,0.0,1.7708873643149928e-07,1.5164565073730707e-13
759,45600.0,45600,32.70051607813823,32.70051607813838,32.12764016758244,0.0,32.70051679038054,7.122421635971467e-07,0.0,1.7708873597832107e-07,1.547169707353003e-13
760,45660.0,45660,32.70051607813842,32.70051607813858,32.59089747690821,0.0,32.70051679038074,7.122421628718498e-07,0.0,1.770887355354901e-07,1.5773888320900649e-13
761,45720.0,45720,32.70051607813861,32.70051607813877,33.05415478623398,0.0,32.70051679038093,7.122421621238993e-07,0.0,1.770887351025637e-07,1.6071330320245192e-13
762,45780.0,45780,32.700516078138804,32.70051607813897,33.517412095559756,0.0,32.70051679038113,7.122421613537882e-07,0.0,1.7708873467912136e-07,1.6364219745950368e-13
763,45840.0,45840,32.70051607813901,32.700516078139174,33.98066940488554,0.0,32.700516790381336,7.122421605619704e-07,0.0,1.7708873426476492e-07,1.6652723015788237e-13
764,45900.0,45900,32.700516078139216,32.70051607813938,34.443926714211315,0.0,32.70051679038154,7.122421597488849e-07,0.0,1.7708873385911517e-07,1.6937020798416687e-13
765,45960.0,45960,32.70051607813942,32.7005160781396,34.9071840235371,0.0,32.700516790381755,7.122421589149517e-07,0.0,1.7708873346181111e-07,1.7217274654793464e-13
766,46020.0,46020,32.70051607813964,32.70051607813981,35.37044133286289,0.0,32.700516790381975,7.122421580605584e-07,0.0,1.7708873307251046e-07,1.7493639612533554e-13
767,46080.0,46080,32.70051607813986,32.70051607814004,35.83369864218867,0.0,32.700516790382196,7.122421571860864e-07,0.0,1.7708873269088484e-07,1.7766270489392106e-13
768,46140.0,46140,32.70051607814008,32.70051607814026,36.29695595151447,0.0,32.700516790382416,7.122421562918894e-07,0.0,1.77088732316622e-07,1.8035320822327736e-13
769,46200.0,46200,32.70051607814031,32.700516078140495,36.76021326084027,0.0,32.70051679038265,7.122421553783082e-07,0.0,1.770887319494258e-07,1.8300905992881747e-13
770,46260.0,46260,32.700516078140545,32.70051607814073,37.22347057016607,0.0,32.700516790382885,7.122421544456664e-07,0.0,1.7708873158900962e-07,1.8563171315823308e-13
771,46320.0,46320,32.70051607814078,32.700516078140964,37.68672787949188,0.0,32.70051679038312,7.122421534942754e-07,0.0,1.7708873123510126e-07,1.8822247927260806e-13
772,46380.0,46380,32.70051607814102,32.70051607814121,38.14998518881768,0.0,32.70051679038336,7.122421525244291e-07,0.0,1.7708873088744148e-07,1.9078244277852094e-13
773,46440.0,46440,32.70051607814126,32.700516078141455,38.61324249814349,0.0,32.70051679038361,7.122421515364076e-07,0.0,1.7708873054578132e-07,1.93312795407374e-13
774,46500.0,46500,32.70051607814151,32.70051607814171,39.07649980746931,0.0,32.70051679038386,7.122421505304797e-07,0.0,1.7708873020988164e-07,1.9581459358388973e-13
775,46560.0,46560,32.70051607814176,32.70051607814196,39.53975711679513,0.0,32.700516790384114,7.122421495069072e-07,0.0,1.770887298795144e-07,1.9828882775732744e-13
776,46620.0,46620,32.700516078142016,32.700516078142215,40.00301442612095,0.0,32.70051679038436,7.122421484659312e-07,0.0,1.7708872955445956e-07,2.007365566499901e-13
777,46680.0,46680,32.70051607814227,32.70051607814248,40.46627173544677,0.0,32.700516790384626,7.122421474077882e-07,0.0,1.7708872923450907e-07,2.0315848839591403e-13
778,46740.0,46740,32.70051607814254,32.70051607814274,40.9295290447726,0.0,32.70051679038489,7.122421463327048e-07,0.0,1.770887289194584e-07,2.0555573934279187e-13
779,46800.0,46800,32.700516078142805,32.70051607814301,41.39278635409843,0.0,32.70051679038516,7.122421452408967e-07,0.0,1.7708872860911542e-07,2.079289584221201e-13
780,46860.0,46860,32.700516078143075,32.70051607814328,41.856043663424266,0.0,32.70051679038543,7.122421441325725e-07,0.0,1.7708872830329306e-07,2.1027895363423553e-13
781,46920.0,46920,32.700516078143345,32.70051607814356,42.319300972750106,0.0,32.7005167903857,7.122421430079293e-07,0.0,1.7708872800181289e-07,2.126064704584275e-13
782,46980.0,46980,32.70051607814362,32.700516078143835,42.78255828207595,0.0,32.700516790385976,7.122421418671552e-07,0.0,1.770887277045025e-07,2.1491214975969307e-13
783,47040.0,47040,32.7005160781439,32.70051607814412,43.24581559140179,0.0,32.70051679038626,7.122421407104393e-07,0.0,1.7708872741119576e-07,2.1719670572641084e-13
784,47100.0,47100,32.70051607814418,32.7005160781444,43.70907290072765,0.0,32.700516790386544,7.122421395379489e-07,0.0,1.7708872712173305e-07,2.1946056176358083e-13
785,47160.0,47160,32.70051607814447,32.700516078144695,44.1723302100535,0.0,32.70051679038683,7.122421383498578e-07,0.0,1.7708872683595856e-07,2.2170459144602687e-13
786,47220.0,47220,32.70051607814476,32.70051607814498,44.635587519379364,0.0,32.70051679038712,7.122421371463244e-07,0.0,1.7708872655372674e-07,2.2392906453914746e-13
787,47280.0,47280,32.70051607814505,32.70051607814527,45.098844828705225,0.0,32.70051679038741,7.122421359275003e-07,0.0,1.7708872627489133e-07,2.2613458289181898e-13
788,47340.0,47340,32.70051607814535,32.700516078145576,45.56210213803109,0.0,32.70051679038771,7.122421346935448e-07,0.0,1.7708872599931508e-07,2.283216162958238e-13
789,47400.0,47400,32.70051607814565,32.700516078145874,46.025359447356955,0.0,32.700516790388015,7.12242133444589e-07,0.0,1.7708872572686323e-07,2.3049062804319194e-13
790,47460.0,47460,32.700516078145945,32.70051607814618,46.48861675668284,0.0,32.700516790388306,7.122421321807709e-07,0.0,1.7708872545740683e-07,2.326420237679935e-13
791,47520.0,47520,32.70051607814625,32.700516078146485,46.95187406600872,0.0,32.70051679038862,7.122421309022241e-07,0.0,1.770887251908202e-07,2.347761198820711e-13
792,47580.0,47580,32.700516078146556,32.7005160781468,47.41513137533461,0.0,32.700516790388924,7.122421296090736e-07,0.0,1.7708872492698032e-07,2.368934274298205e-13
793,47640.0,47640,32.70051607814687,32.70051607814711,47.87838868466049,0.0,32.70051679038924,7.122421283014345e-07,0.0,1.7708872466577058e-07,2.38994285982802e-13
794,47700.0,47700,32.70051607814718,32.70051607814742,48.34164599398639,0.0,32.70051679038955,7.122421269794246e-07,0.0,1.7708872440707695e-07,2.4107887892671025e-13
795,47760.0,47760,32.7005160781475,32.70051607814774,48.80490330331229,0.0,32.70051679038987,7.12242125643151e-07,0.0,1.7708872415078815e-07,2.4314758964955686e-13
796,47820.0,47820,32.70051607814782,32.70051607814806,49.26816061263819,0.0,32.70051679039019,7.122421242927205e-07,0.0,1.7708872389679516e-07,2.452007800381921e-13
797,47880.0,47880,32.70051607814814,32.70051607814839,49.7314179219641,0.0,32.700516790390516,7.122421229282276e-07,0.0,1.7708872364499394e-07,2.4723855514861885e-13
798,47940.0,47940,32.70051607814847,32.700516078148716,50.19467523129,0.0,32.70051679039084,7.122421215497707e-07,0.0,1.77088723395281e-07,2.492614099834841e-13
799,48000.0,48000,32.7005160781488,32.70051607814905,50.65793254061593,0.0,32.70051679039117,7.122421201574377e-07,0.0,1.77088723147559e-07,2.5126927582564877e-13
800,48060.0,48060,32.70051607814913,32.700516078149384,51.12118984994185,0.0,32.700516790391504,7.122421187513137e-07,0.0,1.7708872290172836e-07,2.5326263313663396e-13
801,48120.0,48120,32.70051607814947,32.70051607814972,51.58444715926777,0.0,32.70051679039184,7.122421173314822e-07,0.0,1.7708872265769536e-07,2.55241630369379e-13
802,48180.0,48180,32.7005160781498,32.70051607815006,52.04770446859369,0.0,32.70051679039217,7.12242115898015e-07,0.0,1.7708872241536865e-07,2.572063481792025e-13
803,48240.0,48240,32.70051607815014,32.7005160781504,52.51096177791965,0.0,32.70051679039251,7.122421144509854e-07,0.0,1.7708872217465505e-07,2.5915710353578673e-13
804,48300.0,48300,32.700516078150486,32.70051607815075,52.97421908724558,0.0,32.700516790392854,7.122421129904636e-07,0.0,1.7708872193546784e-07,2.6109395137981977e-13
805,48360.0,48360,32.70051607815083,32.70051607815109,53.43747639657152,0.0,32.70051679039321,7.1224211151651e-07,0.0,1.7708872169771962e-07,2.630171295463904e-13
806,48420.0,48420,32.700516078151175,32.70051607815144,53.90073370589748,0.0,32.70051679039355,7.12242110029186e-07,0.0,1.770887214613246e-07,2.6492682380688294e-13
807,48480.0,48480,32.70051607815153,32.70051607815179,54.363991015223434,0.0,32.700516790393905,7.122421085285443e-07,0.0,1.7708872122620107e-07,2.66823043026082e-13
808,48540.0,48540,32.700516078151885,32.70051607815215,54.827248324549394,0.0,32.70051679039426,7.122421070146415e-07,0.0,1.7708872099226558e-07,2.687060383096701e-13
809,48600.0,48600,32.70051607815224,32.70051607815251,55.29050563387536,0.0,32.700516790394616,7.122421054875196e-07,0.0,1.7708872075943814e-07,2.7057578716713865e-13
810,48660.0,48660,32.700516078152596,32.700516078152866,55.75376294320134,0.0,32.70051679039497,7.122421039472237e-07,0.0,1.7708872052763802e-07,2.7243257604235744e-13
811,48720.0,48720,32.70051607815296,32.700516078153235,56.21702025252731,0.0,32.70051679039534,7.122421023937961e-07,0.0,1.7708872029678885e-07,2.7427633569884827e-13
812,48780.0,48780,32.70051607815332,32.700516078153605,56.680277561853295,0.0,32.7005167903957,7.1224210082727e-07,0.0,1.770887200668113e-07,2.7610724616523723e-13
813,48840.0,48840,32.70051607815369,32.70051607815397,57.143534871179284,0.0,32.70051679039606,7.122420992476802e-07,0.0,1.770887198376309e-07,2.779253970023217e-13
814,48900.0,48900,32.70051607815406,32.700516078154344,57.60679218050528,0.0,32.700516790396435,7.12242097655051e-07,0.0,1.7708871960917166e-07,2.7973076628641774e-13
815,48960.0,48960,32.70051607815443,32.70051607815471,58.07004948983128,0.0,32.70051679039681,7.122420960494101e-07,0.0,1.7708871938135874e-07,2.815235238352564e-13
816,49020.0,49020,32.700516078154806,32.70051607815509,58.53330679915729,0.0,32.70051679039718,7.122420944307799e-07,0.0,1.7708871915411864e-07,2.83303686916386e-13
817,49080.0,49080,32.70051607815518,32.70051607815547,58.9965641084833,0.0,32.700516790397565,7.122420927991734e-07,0.0,1.770887189273775e-07,2.8507126528626675e-13
818,49140.0,49140,32.700516078155566,32.70051607815585,59.459821417809316,0.0,32.70051679039795,7.122420911546092e-07,0.0,1.7708871870106287e-07,2.8682646131013904e-13
819,49200.0,49200,32.70051607815595,32.700516078156234,59.92307872713532,0.0,32.700516790398325,7.122420894970947e-07,0.0,1.770887184751041e-07,2.8856898169428966e-13
820,49260.0,49260,32.70051607815633,32.700516078156625,60.38633603646136,0.0,32.70051679039871,7.122420878266379e-07,0.0,1.7708871824942628e-07,2.9029922930211476e-13
821,49320.0,49320,32.700516078156724,32.700516078157015,60.84959334578738,0.0,32.70051679039911,7.122420861432434e-07,0.0,1.7708871802395998e-07,2.920169769428185e-13
822,49380.0,49380,32.700516078157115,32.700516078157406,61.312850655113415,0.0,32.70051679039949,7.122420844469072e-07,0.0,1.7708871779863302e-07,2.937222957149151e-13
823,49440.0,49440,32.700516078157506,32.700516078157804,61.77610796443946,0.0,32.70051679039989,7.12242082737629e-07,0.0,1.7708871757337345e-07,2.9541520999898446e-13
824,49500.0,49500,32.700516078157904,32.700516078158195,62.2393652737655,0.0,32.70051679040028,7.122420810153983e-07,0.0,1.7708871734811012e-07,2.970957647009284e-13
825,49560.0,49560,32.7005160781583,32.7005160781586,62.70262258309157,0.0,32.700516790400684,7.122420792802061e-07,0.0,1.7708871712277328e-07,2.987638889049374e-13
826,49620.0,49620,32.70051607815871,32.700516078159005,63.16587989241762,0.0,32.70051679040108,7.122420775320388e-07,0.0,1.7708871689729012e-07,3.004195556299256e-13
827,49680.0,49680,32.70051607815911,32.70051607815941,63.629137201743696,0.0,32.70051679040149,7.122420757708748e-07,0.0,1.770887166715889e-07,3.02062714721834e-13
828,49740.0,49740,32.70051607815952,32.70051607815982,64.09239451106977,0.0,32.70051679040189,7.122420739966997e-07,0.0,1.7708871644559725e-07,3.036935239682306e-13
829,49800.0,49800,32.70051607815992,32.700516078160234,64.55565182039584,0.0,32.700516790402304,7.122420722094802e-07,0.0,1.7708871621924488e-07,3.0531166742658594e-13
830,49860.0,49860,32.70051607816034,32.700516078160646,65.01890912972192,0.0,32.700516790402716,7.122420704091921e-07,0.0,1.7708871599245593e-07,3.069173329176737e-13
831,49920.0,49920,32.70051607816075,32.70051607816106,65.48216643904802,0.0,32.70051679040313,7.122420685958027e-07,0.0,1.7708871576515957e-07,3.0851039771916315e-13
832,49980.0,49980,32.700516078161165,32.700516078161485,65.94542374837411,0.0,32.70051679040355,7.122420667692765e-07,0.0,1.7708871553728153e-07,3.100906849276765e-13
833,50040.0,50040,32.70051607816159,32.700516078161904,66.4086810577002,0.0,32.70051679040397,7.122420649295746e-07,0.0,1.7708871530874515e-07,3.116584069430403e-13
834,50100.0,50100,32.70051607816201,32.70051607816233,66.87193836702632,0.0,32.70051679040439,7.122420630766481e-07,0.0,1.7708871507947824e-07,3.1321316256153927e-13
835,50160.0,50160,32.70051607816244,32.70051607816276,67.33519567635243,0.0,32.70051679040482,7.122420612104587e-07,0.0,1.770887148494012e-07,3.1475512478668103e-13
836,50220.0,50220,32.70051607816286,32.70051607816318,67.79845298567854,0.0,32.70051679040524,7.122420593309505e-07,0.0,1.7708871461843855e-07,3.162840339439459e-13
837,50280.0,50280,32.7005160781633,32.700516078163616,68.26171029500466,0.0,32.70051679040568,7.122420574380703e-07,0.0,1.7708871438651077e-07,3.1780000973363846e-13
838,50340.0,50340,32.70051607816374,32.70051607816405,68.72496760433079,0.0,32.700516790406105,7.122420555317619e-07,0.0,1.7708871415353957e-07,3.193027435197654e-13
839,50400.0,50400,32.70051607816417,32.70051607816449,69.18822491365692,0.0,32.700516790406546,7.122420536119592e-07,0.0,1.770887139194431e-07,3.207921481962263e-13
840,50460.0,50460,32.70051607816461,32.70051607816493,69.65148222298308,0.0,32.700516790406986,7.122420516786001e-07,0.0,1.7708871368413877e-07,3.2226826136028487e-13
841,50520.0,50520,32.70051607816505,32.70051607816537,70.11473953230922,0.0,32.70051679040743,7.122420497316132e-07,0.0,1.770887134475438e-07,3.2373070589746044e-13
842,50580.0,50580,32.70051607816549,32.700516078165826,70.57799684163537,0.0,32.700516790407875,7.122420477709208e-07,0.0,1.7708871320957117e-07,3.2517970905114846e-13
843,50640.0,50640,32.70051607816595,32.700516078166274,71.04125415096154,0.0,32.700516790408315,7.122420457964511e-07,0.0,1.7708871297013647e-07,3.266147716294227e-13
844,50700.0,50700,32.700516078166395,32.70051607816672,71.5045114602877,0.0,32.70051679040877,7.12242043808117e-07,0.0,1.7708871272914816e-07,3.2803590704789713e-13
845,50760.0,50760,32.70051607816685,32.700516078167176,71.96776876961388,0.0,32.70051679040922,7.122420418058315e-07,0.0,1.77088712486516e-07,3.2944301798573114e-13
846,50820.0,50820,32.700516078167304,32.70051607816764,72.43102607894005,0.0,32.70051679040968,7.122420397895088e-07,0.0,1.7708871224214834e-07,3.3083580743920384e-13
847,50880.0,50880,32.700516078167766,32.7005160781681,72.89428338826625,0.0,32.700516790410134,7.122420377590461e-07,0.0,1.770887119959483e-07,3.3221404599834437e-13
848,50940.0,50940,32.70051607816823,32.70051607816856,73.35754069759244,0.0,32.700516790410596,7.122420357143471e-07,0.0,1.7708871174781764e-07,3.3357784938853697e-13
849,51000.0,51000,32.7005160781687,32.70051607816903,73.82079800691865,0.0,32.700516790411065,7.122420336553073e-07,0.0,1.7708871149765863e-07,3.349266328805002e-13
850,51060.0,51060,32.700516078169166,32.70051607816949,74.28405531624486,0.0,32.70051679041153,7.122420315818143e-07,0.0,1.7708871124536624e-07,3.3626050745886344e-13
851,51120.0,51120,32.700516078169635,32.70051607816997,74.74731262557107,0.0,32.700516790411996,7.122420294937533e-07,0.0,1.7708871099083623e-07,3.3757902969935675e-13
852,51180.0,51180,32.70051607817011,32.700516078170445,75.2105699348973,0.0,32.70051679041247,7.122420273910079e-07,0.0,1.7708871073395888e-07,3.388821160890359e-13
853,51240.0,51240,32.70051607817059,32.70051607817093,75.67382724422352,0.0,32.70051679041295,7.122420252734483e-07,0.0,1.77088710474623e-07,3.401694750388701e-13
854,51300.0,51300,32.70051607817106,32.700516078171404,76.13708455354976,0.0,32.70051679041343,7.122420231409449e-07,0.0,1.7708871021271336e-07,3.414408341577881e-13
855,51360.0,51360,32.700516078171546,32.70051607817189,76.600341862876,0.0,32.700516790413914,7.122420209933614e-07,0.0,1.7708870994811061e-07,3.4269595485436413e-13
856,51420.0,51420,32.700516078172036,32.70051607817238,77.06359917220225,0.0,32.7005167904144,7.122420188305575e-07,0.0,1.7708870968069273e-07,3.4393460376794417e-13
857,51480.0,51480,32.70051607817253,32.700516078172875,77.5268564815285,0.0,32.700516790414895,7.12242016652382e-07,0.0,1.7708870941033331e-07,3.451563911075481e-13
858,51540.0,51540,32.70051607817302,32.700516078173365,77.99011379085475,0.0,32.70051679041538,7.122420144586814e-07,0.0,1.770887091369011e-07,3.463611130825495e-13
859,51600.0,51600,32.700516078173514,32.70051607817386,78.45337110018102,0.0,32.700516790415875,7.122420122492935e-07,0.0,1.770887088602612e-07,3.475483964952887e-13
860,51660.0,51660,32.70051607817401,32.70051607817436,78.9166284095073,0.0,32.700516790416366,7.122420100240522e-07,0.0,1.770887085802732e-07,3.4871804828770674e-13
861,51720.0,51720,32.700516078174516,32.700516078174864,79.37988571883358,0.0,32.70051679041687,7.122420077827797e-07,0.0,1.7708870829679437e-07,3.4986942093081854e-13
862,51780.0,51780,32.70051607817503,32.700516078175376,79.84314302815987,0.0,32.70051679041738,7.122420055252989e-07,0.0,1.7708870800967106e-07,3.5100249077853373e-13
863,51840.0,51840,32.70051607817553,32.70051607817589,80.30640033748617,0.0,32.70051679041789,7.12242003251412e-07,0.0,1.7708870771874952e-07,3.521167581207444e-13
864,51900.0,51900,32.70051607817605,32.7005160781764,80.76965764681248,0.0,32.700516790418405,7.122420009609266e-07,0.0,1.770887074238685e-07,3.5321178221053025e-13
865,51960.0,51960,32.70051607817657,32.700516078176925,81.23291495613879,0.0,32.70051679041892,7.12241998653634e-07,0.0,1.7708870712485927e-07,3.542873398916098e-13
866,52020.0,52020,32.70051607817709,32.70051607817744,81.69617226546511,0.0,32.70051679041944,7.122419963293186e-07,0.0,1.7708870682154983e-07,3.553426859124114e-13
867,52080.0,52080,32.70051607817761,32.70051607817797,82.15942957479143,0.0,32.70051679041996,7.122419939877525e-07,0.0,1.7708870651375473e-07,3.5637768645321123e-13
868,52140.0,52140,32.70051607817813,32.700516078178495,82.62268688411777,0.0,32.70051679042049,7.122419916287071e-07,0.0,1.770887062012879e-07,3.57391784021197e-13
869,52200.0,52200,32.700516078178666,32.70051607817903,83.0859441934441,0.0,32.70051679042102,7.12241989251933e-07,0.0,1.7708870588395206e-07,3.583844870255386e-13
870,52260.0,52260,32.700516078179206,32.70051607817956,83.54920150277046,0.0,32.70051679042155,7.12241986857179e-07,0.0,1.7708870556154218e-07,3.593552636464523e-13
871,52320.0,52320,32.700516078179746,32.7005160781801,84.01245881209681,0.0,32.700516790422085,7.122419844441727e-07,0.0,1.7708870523384385e-07,3.6030372547876033e-13
872,52380.0,52380,32.700516078180286,32.70051607818065,84.47571612142316,0.0,32.70051679042263,7.122419820126379e-07,0.0,1.77088704900635e-07,3.612291815785374e-13
873,52440.0,52440,32.70051607818083,32.700516078181195,84.93897343074954,0.0,32.70051679042318,7.122419795622837e-07,0.0,1.7708870456168204e-07,3.621311164784374e-13
874,52500.0,52500,32.70051607818139,32.70051607818175,85.40223074007592,0.0,32.70051679042373,7.122419770928008e-07,0.0,1.7708870421673987e-07,3.6300889398696635e-13
875,52560.0,52560,32.70051607818194,32.700516078182304,85.8654880494023,0.0,32.70051679042428,7.122419746038748e-07,0.0,1.7708870386555328e-07,3.638619816363115e-13
876,52620.0,52620,32.7005160781825,32.70051607818286,86.32874535872871,0.0,32.700516790424835,7.122419720951699e-07,0.0,1.7708870350785545e-07,3.6468967463458004e-13
877,52680.0,52680,32.700516078183064,32.700516078183426,86.79200266805512,0.0,32.7005167904254,7.122419695663422e-07,0.0,1.7708870314336595e-07,3.6549119715977417e-13
878,52740.0,52740,32.70051607818363,32.700516078183995,87.25525997738153,0.0,32.700516790425965,7.122419670170179e-07,0.0,1.7708870277178903e-07,3.662659278651186e-13
879,52800.0,52800,32.70051607818421,32.70051607818457,87.71851728670796,0.0,32.70051679042653,7.122419644468242e-07,0.0,1.7708870239281522e-07,3.6701291974396427e-13
880,52860.0,52860,32.70051607818478,32.70051607818515,88.18177459603437,0.0,32.70051679042711,7.122419618553541e-07,0.0,1.7708870200611802e-07,3.677315841392189e-13
881,52920.0,52920,32.70051607818536,32.70051607818573,88.64503190536081,0.0,32.700516790427685,7.122419592421928e-07,0.0,1.7708870161135533e-07,3.684207629812074e-13
882,52980.0,52980,32.70051607818595,32.70051607818632,89.10828921468726,0.0,32.700516790428274,7.12241956606906e-07,0.0,1.7708870120816312e-07,3.690796232701587e-13
883,53040.0,53040,32.70051607818654,32.70051607818691,89.57154652401371,0.0,32.700516790428864,7.122419539490337e-07,0.0,1.7708870079615864e-07,3.6970711983628005e-13
884,53100.0,53100,32.700516078187135,32.700516078187505,90.03480383334015,0.0,32.700516790429454,7.122419512681025e-07,0.0,1.770887003749369e-07,3.7030212353039425e-13
885,53160.0,53160,32.70051607818773,32.7005160781881,90.49806114266664,0.0,32.70051679043006,7.122419485636158e-07,0.0,1.7708869994406764e-07,3.7086346394050967e-13
886,53220.0,53220,32.70051607818834,32.70051607818871,90.96131845199311,0.0,32.700516790430655,7.122419458350544e-07,0.0,1.7708869950309644e-07,3.7138961869273716e-13
887,53280.0,53280,32.700516078188954,32.700516078189324,91.42457576131959,0.0,32.70051679043127,7.122419430818905e-07,0.0,1.7708869905153642e-07,3.718792513504509e-13
888,53340.0,53340,32.700516078189565,32.700516078189935,91.8878330706461,0.0,32.70051679043188,7.122419403035631e-07,0.0,1.770886985888699e-07,3.7233081083818986e-13
889,53400.0,53400,32.70051607819019,32.70051607819057,92.3510903799726,0.0,32.700516790432495,7.122419374995023e-07,0.0,1.7708869811454744e-07,3.7274228888341297e-13
890,53460.0,53460,32.700516078190816,32.70051607819119,92.81434768929911,0.0,32.70051679043312,7.122419346691136e-07,0.0,1.770886976279761e-07,3.731118343047549e-13
891,53520.0,53520,32.70051607819145,32.700516078191825,93.27760499862565,0.0,32.70051679043376,7.122419318117985e-07,0.0,1.7708869712852493e-07,3.734370534246061e-13
892,53580.0,53580,32.700516078192095,32.700516078192464,93.74086230795217,0.0,32.70051679043439,7.122419289269361e-07,0.0,1.7708869661551392e-07,3.737153882516066e-13
893,53640.0,53640,32.700516078192734,32.70051607819311,94.20411961727872,0.0,32.70051679043504,7.122419260139068e-07,0.0,1.7708869608820952e-07,3.739439812802766e-13
894,53700.0,53700,32.70051607819339,32.70051607819376,94.66737692660526,0.0,32.700516790435685,7.122419230720799e-07,0.0,1.7708869554582468e-07,3.741196980394698e-13
895,53760.0,53760,32.70051607819404,32.70051607819442,95.13063423593182,0.0,32.70051679043634,7.122419201008259e-07,0.0,1.770886949875089e-07,3.742384344765033e-13
896,53820.0,53820,32.70051607819471,32.700516078195086,95.59389154525839,0.0,32.700516790437,7.122419170995326e-07,0.0,1.7708869441233782e-07,3.742960747096335e-13
897,53880.0,53880,32.700516078195385,32.700516078195754,96.05714885458497,0.0,32.70051679043767,7.122419140675902e-07,0.0,1.7708869381931385e-07,3.742877012245174e-13
898,53940.0,53940,32.70051607819606,32.700516078196436,96.52040616391155,0.0,32.70051679043834,7.122419110044157e-07,0.0,1.7708869320735512e-07,3.7420741496092003e-13
899,54000.0,54000,32.70051607819674,32.70051607819712,96.98366347323815,0.0,32.700516790439025,7.122419079094582e-07,0.0,1.770886925752844e-07,3.740486530152391e-13
900,54060.0,54060,32.70051607819744,32.70051607819781,97.44692078256475,0.0,32.70051679043972,7.122419047822009e-07,0.0,1.7708869192182677e-07,3.738037927120878e-13
901,54120.0,54120,32.700516078198135,32.70051607819851,97.91017809189137,0.0,32.70051679044041,7.122419016221737e-07,0.0,1.770886912456004e-07,3.734637716733849e-13
902,54180.0,54180,32.700516078198845,32.700516078199215,98.37343540121799,0.0,32.700516790441114,7.122418984289593e-07,0.0,1.7708869054510513e-07,3.7301818019531036e-13
903,54240.0,54240,32.70051607819956,32.70051607819993,98.83669271054463,0.0,32.70051679044183,7.122418952021817e-07,0.0,1.770886898187219e-07,3.7245520981165263e-13
904,54300.0,54300,32.70051607820029,32.70051607820066,99.29995001987126,0.0,32.700516790442556,7.122418919415224e-07,0.0,1.7708868906471217e-07,3.7176071077962925e-13
905,54360.0,54360,32.70051607820102,32.70051607820139,99.76320732919794,0.0,32.70051679044328,7.122418886466945e-07,0.0,1.770886882812097e-07,3.709193420378522e-13
906,54420.0,54420,32.700516078201765,32.700516078202135,100.22646463852462,0.0,32.70051679044402,7.12241885317424e-07,0.0,1.7708868746624577e-07,3.6991367518095504e-13
907,54480.0,54480,32.70051607820251,32.70051607820288,100.6897219478513,0.0,32.70051679044476,7.122418819534177e-07,0.0,1.770886866177601e-07,3.6872482621373137e-13
908,54540.0,54540,32.70051607820327,32.70051607820364,101.15297925717798,0.0,32.70051679044552,7.122418785542905e-07,0.0,1.7708868573363961e-07,3.6733425220042144e-13
909,54600.0,54600,32.700516078204046,32.70051607820441,101.61623656650467,0.0,32.70051679044629,7.122418751195121e-07,0.0,1.7708868481178878e-07,3.6572501294085707e-13
910,54660.0,54660,32.70051607820483,32.70051607820519,102.07949387583139,0.0,32.70051679044706,7.122418716482642e-07,0.0,1.7708868385022753e-07,3.63885279983963e-13
911,54720.0,54720,32.700516078205624,32.70051607820598,102.54275118515812,0.0,32.70051679044785,7.122418681393267e-07,0.0,1.7708868284723305e-07,3.6181343871670535e-13
912,54780.0,54780,32.70051607820642,32.70051607820678,103.00600849448483,0.0,32.70051679044865,7.122418645908863e-07,0.0,1.7708868180154483e-07,3.5952555431392934e-13
913,54840.0,54840,32.70051607820724,32.7005160782076,103.4692658038116,0.0,32.700516790449456,7.122418610003357e-07,0.0,1.7708868071263567e-07,3.570636259098656e-13
914,54900.0,54900,32.70051607820807,32.700516078208416,103.93252311313834,0.0,32.70051679045027,7.12241857364056e-07,0.0,1.770886795810214e-07,3.5450491043244016e-13
915,54960.0,54960,32.700516078208906,32.700516078209255,104.39578042246512,0.0,32.700516790451104,7.122418536772137e-07,0.0,1.7708867840857505e-07,3.519684904533687e-13
916,55020.0,55020,32.70051607820976,32.70051607821011,104.85903773179189,0.0,32.70051679045196,7.122418499336089e-07,0.0,1.7708867719874005e-07,3.496115574636119e-13
917,55080.0,55080,32.700516078210626,32.70051607821097,105.32229504111866,0.0,32.70051679045282,7.122418461257196e-07,0.0,1.7708867595641602e-07,3.4760376543579173e-13
918,55140.0,55140,32.70051607821151,32.700516078211855,105.78555235044547,0.0,32.70051679045369,7.122418422449862e-07,0.0,1.7708867468714554e-07,3.460586694802226e-13
919,55200.0,55200,32.70051607821241,32.70051607821275,106.2488096597723,0.0,32.700516790454586,7.122418382825747e-07,0.0,1.7708867339498116e-07,3.448831904416196e-13
920,55260.0,55260,32.70051607821332,32.70051607821367,106.71206696909914,0.0,32.700516790455495,7.122418342307911e-07,0.0,1.7708867207797264e-07,3.4348786496705044e-13
921,55320.0,55320,32.70051607821426,32.7005160782146,107.17532427842599,0.0,32.700516790456426,7.122418300853052e-07,0.0,1.77088670719656e-07,3.402743567124861e-13
922,55380.0,55380,32.70051607821521,32.70051607821554,107.63858158775282,0.0,32.70051679045737,7.122418258482528e-07,0.0,1.7708866927427448e-07,3.318618537770094e-13
923,55440.0,55440,32.70051607821619,32.7005160782165,108.10183889707969,0.0,32.70051679045832,7.122418215320782e-07,0.0,1.770886676440372e-07,3.1205546095646077e-13
924,55500.0,55500,32.700516078217184,32.70051607821745,108.56509620640658,0.0,32.70051679045927,7.122418171639651e-07,0.0,1.77088665648423e-07,2.679434395694605e-13
925,55560.0,55560,32.70051607821821,32.70051607821835,109.02835351573346,0.0,32.700516790460156,7.122418127911809e-07,0.0,1.7708866294244962e-07,1.349263952862895e-13
926,55620.0,55620,32.70051607821926,32.70051607821856,109.49161082506038,0.0,32.70051679046038,7.122418084893639e-07,0.0,1.7708865819797064e-07,-6.940682326091486e-13
927,55680.0,55680,32.70051607822033,32.700516078212004,109.95486813438728,0.0,32.70051679045381,7.122418043791519e-07,0.0,1.770886400934815e-07,-8.326832476275023e-12
928,55740.0,55740,32.70051607822144,32.700516078137916,110.41812544371409,0.0,32.70051679037971,7.12241800661571e-07,0.0,1.770884955909714e-07,-8.352314537608073e-11
929,55800.0,55800,32.70051607822258,32.70051607739451,110.88138275303984,0.0,32.7005167896363,7.122417976854671e-07,0.0,1.7708709887739608e-07,-8.280687048092062e-10
930,55860.0,55860,32.70051607822377,32.70051607002394,111.34464006235508,0.0,32.70051678226574,7.122417960200063e-07,0.0,1.7707329398662661e-07,-8.199828005184138e-09
931,55920.0,55920,32.700516078224965,32.70051599698448,111.8078973715659,0.0,32.70051670922627,7.122417960999064e-07,0.0,1.7693662678566852e-07,-8.124048574838632e-08
932,55980.0,55980,32.70051607822544,32.70051526752786,112.271154679742,0.0,32.700515979769655,7.122417934213034e-07,0.0,1.7558261498387456e-07,-8.106975776747178e-07
933,56040.0,56040,32.700516078217014,32.700507014228045,112.73441197758412,0.0,32.700507726469766,7.122417239467956e-07,0.0,1.6207098196968806e-07,-9.063988970574085e-06
934,56100.0,56100,32.70052001585717,-117.299470920165,113.1976691585045,150.0,7.122418129511494e-07,117.29947163240683,0.0,1.1004456201411506e-08,9.063977807433812e-06
935,56160.0,56160,32.700520015856966,-117.29947917350103,111.24267797472055,150.0,7.122419571907165e-07,117.29947988574298,0.0,1.6207137565358177e-07,8.106420094306701e-07
936,56220.0,56220,32.70052001585695,-117.29947990293601,109.28768665338103,150.0,7.1224196831325e-07,117.29948061517801,0.0,1.7558260015673643e-07,8.120702058437741e-08
937,56280.0,56280,32.700520015856966,-117.29947997597462,107.33269531988424,150.0,7.122419661299977e-07,117.29948068821659,0.0,1.7693659731266322e-07,8.168429150501645e-09
938,56340.0,56340,32.70052001585698,-117.29947998334733,105.37770398517017,150.0,7.122419626195477e-07,117.29948069558928,0.0,1.770732965049995e-07,7.957001933436925e-10
939,56400.0,56400,32.700520015856995,-117.29947998409263,103.42271265033318,150.0,7.122419589938341e-07,117.29948069633458,0.0,1.7708711991349757e-07,5.038437734190043e-11
940,56460.0,56460,32.70052001585701,-117.29947998416797,101.46772131548379,150.0,7.122419554287022e-07,117.29948069640993,0.0,1.7708852058352257e-07,-2.4978302855767557e-11
941,56520.0,56520,32.70052001585702,-117.2994799841755,99.51272998063314,150.0,7.122419519453038e-07,117.29948069641746,0.0,1.770886638317154e-07,-3.2528246296919303e-11
942,56580.0,56580,32.700520015857045,-117.29947998417643,97.55773864578236,150.0,7.122419484970052e-07,117.29948069641839,0.0,1.7708868011192332e-07,-3.348375685212127e-11
943,56640.0,56640,32.70052001585706,-117.2994799841772,95.60274731093159,150.0,7.122419450282599e-07,117.29948069641915,0.0,1.7708867943462614e-07,-3.424949628777482e-11
944,56700.0,56700,32.70052001585707,-117.29947998417784,93.64775597608077,150.0,7.122419415103959e-07,117.29948069641979,0.0,1.7708866567080984e-07,-3.4903722585963295e-11
945,56760.0,56760,32.70052001585709,-117.29947998417624,91.69276464122997,150.0,7.122419377355444e-07,117.29948069641817,0.0,1.7708864378258105e-07,-3.330919122399148e-11
946,56820.0,56820,32.7005200158571,-117.29947998416475,89.73777330637918,150.0,7.122419328603653e-07,117.29948069640668,0.0,1.7708865607254837e-07,-2.1837901613530477e-11
947,56880.0,56880,32.70052001585713,-117.29947998408014,87.78278197152859,150.0,7.122419258056703e-07,117.29948069632208,0.0,1.7708886574595605e-07,6.274593174468602e-11
948,56940.0,56940,32.700520015857165,-117.29947998347899,85.82779063667941,150.0,7.122419088305785e-07,117.2994806957209,0.0,1.7709047316887142e-07,6.638470349344579e-10
949,57000.0,57000,32.700520015857165,-117.29947997705924,83.87279930184025,150.0,7.122419164772898e-07,117.29948068930116,0.0,1.771019632629972e-07,7.083596321691364e-09
950,57060.0,57060,32.700520015857094,-117.29947991349789,81.91780796710808,150.0,7.122419694427749e-07,117.29948062573986,0.0,1.7722048506512543e-07,7.06450257219414e-08
951,57120.0,57120,32.70052001585731,-117.2994792899468,79.96281663343525,150.0,7.122418403378108e-07,117.29948000218864,0.0,1.7839875939754124e-07,6.941958916291271e-07
952,57180.0,57180,32.700520015857364,-117.29947337244182,78.00782531015496,150.0,7.12241813464835e-07,117.29947408468364,0.0,1.899689781230839e-07,6.611700829747628e-06
953,57240.0,57240,32.70052001620909,-97.1521401109244,76.05283408549974,150.0,7.120065222218967e-07,97.15214082293095,0.0,3.001652632953193e-07,20.14733987286652
954,57300.0,57300,32.700519978588986,-1.0042707114642769e-05,74.43363174853708,150.0,7.625616464033093e-07,1.0805268792935545e-05,0.0,0.33578929804827773,117.29946997870393
955,57360.0,57360,32.70051993584796,-4.539238096548267e-06,74.43363157925165,150.0,8.214674641566802e-07,5.3607055918443e-06,0.0,2.2907804643618603,117.29947552491397
956,57420.0,57420,32.700519887123804,-2.674437810811955e-06,74.43363150154343,105.0,8.90231696940381e-07,3.5646695383821887e-06,0.0,4.245771723112247,72.2994774384384
957,57480.0,57480,32.700519765883534,-1.0651857653576708e-06,74.4336314547433,0.0,1.0692242149795398e-06,2.1344100094497313e-06,0.0,5.4507630137546625,-32.70052083106928
958,57540.0,57540,32.700519689150354,-5.890205930316188e-07,74.43363143431657,0.0,1.1887199121439676e-06,1.7777405335830563e-06,0.0,4.905754333238585,-32.70052027817092
959,57600.0,57600,32.70051959749864,-1.8491835446031058e-07,74.4336314215272,0.0,1.338277297069199e-06,1.5231956792532364e-06,0.0,4.3607456619375,-32.70051978241697
960,57660.0,57660,32.70051948610919,1.98466219217113e-07,74.43363141509894,0.0,1.5308726760192111e-06,1.3324064838401185e-06,0.0,3.8157369988988505,-32.70051928764294
961,57720.0,57720,32.70051934783655,6.041205435397879e-07,74.43363141457894,0.0,1.7882060335387886e-06,1.1840855171485915e-06,0.0,3.270728344106463,-32.70051874371598
962,57780.0,57780,32.70051917161291,1.0840399497725539e-06,74.43363142017652,0.0,2.149513092331352e-06,1.0654731684219324e-06,0.0,2.7257196983794323,-32.70051808757293
963,57840.0,57840,32.70051893932858,1.7253075708976296e-06,74.4336314328695,0.0,2.6937635848899733e-06,9.684560392197295e-07,0.0,2.180711063588083,-32.700517214020984
964,57900.0,57900,32.7005186191722,2.7193849161661697e-06,74.43363145488964,0.0,3.607013479579321e-06,8.876285880532291e-07,0.0,1.635702443355921,-32.70051589978726
965,57960.0,57960,32.700518149649106,4.6377933528808655e-06,74.4336314911946,0.0,5.45704376564152e-06,8.19250436859703e-07,0.0,1.090693845027625,-32.70051351185574
966,58020.0,58020,32.700517394424395,1.0443331809214766e-05,74.43363155484798,0.0,1.1203982801315552e-05,7.606510158965846e-07,0.0,0.5456852864980536,-32.70050695109257
967,58080.0,58080,32.70051605887265,32.65992340609785,74.43363170089296,0.0,32.65992411810733,7.12009467369549e-07,0.0,0.0006768373145872289,-0.040592652774807385
968,58140.0,58140,32.70051607821012,32.700509845313135,74.89631394736541,0.0,32.70051055755495,7.122418105174327e-07,0.0,2.9310172411058884e-07,-6.232896988039854e-06
969,58200.0,58200,32.7005160782172,32.70051542425638,75.35957116839283,0.0,32.7005161364982,7.122418149758088e-07,0.0,1.8921999868499177e-07,-6.539608095784828e-07
970,58260.0,58260,32.7005160782187,32.70051601177492,75.82282846845527,0.0,32.70051672401673,7.122418132463201e-07,0.0,1.7832062533595382e-07,-6.644377871229421e-08
971,58320.0,58320,32.70051607821901,32.70051607150492,76.2860857768409,0.0,32.70051678374673,7.122418082819259e-07,0.0,1.7721321907794772e-07,-6.714089284121936e-09
972,58380.0,58380,32.700516078219174,32.700516077541415,76.74934308607271,0.0,32.700516789783215,7.122418040431855e-07,0.0,1.771013101446288e-07,-6.777567403950602e-10
973,58440.0,58440,32.700516078219344,32.70051607815121,77.21260039539003,0.0,32.700516790393,7.122418010422384e-07,0.0,1.7709000698158024e-07,-6.813944994630843e-11
974,58500.0,58500,32.70051607821955,32.700516078213006,77.675857704716,0.0,32.700516790454806,7.122417989165926e-07,0.0,1.7708886382667153e-07,-6.537948164919508e-12
975,58560.0,58560,32.70051607821976,32.70051607821949,78.13911501404282,0.0,32.700516790461286,7.122417972750236e-07,0.0,1.7708874703456468e-07,-2.692052888761871e-13
976,58620.0,58620,32.700516078219984,32.70051607822038,78.60237232336975,0.0,32.700516790462174,7.122417958730851e-07,0.0,1.7708873448096994e-07,3.9393835038181624e-13
977,58680.0,58680,32.70051607822021,32.70051607822069,79.06562963269668,0.0,32.70051679046248,7.122417945854714e-07,0.0,1.770887328019839e-07,4.758145529305082e-13
978,58740.0,58740,32.700516078220446,32.700516078220936,79.52888694202363,0.0,32.70051679046273,7.122417933508096e-07,0.0,1.7708873233379137e-07,4.919631093669784e-13
979,58800.0,58800,32.70051607822069,32.700516078221185,79.99214425135058,0.0,32.70051679046297,7.122417921371291e-07,0.0,1.7708873199149133e-07,4.991991803534346e-13
980,58860.0,58860,32.70051607822092,32.700516078221426,80.45540156067753,0.0,32.70051679046322,7.122417909263051e-07,0.0,1.770887316392975e-07,5.04883927295401e-13
981,58920.0,58920,32.70051607822117,32.70051607822168,80.91865887000449,0.0,32.70051679046347,7.12241789707765e-07,0.0,1.7708873126907826e-07,5.099674420285286e-13
982,58980.0,58980,32.70051607822142,32.70051607822194,81.38191617933144,0.0,32.700516790463716,7.122417884756129e-07,0.0,1.770887308905636e-07,5.144041229314755e-13
983,59040.0,59040,32.700516078221675,32.70051607822219,81.8451734886584,0.0,32.70051679046398,7.122417872269082e-07,0.0,1.7708873051125358e-07,5.181110604498504e-13
984,59100.0,59100,32.70051607822193,32.700516078222456,82.30843079798537,0.0,32.700516790464235,7.122417859605036e-07,0.0,1.770887301336992e-07,5.211328640986421e-13
985,59160.0,59160,32.70051607822219,32.70051607822271,82.77168810731234,0.0,32.7005167904645,7.122417846762081e-07,0.0,1.770887297570415e-07,5.236092243204749e-13
986,59220.0,59220,32.700516078222456,32.700516078222975,83.2349454166393,0.0,32.70051679046476,7.122417833742659e-07,0.0,1.77088729378981e-07,5.257100205397496e-13
987,59280.0,59280,32.70051607822272,32.70051607822325,83.6982027259663,0.0,32.70051679046503,7.122417820550485e-07,0.0,1.7708872899708608e-07,5.275883602352761e-13
988,59340.0,59340,32.70051607822299,32.70051607822352,84.16146003529327,0.0,32.7005167904653,7.122417807188819e-07,0.0,1.770887286093872e-07,5.293591956410444e-13
989,59400.0,59400,32.70051607822327,32.7005160782238,84.62471734462025,0.0,32.70051679046558,7.12241779366006e-07,0.0,1.770887282144894e-07,5.310960715938272e-13
990,59460.0,59460,32.700516078223544,32.70051607822408,85.08797465394724,0.0,32.700516790465855,7.122417779965519e-07,0.0,1.7708872781145833e-07,5.328349495316754e-13
991,59520.0,59520,32.70051607822383,32.70051607822436,85.55123196327423,0.0,32.70051679046614,7.122417766105964e-07,0.0,1.7708872739960745e-07,5.345841547648998e-13
992,59580.0,59580,32.70051607822411,32.700516078224645,86.01448927260122,0.0,32.70051679046642,7.122417752081802e-07,0.0,1.77088726978323e-07,5.363315001917392e-13
993,59640.0,59640,32.7005160782244,32.700516078224936,86.47774658192823,0.0,32.70051679046671,7.122417737893579e-07,0.0,1.7708872654692504e-07,5.380505180392402e-13
994,59700.0,59700,32.700516078224695,32.700516078225235,86.94100389125524,0.0,32.700516790467006,7.12241772354229e-07,0.0,1.7708872610458902e-07,5.397055646469557e-13
995,59760.0,59760,32.70051607822499,32.700516078225526,87.40426120058224,0.0,32.700516790467304,7.122417709029265e-07,0.0,1.7708872565033272e-07,5.412555815455831e-13
996,59820.0,59820,32.70051607822529,32.70051607822583,87.86751850990926,0.0,32.7005167904676,7.122417694356151e-07,0.0,1.7708872518307454e-07,5.426577668461736e-13
997,59880.0,59880,32.7005160782256,32.700516078226144,88.33077581923627,0.0,32.700516790467915,7.122417679524237e-07,0.0,1.7708872470176114e-07,5.438728754854049e-13
998,59940.0,59940,32.7005160782259,32.70051607822645,88.79403312856329,0.0,32.700516790468214,7.12241766453379e-07,0.0,1.7708872420558666e-07,5.448733727503069e-13
999,60000.0,60000,32.700516078226215,32.70051607822676,89.2572904378903,0.0,32.70051679046853,7.122417649382862e-07,0.0,1.7708872369432856e-07,5.456544199321701e-13
1000,60060.0,60060,32.700516078226535,32.70051607822708,89.72054774721735,0.0,32.700516790468846,7.122417634066062e-07,0.0,1.7708872316879745e-07,5.46246864542362e-13
1001,60120.0,60120,32.700516078226855,32.7005160782274,90.18380505654437,0.0,32.700516790469166,7.122417618573324e-07,0.0,1.7708872263135692e-07,5.467293199996006e-13
1002,60180.0,60180,32.70051607822718,32.70051607822773,90.64706236587142,0.0,32.70051679046949,7.122417602888931e-07,0.0,1.7708872208640927e-07,5.472264827965739e-13
1003,60240.0,60240,32.700516078227515,32.70051607822806,91.11031967519848,0.0,32.70051679046982,7.122417586991815e-07,0.0,1.7708872154051308e-07,5.478788169092004e-13
1004,60300.0,60300,32.70051607822785,32.7005160782284,91.57357698452552,0.0,32.700516790470154,7.122417570857387e-07,0.0,1.7708872100160928e-07,5.487504721874781e-13
1005,60360.0,60360,32.70051607822819,32.70051607822874,92.03683429385258,0.0,32.700516790470495,7.122417554462789e-07,0.0,1.770887204764284e-07,5.496383767812586e-13
1006,60420.0,60420,32.70051607822854,32.700516078229086,92.50009160317964,0.0,32.70051679047084,7.122417537796336e-07,0.0,1.770887199648592e-07,5.497516521500307e-13
1007,60480.0,60480,32.700516078228894,32.70051607822944,92.9633489125067,0.0,32.70051679047119,7.122417520872554e-07,0.0,1.7708871945011433e-07,5.47259507671549e-13
1008,60540.0,60540,32.70051607822925,32.700516078229796,93.42660622183377,0.0,32.700516790471546,7.122417503753563e-07,0.0,1.7708871888434548e-07,5.385293714404507e-13
1009,60600.0,60600,32.70051607822962,32.70051607823014,93.88986353116083,0.0,32.70051679047188,7.122417486577759e-07,0.0,1.7708871816720842e-07,5.134197839658963e-13
1010,60660.0,60660,32.700516078229995,32.7005160782304,94.3531208404879,0.0,32.70051679047215,7.122417469600745e-07,0.0,1.7708871705414778e-07,4.054440996306704e-13
1011,60720.0,60720,32.70051607823038,32.70051607822996,94.81637814981498,0.0,32.70051679047171,7.12241745326664e-07,0.0,1.7708871424128006e-07,-4.184042343821628e-13
1012,60780.0,60780,32.70051607823078,32.70051607822254,95.27963545914207,0.0,32.700516790464285,7.122417438352318e-07,0.0,1.7708869794421155e-07,-8.23616123991189e-12
1013,60840.0,60840,32.70051607823119,32.700516078145945,95.74289276846903,0.0,32.70051679038769,7.122417426258014e-07,0.0,1.770885518089215e-07,-8.524561512336927e-11
1014,60900.0,60900,32.70051607823162,32.70051607738445,96.20615007779492,0.0,32.70051678962619,7.122417419459479e-07,0.0,1.770871228655583e-07,-8.471685933906246e-10
1015,60960.0,60960,32.70051607823207,32.700516069842124,96.66940738711003,0.0,32.70051678208387,7.122417421455794e-07,0.0,1.7707299607088099e-07,-8.389944190848171e-09
1016,61020.0,61020,32.70051607823247,32.70051599510603,97.13266469631829,0.0,32.700516707347774,7.122417430594083e-07,0.0,1.7693315740795886e-07,-8.312643562135292e-08
1017,61080.0,61080,32.70051607823201,32.7005152485448,97.59592200446778,0.0,32.70051596078654,7.122417381019745e-07,0.0,1.7554771156900917e-07,-8.296872155373296e-07
1018,61140.0,61140,32.700516078221966,32.700506763025054,98.05917930204096,0.0,32.700507475266704,7.122416512937615e-07,0.0,1.6171958152057172e-07,-9.315196914064632e-06
1019,61200.0,61200,32.700520255572414,-258.9661453600782,98.52243647940264,300.0,4.100400646882459e-07,258.96614577011826,0.0,6.466256715125707e-09,8.33333438434939
1020,61260.0,61260,32.70052024177152,-258.96614524688925,94.20633405570901,300.0,4.264943784259407e-07,258.96614567338366,0.0,0.13888891287305016,8.333334511339194
1021,61320.0,61320,32.70052022691977,-258.9661451108268,89.89023163386071,300.0,4.4432389015529325e-07,258.9661455551507,0.0,0.27777782139630125,8.33333466225343
1022,61380.0,61380,32.70052021089259,-258.96614494365133,85.57412921423554,300.0,4.6370825946643473e-07,258.9661454073596,0.0,0.4166667324347584,8.333334845456104
1023,61440.0,61440,32.700520193544754,-258.96614473248326,81.25802679734818,300.0,4.84860080109819e-07,258.96614521734335,0.0,0.5555556465265571,8.333335073971991
1024,61500.0,61500,32.70052017470605,-258.9661444559578,76.94192438392739,300.0,5.080326007229556e-07,258.9661449639905,0.0,0.6944445644269166,8.333335369336094
1025,61560.0,61560,32.70052015417565,-258.96614407577084,72.62582197505743,300.0,5.335298967456309e-07,258.9661446093008,0.0,0.8333334872499709,8.333335770053496
1026,61620.0,61620,32.700520131714995,-258.9661435155555,68.30971957246018,300.0,5.617202859543898e-07,258.96614407727577,0.0,0.9722224167516107,8.333336352729548
1027,61680.0,61680,32.70052010703843,-258.966142597538,63.99361717912938,300.0,5.930542377089788e-07,258.9661431905923,0.0,1.1111113559644783,8.333337295423574
1028,61740.0,61740,32.700520079801024,-258.9661407892252,59.677514801020536,300.0,6.280886292011819e-07,258.96614141731385,0.0,1.2500003108888762,8.33333913097378
1029,61800.0,61800,32.70052004958212,-258.9661354293292,55.361412452962654,300.0,6.675207809139433e-07,258.96613609685,0.0,1.3888892964057333,8.333344521088678
1030,61860.0,61860,32.70052001586199,-3.859102889382066,51.04531019413779,300.0,7.122399554722313e-07,3.8591036016220306,0.0,1.5277783717578075,263.44037709475595
1031,61920.0,61920,32.70051997800374,-9.880389029164626e-06,50.98099181086691,69.99999999999986,7.633592237013168e-07,1.0643748262092737e-05,0.0,5.918451323337633,37.29947014160709
1032,61980.0,61980,32.70051988636415,-2.6558874936135874e-06,50.980991644284785,0.0,8.913174218917194e-07,3.5472049234596868e-06,0.0,6.540109159031595,-32.70052254225163
1033,62040.0,62040,32.7005198301871,-1.6874325669529694e-06,50.98099159779113,0.0,9.728488742023529e-07,2.6602814485128317e-06,0.0,5.995100449994547,-32.700521517619656
1034,62100.0,62100,32.70051976485503,-1.0573526676518805e-06,50.980991567234554,0.0,1.0707924182389755e-06,2.128145092568332e-06,0.0,5.450091758034662,-32.700520822207686
1035,62160.0,62160,32.70051968793147,-5.82736587171161e-07,50.980991546934455,0.0,1.1906582402263865e-06,1.7733948334307595e-06,0.0,4.90508307766493,-32.70052027066805
1036,62220.0,62220,32.700519596031185,-1.7927134882269675e-07,50.98099153424496,0.0,1.340733996959424e-06,1.5200053511343006e-06,0.0,4.36007440648749,-32.70051977530253
1037,62280.0,62280,32.70051948430861,2.0412199700610123e-07,50.980991527904685,0.0,1.5340871729386202e-06,1.3299651806653961e-06,0.0,3.8150657435660986,-32.700519280186604
1038,62340.0,62340,32.70051934557515,6.104342358981879e-07,50.98099152747093,0.0,1.7925915416666311e-06,1.1821573098373924e-06,0.0,3.2700570888966154,-32.70051873514091
1039,62400.0,62400,32.70051916868838,1.091936762803801e-06,50.98099153316277,0.0,2.1558485008557103e-06,1.0639117414529272e-06,0.0,2.7250484433111777,-32.70051807675161
1040,62460.0,62460,32.700518935400154,1.7365438019727201e-06,50.98099154597153,0.0,2.7037096540133134e-06,9.671658548344967e-07,0.0,2.1800398086988526,-32.700517198856346
1041,62520.0,62520,32.700518613618186,2.7382893286559727e-06,50.980991568154074,0.0,3.6248339539620683e-06,8.865446274303403e-07,0.0,1.6350311887180833,-32.70051587532886
1042,62580.0,62580,32.70051814120437,4.67944070890995e-06,50.98099160472957,0.0,5.4977676346126736e-06,8.183269271933336e-07,0.0,1.0900225907960663,-32.700513461763656
1043,62640.0,62640,32.70051738006835,1.0614834593560513e-05,50.98099166897525,0.0,1.1374689451641386e-05,7.598548589603538e-07,0.0,0.5450140331000952,-32.700506765233754
1044,62700.0,62700,32.70051607780152,32.70019844622553,50.980991817451866,0.0,32.70019915846216,7.122366374558262e-07,0.0,5.587012919900404e-06,-0.00031763157598657606
1045,62760.0,62760,32.70051607822668,32.70050984257619,51.444244626992216,0.0,32.70051055481782,7.122416256118032e-07,0.0,2.9315332464159256e-07,-6.235650486659124e-06
1046,62820.0,62820,32.70051607823742,32.70051542396366,51.90750184798088,0.0,32.70051613620537,7.122417188343039e-07,0.0,1.892259075137439e-07,-6.542737603664289e-07
1047,62880.0,62880,32.70051607823898,32.70051601175805,52.370759148039184,0.0,32.700516723999776,7.122417264546032e-07,0.0,1.7832133511435302e-07,-6.64809302984881e-08
1048,62940.0,62940,32.70051607823916,32.7005160715201,52.83401645642457,0.0,32.70051678376182,7.122417198721417e-07,0.0,1.7721330636671917e-07,-6.719066080409252e-09
1049,63000.0,63000,32.700516078239225,32.70051607756154,53.297273765656584,0.0,32.70051678980325,7.12241713190231e-07,0.0,1.7710131316664226e-07,-6.776809365353864e-10
1050,63060.0,63060,32.700516078239346,32.700516078171376,53.760531074974196,0.0,32.70051679041309,7.122417086186446e-07,0.0,1.770900148199317e-07,-6.796782644544288e-11
1051,63120.0,63120,32.7005160782395,32.70051607823271,54.223788384300434,0.0,32.70051679047441,7.122417056447522e-07,0.0,1.770888781208425e-07,-6.80135037138149e-12
1052,63180.0,63180,32.70051607823967,32.70051607823913,54.68704569362755,0.0,32.70051679048083,7.122417035243388e-07,0.0,1.770887583724492e-07,-5.393966239571814e-13
1053,63240.0,63240,32.70051607823984,32.70051607824013,55.15030300295476,0.0,32.70051679048183,7.122417018479738e-07,0.0,1.7708874124626847e-07,2.84981538996347e-13
1054,63300.0,63300,32.700516078240014,32.70051607824049,55.613560312281976,0.0,32.7005167904822,7.12241700448499e-07,0.0,1.7708873717922844e-07,4.799456099136152e-13
1055,63360.0,63360,32.70051607824019,32.700516078240724,56.076817621609216,0.0,32.700516790482425,7.122416992425308e-07,0.0,1.7708873615295025e-07,5.373221413651305e-13
1056,63420.0,63420,32.700516078240376,32.70051607824092,56.54007493093645,0.0,32.700516790482624,7.122416981659602e-07,0.0,1.7708873593286856e-07,5.501292797443694e-13
1057,63480.0,63480,32.70051607824057,32.70051607824112,57.00333224026366,0.0,32.700516790482816,7.122416971658547e-07,0.0,1.7708873571959422e-07,5.532254014561173e-13
1058,63540.0,63540,32.70051607824077,32.70051607824132,57.46658954959091,0.0,32.70051679048302,7.122416962040099e-07,0.0,1.7708873532414767e-07,5.571668248183839e-13
1059,63600.0,63600,32.70051607824097,32.700516078241535,57.92984685891815,0.0,32.70051679048323,7.122416952573742e-07,0.0,1.7708873478821608e-07,5.612039652147276e-13
1060,63660.0,63660,32.70051607824118,32.70051607824173,58.39310416824538,0.0,32.700516790483434,7.122416943155453e-07,0.0,1.7708873417660485e-07,5.609885722533227e-13
1061,63720.0,63720,32.70051607824139,32.70051607824194,58.856361477572634,0.0,32.70051679048363,7.122416933781225e-07,0.0,1.7708873349765522e-07,5.514980619299348e-13
1062,63780.0,63780,32.700516078241606,32.700516078242124,59.31961878689988,0.0,32.70051679048382,7.122416924536146e-07,0.0,1.7708873268690437e-07,5.225608887886029e-13
1063,63840.0,63840,32.70051607824182,32.70051607824223,59.78287609622712,0.0,32.70051679048392,7.122416915610315e-07,0.0,1.7708873153007595e-07,4.056048333876912e-13
1064,63900.0,63900,32.700516078242046,32.7005160782416,60.246133405554374,0.0,32.70051679048329,7.122416907361117e-07,0.0,1.7708872870587342e-07,-4.4427028402932504e-13
1065,63960.0,63960,32.70051607824228,32.700516078233946,60.70939071488161,0.0,32.70051679047563,7.122416900453701e-07,0.0,1.7708871219897176e-07,-8.334196062901858e-12
1066,64020.0,64020,32.700516078242515,32.700516078157044,61.17264802420875,0.0,32.70051679039874,7.122416896083022e-07,0.0,1.7708856495991034e-07,-8.54673327851687e-11
1067,64080.0,64080,32.700516078242764,32.7005160773958,61.63590533353479,0.0,32.70051678963749,7.122416896081495e-07,0.0,1.7708713340120648e-07,-8.469662033152952e-10
1068,64140.0,64140,32.70051607824301,32.70051606986176,62.09916264285005,0.0,32.70051678210345,7.122416901940194e-07,0.0,1.770730124116268e-07,-8.381250805119437e-09
1069,64200.0,64200,32.70051607824316,32.70051599522181,62.56241995205857,0.0,32.70051670746349,7.122416908054123e-07,0.0,1.7693332477969856e-07,-8.302135809149911e-08
1070,64260.0,64260,32.70051607824243,32.700515249660036,63.025677260209704,0.0,32.70051596190172,7.122416850613436e-07,0.0,1.7554964685848287e-07,-8.285823952958264e-07
1071,64320.0,64320,32.700516078232724,32.70050677740089,63.48893455779871,0.0,32.70050748964249,7.122415945700796e-07,0.0,1.617399724042203e-07,-9.300831827721173e-06
1072,64380.0,64380,32.70052024206484,-258.96614524941674,63.95219173536405,300.0,4.261436341950185e-07,258.96614567556037,0.0,6.725982178510023e-09,8.333334508518416
1073,64440.0,64440,32.70052022723611,-258.96614511389737,59.6360893134745,300.0,4.4394289887621934e-07,258.9661455578403,0.0,0.13888891520170182,8.333334658866493
1074,64500.0,64500,32.700520211234554,-258.9661449474704,55.31998689379912,300.0,4.6329321526844664e-07,258.9661454107636,0.0,0.27777782618319585,8.333334841295036
1075,64560.0,64560,32.700520193915516,-258.9661447373819,51.00388447684913,300.0,4.844062857680967e-07,258.9661452217882,0.0,0.41666674020513406,8.333335068702546
1076,64620.0,64620,32.70052017510936,-258.96614446250305,46.68778206334784,300.0,5.075344017267659e-07,258.9661449700375,0.0,0.5555556580171049,8.333335362387572
1077,64680.0,64680,32.700520154616,-258.9661440850213,42.37167965437004,300.0,5.329804625195643e-07,258.9661446180018,0.0,0.6944445807238376,8.333335760362653
1078,64740.0,64740,32.70052013219771,-258.9661435297436,38.05557725162,300.0,5.611112995140626e-07,258.9661440908549,0.0,0.8333335100634216,8.333336338058654
1079,64800.0,64800,32.700520107569936,-258.966142622309,33.73947485805425,300.0,5.923754744269355e-07,258.9661432146845,0.0,0.9722224490312659,8.333337270121053
1080,64860.0,64860,32.700520080389104,-258.9661408439814,29.423372479534258,300.0,6.273273687040936e-07,258.9661414713088,0.0,1.1111114035334602,8.3333390756295
1081,64920.0,64920,32.70052005023644,-258.96613564490394,25.107270130565674,300.0,6.666605239315984e-07,258.96613631156447,0.0,1.250000388127396,8.33334430485959
1082,64980.0,64980,32.70052001635094,-130.4781618699424,20.791167868150048,300.0,7.119116838139687e-07,130.47816258185406,0.0,1.3888894598751078,136.82131811370667
1083,65040.0,65040,32.70051997882845,-1.0105886041268805e-05,18.616531835203983,204.99999999999983,7.622351428709285e-07,1.0868121184785622e-05,0.0,3.6692447617702575,172.29946991528533
1084,65100.0,65100,32.70051988743618,-2.681932214191523e-06,18.616531664866383,0.0,8.897851034672143e-07,3.571717317178905e-06,0.0,6.540902593691663,-32.700522569368395
1085,65160.0,65160,32.7005198314267,-1.7030192006244314e-06,18.616531617942474,0.0,9.710235262429256e-07,2.6740427257305113e-06,0.0,5.995893884202159,-32.7005215344459
1086,65220.0,65220,32.700519766304794,-1.0683614457236169e-06,18.616531587130684,0.0,1.0685812593667144e-06,2.136942703403735e-06,0.0,5.450885191961302,-32.700520834666236
1087,65280.0,65280,32.70051968964971,-5.915754841758251e-07,18.61653156665264,0.0,1.187924760427728e-06,1.779500242153164e-06,0.0,4.905876511383409,-32.7005202812252
1088,65340.0,65340,32.70051959809999,-1.8722028770664286e-07,18.616531553822664,0.0,1.3372687969465491e-06,1.5244890815764265e-06,0.0,4.360867840029521,-32.70051978532028
1089,65400.0,65400,32.700519486847256,1.9615480897722188e-07,18.616531547358576,0.0,1.529551931817898e-06,1.333397119080915e-06,0.0,3.8158591769406662,-32.70051929069245
1090,65460.0,65460,32.700519348763905,6.015335549195859e-07,18.61653154680337,0.0,1.786402067620214e-06,1.1848685083125437e-06,0.0,3.2708505220955333,-32.700518747230355
1091,65520.0,65520,32.700519172813,1.0807952623686445e-06,18.616531552362346,0.0,2.14690285644855e-06,1.0661075892118844e-06,0.0,2.7258418763081087,-32.700518092017745
1092,65580.0,65580,32.70051894094219,1.7206754017916814e-06,18.61653156500777,0.0,2.689655908797437e-06,9.68980501138243e-07,0.0,2.1808332414408302,-32.700517220266796
1093,65640.0,65640,32.700518621456496,2.7115548104466402e-06,18.616531586960978,0.0,3.5996242007385254e-06,8.880693838124714e-07,0.0,1.6358246211027403,-32.70051590990169
1094,65700.0,65700,32.70051815312859,4.620393712355818e-06,18.616531623153918,0.0,5.440019795416427e-06,8.196260759066036e-07,0.0,1.0908160226039652,-32.70051353273489
1095,65760.0,65760,32.70051740035548,1.0369780387228556e-05,18.616531686559853,0.0,1.1130755229999207e-05,7.60974835171349e-07,0.0,0.5458074637246257,-32.700507030575096
1096,65820.0,65820,32.70051605105373,32.652592844419004,18.616531831562067,0.0,32.6525935563326,7.119135954044247e-07,0.0,0.0007990132145760404,-0.04792320663472136
1097,65880.0,65880,32.70051607818823,32.700509845178075,19.079110228410983,0.0,32.70051055741995,7.122418837408756e-07,0.0,2.9310397306480735e-07,-6.233010157051205e-06
1098,65940.0,65940,32.70051607819681,32.70051542421481,19.542367449436487,0.0,32.700516136456706,7.122418988975621e-07,0.0,1.8922044060290482e-07,-6.539820064150387e-07
1099,66000.0,66000,32.7005160781983,32.70051601175349,20.00562474949835,0.0,32.7005167239954,7.122419087179235e-07,0.0,1.7832070719968349e-07,-6.644480388863355e-08
1100,66060.0,66060,32.700516078197985,32.70051607148418,20.468882057883675,0.0,32.70051678372609,7.122419068967752e-07,0.0,1.7721327353166082e-07,-6.713804633917577e-09
1101,66120.0,66120,32.700516078197325,32.700516077520064,20.932139367115184,0.0,32.70051678976196,7.122419023993913e-07,0.0,1.7710136269276242e-07,-6.772642624105988e-10
1102,66180.0,66180,32.700516078196706,32.70051607812928,21.395396676432206,0.0,32.700516790371175,7.122418994571838e-07,0.0,1.770900673772788e-07,-6.742295126611192e-11
1103,66240.0,66240,32.700516078196166,32.70051607818963,21.85865398575786,0.0,32.70051679043153,7.122418985155954e-07,0.0,1.7708893934432453e-07,-6.534178289480955e-12
1104,66300.0,66300,32.70051607819567,32.70051607819506,22.321911295084366,0.0,32.70051679043696,7.122418988772902e-07,0.0,1.770888243783048e-07,-6.138480265121831e-13
1105,66360.0,66360,32.70051607819518,32.70051607819535,22.785168604410945,0.0,32.70051679043725,7.122418999164745e-07,0.0,1.7708880549076267e-07,1.6624485213788339e-13
1106,66420.0,66420,32.700516078194696,32.700516078195136,23.248425913737538,0.0,32.700516790437035,7.122419013247105e-07,0.0,1.7708879830347442e-07,4.436487845036195e-13
1107,66480.0,66480,32.70051607819422,32.70051607819479,23.711683223064128,0.0,32.700516790436694,7.122419029739085e-07,0.0,1.770887954831419e-07,5.690356625083273e-13
1108,66540.0,66540,32.70051607819375,32.70051607819436,24.174940532390703,0.0,32.70051679043627,7.12241904788058e-07,0.0,1.7708879481964284e-07,6.083983458749128e-13
1109,66600.0,66600,32.700516078193296,32.70051607819391,24.638197841717282,0.0,32.70051679043581,7.122419067019414e-07,0.0,1.7708879479816124e-07,6.134694523218914e-13
1110,66660.0,66660,32.700516078192855,32.700516078193466,25.101455151043847,0.0,32.70051679043538,7.122419086610565e-07,0.0,1.7708879467754962e-07,6.136509332221428e-13
1111,66720.0,66720,32.70051607819242,32.70051607819304,25.56471246037041,0.0,32.700516790434946,7.122419106264802e-07,0.0,1.7708879426334635e-07,6.190021773263345e-13
1112,66780.0,66780,32.700516078191995,32.70051607819263,26.027969769696963,0.0,32.700516790434534,7.12241912574708e-07,0.0,1.770887936113355e-07,6.296672166487567e-13
1113,66840.0,66840,32.70051607819158,32.70051607819222,26.491227079023517,0.0,32.700516790434136,7.122419144940169e-07,0.0,1.7708879283892834e-07,6.427216885928473e-13
1114,66900.0,66900,32.70051607819117,32.700516078191825,26.954484388350064,0.0,32.700516790433745,7.122419163802114e-07,0.0,1.770887920425375e-07,6.554473277396391e-13
1115,66960.0,66960,32.700516078190766,32.700516078191434,27.417741697676593,0.0,32.700516790433355,7.122419182332577e-07,0.0,1.7708879127762933e-07,6.663010526508372e-13
1116,67020.0,67020,32.700516078190375,32.70051607819104,27.88099900700313,0.0,32.70051679043297,7.12241920055062e-07,0.0,1.7708879056569687e-07,6.748151778247484e-13
1117,67080.0,67080,32.70051607818998,32.70051607819066,28.344256316329663,0.0,32.70051679043258,7.1224192184819e-07,0.0,1.7708878990775383e-07,6.811810207687179e-13
1118,67140.0,67140,32.700516078189594,32.70051607819028,28.807513625656178,0.0,32.700516790432204,7.122419236151644e-07,0.0,1.770887892956183e-07,6.85870688522466e-13
1119,67200.0,67200,32.70051607818921,32.70051607818991,29.270770934982696,0.0,32.700516790431834,7.12241925358157e-07,0.0,1.7708878871893404e-07,6.893926192727733e-13
1120,67260.0,67260,32.70051607818884,32.70051607818953,29.73402824430921,0.0,32.70051679043146,7.122419270788633e-07,0.0,1.7708878816856104e-07,6.921746649518778e-13
1121,67320.0,67320,32.700516078188464,32.70051607818916,30.197285553635716,0.0,32.700516790431095,7.122419287784801e-07,0.0,1.770887876377056e-07,6.945284484884979e-13
1122,67380.0,67380,32.7005160781881,32.7005160781888,30.660542862962213,0.0,32.700516790430726,7.122419304577807e-07,0.0,1.7708878712187234e-07,6.966570738804144e-13
1123,67440.0,67440,32.70051607818773,32.700516078188436,31.123800172288718,0.0,32.70051679043037,7.122419321171693e-07,0.0,1.7708878661837735e-07,6.986784177666552e-13
1124,67500.0,67500,32.70051607818738,32.70051607818808,31.587057481615194,0.0,32.700516790430015,7.122419337567898e-07,0.0,1.770887861257729e-07,7.006508274170581e-13
1125,67560.0,67560,32.70051607818703,32.70051607818773,32.050314790941684,0.0,32.70051679042967,7.122419353766025e-07,0.0,1.7708878564335463e-07,7.02594948257611e-13
1126,67620.0,67620,32.70051607818668,32.70051607818738,32.51357210026817,0.0,32.70051679042932,7.122419369764717e-07,0.0,1.7708878517079267e-07,7.045095925140821e-13
1127,67680.0,67680,32.70051607818633,32.70051607818704,32.97682940959464,0.0,32.700516790428985,7.122419385562353e-07,0.0,1.7708878470788054e-07,7.063829981126954e-13
1128,67740.0,67740,32.700516078186,32.7005160781867,33.440086718921116,0.0,32.700516790428644,7.122419401157673e-07,0.0,1.7708878425438098e-07,7.081992994590557e-13
1129,67800.0,67800,32.700516078185665,32.700516078186375,33.90334402824758,0.0,32.70051679042832,7.122419416550162e-07,0.0,1.7708878380994454e-07,7.099420711811939e-13
1130,67860.0,67860,32.70051607818533,32.70051607818604,34.36660133757404,0.0,32.70051679042798,7.122419431740506e-07,0.0,1.7708878337406522e-07,7.115965631760978e-13
1131,67920.0,67920,32.700516078185004,32.700516078185714,34.82985864690049,0.0,32.70051679042766,7.122419446730632e-07,0.0,1.7708878294608607e-07,7.131492151345575e-13
1132,67980.0,67980,32.70051607818468,32.700516078185395,35.29311595622694,0.0,32.700516790427336,7.122419461524119e-07,0.0,1.7708878252520493e-07,7.145879444903502e-13
1133,68040.0,68040,32.70051607818436,32.700516078185075,35.75637326555339,0.0,32.70051679042702,7.122419476125868e-07,0.0,1.770887821105076e-07,7.159012164232995e-13
1134,68100.0,68100,32.700516078184044,32.700516078184755,36.21963057487984,0.0,32.700516790426704,7.12241949054222e-07,0.0,1.770887817010051e-07,7.170767493729092e-13
1135,68160.0,68160,32.70051607818373,32.70051607818444,36.68288788420627,0.0,32.7005167904264,7.122419504780688e-07,0.0,1.770887812956712e-07,7.18102575919661e-13
1136,68220.0,68220,32.70051607818342,32.70051607818414,37.1461451935327,0.0,32.700516790426086,7.122419518849522e-07,0.0,1.7708878089351584e-07,7.189657636979241e-13
1137,68280.0,68280,32.700516078183114,32.70051607818384,37.609402502859126,0.0,32.70051679042579,7.122419532757232e-07,0.0,1.7708878049365255e-07,7.196540654956326e-13
1138,68340.0,68340,32.700516078182815,32.70051607818353,38.072659812185556,0.0,32.70051679042549,7.122419546511973e-07,0.0,1.7708878009540114e-07,7.201581954433201e-13
1139,68400.0,68400,32.70051607818252,32.700516078183234,38.53591712151198,0.0,32.70051679042519,7.122419560120556e-07,0.0,1.7708877969842443e-07,7.204746680672174e-13
1140,68460.0,68460,32.70051607818222,32.70051607818294,38.999174430838394,0.0,32.7005167904249,7.122419573587545e-07,0.0,1.7708877930289747e-07,7.20609784841983e-13
1141,68520.0,68520,32.70051607818193,32.70051607818265,39.46243174016481,0.0,32.70051679042461,7.122419586913954e-07,0.0,1.7708877890969347e-07,7.2058514210533e-13
1142,68580.0,68580,32.700516078181636,32.70051607818236,39.92568904949121,0.0,32.70051679042432,7.122419600096285e-07,0.0,1.7708877852059703e-07,7.204383797733181e-13
1143,68640.0,68640,32.70051607818135,32.700516078182076,40.38894635881762,0.0,32.70051679042403,7.122419613125195e-07,0.0,1.7708877813842688e-07,7.202224180099697e-13
1144,68700.0,68700,32.700516078181074,32.70051607818179,40.852203668144014,0.0,32.700516790423755,7.122419625984935e-07,0.0,1.770887777670126e-07,7.199904056035863e-13
1145,68760.0,68760,32.70051607818079,32.700516078181515,41.315460977470416,0.0,32.70051679042347,7.122419638653347e-07,0.0,1.7708877741080687e-07,7.19762174154369e-13
1146,68820.0,68820,32.70051607818051,32.70051607818124,41.77871828679681,0.0,32.7005167904232,7.122419651103109e-07,0.0,1.7708877707386333e-07,7.194604638633256e-13
1147,68880.0,68880,32.70051607818024,32.70051607818096,42.2419755961232,0.0,32.700516790422924,7.122419663304635e-07,0.0,1.7708877675787133e-07,7.18805180548932e-13
1148,68940.0,68940,32.70051607817997,32.70051607818069,42.705232905449584,0.0,32.70051679042266,7.122419675231674e-07,0.0,1.7708877645886754e-07,7.171610055503856e-13
1149,69000.0,69000,32.7005160781797,32.70051607818042,43.16849021477596,0.0,32.700516790422384,7.12241968686908e-07,0.0,1.7708877616243912e-07,7.133539637507783e-13
1150,69060.0,69060,32.70051607817944,32.700516078180144,43.63174752410234,0.0,32.700516790422114,7.12241969822372e-07,0.0,1.7708877583776546e-07,7.055032270983314e-13
1151,69120.0,69120,32.700516078179184,32.70051607817988,44.09500483342871,0.0,32.70051679042185,7.122419709337435e-07,0.0,1.7708877543182323e-07,6.909130363733819e-13
1152,69180.0,69180,32.700516078178936,32.7005160781796,44.558262142755076,0.0,32.70051679042157,7.122419720302544e-07,0.0,1.7708877486576914e-07,6.656029363938549e-13
1153,69240.0,69240,32.70051607817868,32.7005160781793,45.02151945208145,0.0,32.700516790421275,7.122419731281812e-07,0.0,1.7708877402770293e-07,6.187830120328366e-13
1154,69300.0,69300,32.70051607817843,32.700516078178914,45.48477676140781,0.0,32.70051679042089,7.12241974254006e-07,0.0,1.7708877267628127e-07,4.788192380961004e-13
1155,69360.0,69360,32.7005160781782,32.700516078177785,45.94803407073416,0.0,32.70051679041976,7.122419754502158e-07,0.0,1.7708876944463675e-07,-4.06161761272088e-13
1156,69420.0,69420,32.700516078177955,32.700516078169606,46.41129138006049,0.0,32.700516790411584,7.122419767858058e-07,0.0,1.7708875219232405e-07,-8.349150394139585e-12
1157,69480.0,69480,32.70051607817773,32.70051607809225,46.87454868938672,0.0,32.700516790334234,7.12241978371546e-07,0.0,1.7708860370816393e-07,-8.547298747028784e-11
1158,69540.0,69540,32.70051607817751,32.70051607733159,47.33780599871185,0.0,32.700516789573584,7.122419803701039e-07,0.0,1.770871717171365e-07,-8.45912798083053e-10
1159,69600.0,69600,32.7005160781773,32.70051606980872,47.80106330802621,0.0,32.700516782050705,7.122419829496183e-07,0.0,1.770730691394083e-07,-8.368574006844658e-09
1160,69660.0,69660,32.700516078177024,32.70051599528044,48.26432061723398,0.0,32.70051670752243,7.122419858258845e-07,0.0,1.7693359554174488e-07,-8.289658512517541e-08
1161,69720.0,69720,32.70051607817602,32.70051525081228,48.72757792538593,0.0,32.700515963054265,7.122419835087256e-07,0.0,1.7555200046228497e-07,-8.273637478059448e-07
1162,69780.0,69780,32.70051607816633,32.70050679359395,49.19083522299127,0.0,32.700507505835844,7.122419033455664e-07,0.0,1.6176262346365046e-07,-9.284572385268837e-06
1163,69840.0,69840,32.7005202270809,-258.9661451123939,49.654092400786,300.0,4.441292366708914e-07,258.96614555652326,0.0,7.0196212854469336e-09,8.33333466052519
1164,69900.0,69900,32.70052021106713,-258.96614494560487,45.337989981135195,300.0,4.634957728088896e-07,258.9661454091007,0.0,0.13888891803223638,8.333334843328073
1165,69960.0,69960,32.700520193734135,-258.9661447349904,41.0218875642158,300.0,4.846275850533711e-07,258.96614521961806,0.0,0.27777783209163287,8.33333507127553
1166,70020.0,70020,32.70052017491213,-258.9661444593077,36.705785150753826,300.0,5.077772595969881e-07,258.96614496708503,0.0,0.4166667499497971,8.333335365780233
1167,70080.0,70080,32.70052015440071,-258.9661440805036,32.38968274182868,300.0,5.332482322998446e-07,258.96614461375196,0.0,0.5555556727165779,8.333335765095683
1168,70140.0,70140,32.70052013196174,-258.9661435228091,28.07358033915326,300.0,5.6140804539449e-07,258.9661440842172,0.0,0.6944446021385202,8.333336345229235
1169,70200.0,70200,32.70052010731014,-258.9661426101842,23.757477945702338,300.0,5.927061820381984e-07,258.96614320289046,0.0,0.8333335412292587,8.333337282505706
1170,70260.0,70260,32.70052008010167,-258.9661408170959,19.44137556738359,300.0,6.276982375562305e-07,258.9661414447942,0.0,0.972222495941445,8.333339102802467
1171,70320.0,70320,32.70052004991673,-258.9661355386529,15.125273218862183,300.0,6.67079336337355e-07,258.9661362057323,0.0,1.1111114809916691,8.333344411430437
1172,70380.0,70380,32.70052001611188,-142.15773802131034,10.809170958216361,300.0,7.120708211647636e-07,142.1577387333812,0.0,1.2500005545191413,125.14174196257783
1173,70440.0,70440,32.70051997842527,-9.998514342763406e-06,8.439875322747103,225.0,7.627828884833968e-07,1.0761297291414267e-05,0.0,3.335696253898999,192.29947002306048
1174,70500.0,70500,32.70051988691216,-2.669353962876894e-06,8.439875154197663,0.0,8.905317558852746e-07,3.559885777267195e-06,0.0,6.540687420953751,-32.700522556266066
1175,70560.0,70560,32.70051983082072,-1.695475982565238e-06,8.439875107481534,0.0,9.719130568058833e-07,2.6673890953432097e-06,0.0,5.9956787116861525,-32.70052152629664
1176,70620.0,70620,32.700519765596,-1.0630257402178107e-06,8.439875076793243,0.0,1.0696589508887346e-06,2.132684749432149e-06,0.0,5.450670019584647,-32.700520828621684
1177,70680.0,70680,32.70051968880956,-5.872860375380391e-07,8.43987505640142,0.0,1.189257264727607e-06,1.7765433584858458e-06,0.0,4.905661339111036,-32.70052027609554
1178,70740.0,70740,32.70051959708827,-1.8335814645148166e-07,8.439875043639603,0.0,1.338958403453228e-06,1.5223166036117367e-06,0.0,4.36065266784614,-32.700519780446356
1179,70800.0,70800,32.70051948560553,2.000303458510738e-07,8.439875037235668,0.0,1.5317640062955473e-06,1.3317337147824653e-06,0.0,3.815644004841895,-32.70051928557513
1180,70860.0,70860,32.700519347203844,6.058683201396974e-07,8.439875036739522,0.0,1.789422377787281e-06,1.1835541116782907e-06,0.0,3.270635350085431,-32.700518741335465
1181,70920.0,70920,32.70051917079449,1.0862282322606835e-06,8.439875042363209,0.0,2.1512710124979257e-06,1.065042834420583e-06,0.0,2.7256267043998497,-32.700518084566205
1182,70980.0,70980,32.70051893822898,1.728425019432533e-06,8.439875055088262,0.0,2.6965254250389476e-06,9.681004565625983e-07,0.0,2.1806180696600608,-32.70051720980391
1183,71040.0,71040,32.70051861761701,2.7246388541171386e-06,8.439875077153465,0.0,3.6119686347723456e-06,8.873298329815265e-07,0.0,1.6356094494999722,-32.7005158929781
1184,71100.0,71100,32.700518147282835,4.64940480423957e-06,8.439875113533617,0.0,5.468400626142511e-06,8.189958732578771e-07,0.0,1.0906008512867416,-32.70051349787798
1185,71160.0,71160,32.70051739039563,1.0491626885362717e-05,8.439875177352127,0.0,1.125205825779485e-05,7.604314240749036e-07,0.0,0.545592292991667,-32.700506898768694
1186,71220.0,71220,32.70051606397762,32.66550295993943,8.439875324081857,0.0,32.66550367201218,7.120727342074231e-07,0.0,0.0005838446818160052,-0.03501310403822044
1187,71280.0,71280,32.70051607812483,32.70050985349005,8.902636614233584,0.0,32.70051056573222,7.122421763911451e-07,0.0,2.9294797157682217e-07,-6.224634780150126e-06
1188,71340.0,71340,32.70051607813149,32.70051542503537,9.365893835376859,0.0,32.70051613727756,7.122421854519508e-07,0.0,1.8920407937969679e-07,-6.530961229834968e-07
1189,71400.0,71400,32.70051607813237,32.70051601177568,9.829151135450346,0.0,32.70051672401788,7.122421979900296e-07,0.0,1.7831912463922402e-07,-6.635668047908219e-08
1190,71460.0,71460,32.70051607813142,32.700516071427096,10.29240844383599,0.0,32.70051678366929,7.122422001686844e-07,0.0,1.7721315843513706e-07,-6.70433162672701e-09
1191,71520.0,71520,32.70051607813012,32.70051607745397,10.755665753066705,0.0,32.700516789696174,7.122421991386573e-07,0.0,1.771014024107369e-07,-6.761493603961919e-10
1192,71580.0,71580,32.70051607812888,32.70051607806146,11.218923062382789,0.0,32.700516790303666,7.122421989909596e-07,0.0,1.770901195148355e-07,-6.741970342761027e-11
1193,71640.0,71640,32.70051607812777,32.70051607812144,11.682180371707489,0.0,32.700516790363636,7.122422004071123e-07,0.0,1.7708898321602161e-07,-6.333353604947797e-12
1194,71700.0,71700,32.70051607812674,32.70051607812655,12.145437681033034,0.0,32.70051679036875,7.122422029392098e-07,0.0,1.7708886346121517e-07,-1.9297132512038393e-13
1195,71760.0,71760,32.70051607812575,32.70051607812635,12.608694990358648,0.0,32.70051679036855,7.122422060787314e-07,0.0,1.7708884438822828e-07,5.963319661233046e-13
1196,71820.0,71820,32.700516078124785,32.7005160781256,13.071952299684265,0.0,32.700516790367814,7.122422095311128e-07,0.0,1.770888377162603e-07,8.153806827407172e-13
1197,71880.0,71880,32.70051607812384,32.70051607812474,13.535209609009872,0.0,32.700516790366954,7.122422131563252e-07,0.0,1.7708883454531966e-07,9.042363636662717e-13
1198,71940.0,71940,32.70051607812291,32.70051607812385,13.99846691833546,0.0,32.700516790366066,7.12242216877187e-07,0.0,1.7708883285452628e-07,9.370798614391506e-13
1199,72000.0,72000,32.70051607812201,32.70051607812295,14.461724227661048,0.0,32.70051679036518,7.122422206378639e-07,0.0,1.7708883163060722e-07,9.500332067269142e-13
1200,72060.0,72060,32.70051607812112,32.700516078122085,14.92498153698662,0.0,32.700516790364304,7.122422243948172e-07,0.0,1.7708883042209208e-07,9.604574464614725e-13
1201,72120.0,72120,32.70051607812025,32.700516078121225,15.388238846312179,0.0,32.70051679036345,7.122422281166638e-07,0.0,1.7708882910857906e-07,9.737166102464305e-13
1202,72180.0,72180,32.700516078119406,32.700516078120394,15.851496155637717,0.0,32.70051679036263,7.122422317835364e-07,0.0,1.7708882771417775e-07,9.895961244971595e-13
1203,72240.0,72240,32.700516078118575,32.700516078119584,16.31475346496326,0.0,32.70051679036182,7.12242235384904e-07,0.0,1.7708882629993943e-07,1.0062672461373044e-12
1204,72300.0,72300,32.70051607811776,32.70051607811878,16.778010774288774,0.0,32.70051679036102,7.122422389168889e-07,0.0,1.7708882491742705e-07,1.0220829260867066e-12
1205,72360.0,72360,32.70051607811696,32.70051607811799,17.2412680836143,0.0,32.70051679036023,7.122422423798877e-07,0.0,1.7708882359654545e-07,1.0361030492932886e-12
1206,72420.0,72420,32.70051607811617,32.700516078117225,17.704525392939793,0.0,32.700516790359465,7.122422457767661e-07,0.0,1.7708882234831977e-07,1.0480399563614802e-12
1207,72480.0,72480,32.7005160781154,32.70051607811646,18.16778270226529,0.0,32.70051679035871,7.122422491116227e-07,0.0,1.7708882117179828e-07,1.0580265476147774e-12
1208,72540.0,72540,32.70051607811464,32.700516078115704,18.63104001159077,0.0,32.70051679035796,7.122422523889607e-07,0.0,1.7708882006026604e-07,1.066393626599758e-12
1209,72600.0,72600,32.70051607811389,32.700516078114966,19.094297320916237,0.0,32.70051679035722,7.122422556132163e-07,0.0,1.7708881900537653e-07,1.0735174705416565e-12
1210,72660.0,72660,32.700516078113154,32.700516078114234,19.557554630241693,0.0,32.700516790356495,7.12242258788445e-07,0.0,1.7708881799934136e-07,1.0797379317608353e-12
1211,72720.0,72720,32.70051607811243,32.700516078113516,20.02081193956714,0.0,32.70051679035578,7.122422619181955e-07,0.0,1.7708881703579376e-07,1.0853262068461357e-12
1212,72780.0,72780,32.70051607811172,32.7005160781128,20.484069248892578,0.0,32.70051679035507,7.122422650054544e-07,0.0,1.770888161098994e-07,1.0904820532497206e-12
1213,72840.0,72840,32.70051607811101,32.7005160781121,20.947326558218002,0.0,32.70051679035437,7.12242268052669e-07,0.0,1.7708881521814004e-07,1.09534304468312e-12
1214,72900.0,72900,32.70051607811031,32.700516078111406,21.410583867543416,0.0,32.70051679035368,7.122422710617961e-07,0.0,1.7708881435797822e-07,1.0999999074898142e-12
1215,72960.0,72960,32.70051607810962,32.70051607811073,21.87384117686883,0.0,32.700516790353,7.122422740343707e-07,0.0,1.770888135275546e-07,1.1045087220595946e-12
1216,73020.0,73020,32.70051607810894,32.700516078110056,22.33709848619422,0.0,32.70051679035233,7.122422769715857e-07,0.0,1.77088812725428e-07,1.1089039617274435e-12
1217,73080.0,73080,32.70051607810828,32.70051607810939,22.800355795519607,0.0,32.70051679035167,7.122422798743656e-07,0.0,1.7708881195040607e-07,1.1132050198498764e-12
1218,73140.0,73140,32.70051607810761,32.700516078108734,23.26361310484499,0.0,32.70051679035102,7.122422827434231e-07,0.0,1.7708881120141131e-07,1.1174234739991917e-12
1219,73200.0,73200,32.700516078106965,32.70051607810809,23.726870414170357,0.0,32.70051679035037,7.122422855793469e-07,0.0,1.7708881047741453e-07,1.1215663100986106e-12
1220,73260.0,73260,32.70051607810631,32.70051607810744,24.190127723495713,0.0,32.70051679034973,7.122422883826188e-07,0.0,1.77088809777395e-07,1.1256383662370175e-12
1221,73320.0,73320,32.70051607810568,32.70051607810681,24.653385032821067,0.0,32.7005167903491,7.122422911536692e-07,0.0,1.7708880910032057e-07,1.129643971856615e-12
1222,73380.0,73380,32.700516078105046,32.700516078106176,25.11664234214641,0.0,32.70051679034847,7.122422938929033e-07,0.0,1.7708880844515086e-07,1.1335871077420858e-12
1223,73440.0,73440,32.70051607810442,32.70051607810556,25.57989965147174,0.0,32.70051679034786,7.122422966007213e-07,0.0,1.770888078108373e-07,1.137472028212316e-12
1224,73500.0,73500,32.70051607810381,32.70051607810495,26.04315696079706,0.0,32.70051679034725,7.122422992775365e-07,0.0,1.7708880719633935e-07,1.1413030985176986e-12
1225,73560.0,73560,32.7005160781032,32.70051607810435,26.506414270122374,0.0,32.70051679034664,7.12242301923773e-07,0.0,1.7708880660063055e-07,1.1450847708094256e-12
1226,73620.0,73620,32.700516078102595,32.700516078103746,26.969671579447684,0.0,32.70051679034605,7.122423045398865e-07,0.0,1.7708880602271373e-07,1.1488211580511745e-12
1227,73680.0,73680,32.700516078102,32.70051607810315,27.43292888877298,0.0,32.70051679034546,7.122423071263594e-07,0.0,1.770888054616232e-07,1.1525164831419604e-12
1228,73740.0,73740,32.70051607810141,32.70051607810257,27.89618619809827,0.0,32.70051679034487,7.122423096836849e-07,0.0,1.7708880491644164e-07,1.156174112602866e-12
1229,73800.0,73800,32.700516078100826,32.700516078101984,28.359443507423556,0.0,32.700516790344295,7.12242312212393e-07,0.0,1.7708880438629505e-07,1.1597972233834166e-12
1230,73860.0,73860,32.70051607810024,32.70051607810141,28.82270081674884,0.0,32.70051679034372,7.12242314713024e-07,0.0,1.7708880387036215e-07,1.1633882562694553e-12
1231,73920.0,73920,32.700516078099675,32.70051607810084,29.285958126074107,0.0,32.70051679034316,7.122423171861361e-07,0.0,1.7708880336787015e-07,1.1669494309096433e-12
1232,73980.0,73980,32.700516078099106,32.70051607810028,29.749215435399357,0.0,32.7005167903426,7.122423196322883e-07,0.0,1.7708880287810193e-07,1.1704820975090299e-12
1233,74040.0,74040,32.700516078098545,32.70051607809972,30.21247274472461,0.0,32.70051679034204,7.122423220520547e-07,0.0,1.7708880240038684e-07,1.1739873623497306e-12
1234,74100.0,74100,32.70051607809799,32.70051607809917,30.675730054049854,0.0,32.70051679034149,7.122423244460086e-07,0.0,1.7708880193410237e-07,1.1774660442944855e-12
1235,74160.0,74160,32.70051607809744,32.70051607809862,31.138987363375097,0.0,32.70051679034095,7.122423268147116e-07,0.0,1.7708880147867497e-07,1.1809182599144073e-12
1236,74220.0,74220,32.700516078096896,32.700516078098076,31.60224467270032,0.0,32.70051679034041,7.122423291587321e-07,0.0,1.7708880103356842e-07,1.1843442329261099e-12
1237,74280.0,74280,32.700516078096356,32.70051607809754,32.06550198202554,0.0,32.70051679033988,7.122423314786162e-07,0.0,1.7708880059828888e-07,1.1877438006379206e-12
1238,74340.0,74340,32.70051607809582,32.70051607809701,32.528759291350745,0.0,32.70051679033935,7.122423337749102e-07,0.0,1.7708880017237726e-07,1.1911167385412615e-12
1239,74400.0,74400,32.70051607809529,32.700516078096484,32.99201660067595,0.0,32.70051679033882,7.122423360481326e-07,0.0,1.7708879975540724e-07,1.1944624970184866e-12
1240,74460.0,74460,32.700516078094765,32.70051607809596,33.455273910001154,0.0,32.7005167903383,7.122423382988008e-07,0.0,1.7708879934697918e-07,1.1977811644144072e-12
1241,74520.0,74520,32.700516078094246,32.70051607809544,33.91853121932634,0.0,32.70051679033778,7.122423405274041e-07,0.0,1.7708879894672715e-07,1.2010718233002558e-12
1242,74580.0,74580,32.70051607809373,32.70051607809493,34.381788528651526,0.0,32.70051679033727,7.122423427344163e-07,0.0,1.7708879855429978e-07,1.2043345166994172e-12
1243,74640.0,74640,32.70051607809321,32.700516078094424,34.845045837976706,0.0,32.70051679033676,7.122423449202942e-07,0.0,1.7708879816937452e-07,1.2075688729961538e-12
1244,74700.0,74700,32.70051607809271,32.70051607809392,35.308303147301864,0.0,32.700516790336266,7.12242347085474e-07,0.0,1.7708879779164603e-07,1.210774701765261e-12
1245,74760.0,74760,32.70051607809221,32.70051607809342,35.77156045662703,0.0,32.70051679033577,7.122423492303721e-07,0.0,1.7708879742082493e-07,1.2139517961084629e-12
1246,74820.0,74820,32.7005160780917,32.700516078092924,36.23481776595219,0.0,32.70051679033527,7.12242351355386e-07,0.0,1.7708879705663724e-07,1.2171002788711886e-12
1247,74880.0,74880,32.70051607809121,32.70051607809243,36.69807507527732,0.0,32.70051679033478,7.122423534608975e-07,0.0,1.7708879669882418e-07,1.2202201554741085e-12
1248,74940.0,74940,32.700516078090715,32.700516078091944,37.16133238460247,0.0,32.7005167903343,7.122423555472619e-07,0.0,1.7708879634713978e-07,1.223311706235454e-12
1249,75000.0,75000,32.70051607809023,32.70051607809146,37.6245896939276,0.0,32.70051679033382,7.122423576148238e-07,0.0,1.7708879600134867e-07,1.2263750555599505e-12
1250,75060.0,75060,32.700516078089755,32.700516078090985,38.08784700325272,0.0,32.70051679033334,7.122423596639043e-07,0.0,1.7708879566122568e-07,1.229410502091713e-12
1251,75120.0,75120,32.70051607808927,32.70051607809051,38.55110431257784,0.0,32.70051679033286,7.12242361694814e-07,0.0,1.7708879532655436e-07,1.2324188072890504e-12
1252,75180.0,75180,32.700516078088796,32.70051607809003,39.014361621902935,0.0,32.7005167903324,7.12242363707842e-07,0.0,1.7708879499713126e-07,1.2353998847968013e-12
1253,75240.0,75240,32.70051607808833,32.700516078089564,39.47761893122805,0.0,32.70051679033193,7.122423657032644e-07,0.0,1.7708879467275256e-07,1.2383548608476036e-12
1254,75300.0,75300,32.70051607808786,32.7005160780891,39.940876240553145,0.0,32.70051679033146,7.122423676813391e-07,0.0,1.7708879435323203e-07,1.241283858955119e-12
1255,75360.0,75360,32.7005160780874,32.70051607808864,40.404133549878246,0.0,32.70051679033101,7.122423696423158e-07,0.0,1.770887940383816e-07,1.2441877142213264e-12
1256,75420.0,75420,32.700516078086935,32.70051607808818,40.867390859203326,0.0,32.70051679033055,7.122423715864263e-07,0.0,1.7708879372802434e-07,1.247066980259486e-12
1257,75480.0,75480,32.70051607808648,32.70051607808773,41.330648168528406,0.0,32.7005167903301,7.122423735138885e-07,0.0,1.7708879342198832e-07,1.2499223565718368e-12
1258,75540.0,75540,32.700516078086025,32.700516078087276,41.793905477853485,0.0,32.70051679032966,7.122423754249156e-07,0.0,1.7708879312010752e-07,1.2527543622803355e-12
1259,75600.0,75600,32.70051607808558,32.700516078086835,42.25716278717854,0.0,32.70051679032922,7.122423773197009e-07,0.0,1.7708879282222e-07,1.255563864732343e-12
1260,75660.0,75660,32.70051607808513,32.70051607808639,42.7204200965036,0.0,32.70051679032877,7.122423791984304e-07,0.0,1.7708879252817154e-07,1.2583513768468824e-12
1261,75720.0,75720,32.70051607808469,32.70051607808595,43.183677405828654,0.0,32.70051679032833,7.122423810612808e-07,0.0,1.7708879223781031e-07,1.2611175612375638e-12
1262,75780.0,75780,32.70051607808425,32.70051607808552,43.6469347151537,0.0,32.7005167903279,7.122423829084199e-07,0.0,1.7708879195099045e-07,1.263863099563311e-12
1263,75840.0,75840,32.700516078083815,32.70051607808509,44.110192024478735,0.0,32.70051679032748,7.122423847400036e-07,0.0,1.7708879166757024e-07,1.2665885379193167e-12
1264,75900.0,75900,32.70051607808339,32.700516078084654,44.57344933380377,0.0,32.700516790327036,7.122423865561858e-07,0.0,1.7708879138741197e-07,1.2692945203806405e-12
1265,75960.0,75960,32.700516078082956,32.700516078084235,45.036706643128795,0.0,32.70051679032662,7.122423883571008e-07,0.0,1.7708879111038196e-07,1.271981608704754e-12
1266,76020.0,76020,32.700516078082536,32.70051607808381,45.499963952453825,0.0,32.7005167903262,7.12242390142888e-07,0.0,1.7708879083635047e-07,1.2746503735289179e-12
1267,76080.0,76080,32.70051607808211,32.70051607808339,45.96322126177884,0.0,32.70051679032578,7.122423919136694e-07,0.0,1.7708879056519254e-07,1.277301233636066e-12
1268,76140.0,76140,32.70051607808169,32.70051607808297,46.42647857110385,0.0,32.70051679032536,7.12242393669567e-07,0.0,1.770887902967835e-07,1.2799349225694425e-12
1269,76200.0,76200,32.70051607808127,32.70051607808256,46.889735880428866,0.0,32.700516790324954,7.122423954106927e-07,0.0,1.7708879003100766e-07,1.282551618672133e-12
1270,76260.0,76260,32.70051607808086,32.700516078082146,47.352993189753875,0.0,32.70051679032454,7.122423971371523e-07,0.0,1.7708878976774588e-07,1.2851520904691741e-12
1271,76320.0,76320,32.700516078080454,32.70051607808174,47.81625049907886,0.0,32.70051679032414,7.122423988490466e-07,0.0,1.770887895068888e-07,1.287736407444738e-12
1272,76380.0,76380,32.70051607808004,32.700516078081336,48.27950780840385,0.0,32.70051679032374,7.1224240054647e-07,0.0,1.770887892483237e-07,1.2903052408349409e-12
1273,76440.0,76440,32.70051607807964,32.70051607808094,48.74276511772884,0.0,32.70051679032334,7.122424022295116e-07,0.0,1.7708878899194483e-07,1.292858851664282e-12
1274,76500.0,76500,32.70051607807924,32.70051607808054,49.20602242705382,0.0,32.700516790322936,7.122424038982544e-07,0.0,1.7708878873764794e-07,1.2953975332869265e-12
1275,76560.0,76560,32.70051607807884,32.70051607808014,49.66927973637879,0.0,32.700516790322546,7.122424055527743e-07,0.0,1.7708878848532982e-07,1.2979218068351873e-12
1276,76620.0,76620,32.70051607807845,32.70051607807975,50.13253704570376,0.0,32.700516790322155,7.122424071931493e-07,0.0,1.77088788234893e-07,1.3004318201945437e-12
1277,76680.0,76680,32.70051607807806,32.70051607807936,50.595794355028715,0.0,32.70051679032177,7.122424088194441e-07,0.0,1.770887879862387e-07,1.3029278712664983e-12
1278,76740.0,76740,32.70051607807767,32.70051607807898,51.05905166435367,0.0,32.70051679032139,7.122424104317222e-07,0.0,1.7708878773927267e-07,1.3054102660756115e-12
1279,76800.0,76800,32.700516078077285,32.70051607807859,51.522308973678626,0.0,32.700516790321004,7.122424120300428e-07,0.0,1.7708878749390134e-07,1.30787925349239e-12
1280,76860.0,76860,32.70051607807691,32.700516078078216,51.98556628300356,0.0,32.70051679032062,7.12242413614456e-07,0.0,1.7708878725003439e-07,1.3103350402782353e-12
1281,76920.0,76920,32.700516078076525,32.70051607807784,52.44882359232851,0.0,32.70051679032025,7.122424151850186e-07,0.0,1.770887870075811e-07,1.3127779137059815e-12
1282,76980.0,76980,32.70051607807615,32.70051607807746,52.91208090165344,0.0,32.70051679031988,7.122424167417667e-07,0.0,1.770887867664554e-07,1.3152079659680228e-12
1283,77040.0,77040,32.70051607807577,32.700516078077094,53.37533821097838,0.0,32.70051679031951,7.122424182847466e-07,0.0,1.7708878652656983e-07,1.3176255168421565e-12
1284,77100.0,77100,32.7005160780754,32.700516078076724,53.83859552030329,0.0,32.70051679031914,7.122424198139931e-07,0.0,1.770887862878407e-07,1.3200307071521887e-12
1285,77160.0,77160,32.70051607807503,32.70051607807636,54.30185282962822,0.0,32.70051679031878,7.122424213295338e-07,0.0,1.770887860501846e-07,1.32242361202651e-12
1286,77220.0,77220,32.70051607807467,32.70051607807599,54.765110138953126,0.0,32.70051679031842,7.122424228314004e-07,0.0,1.7708878581351847e-07,1.3248046090831112e-12
1287,77280.0,77280,32.70051607807431,32.70051607807564,55.228367448278036,0.0,32.70051679031806,7.1224242431961e-07,0.0,1.7708878557776347e-07,1.3271735656120327e-12
1288,77340.0,77340,32.70051607807395,32.70051607807528,55.69162475760294,0.0,32.70051679031771,7.122424257941895e-07,0.0,1.7708878534283724e-07,1.3295309835310073e-12
1289,77400.0,77400,32.7005160780736,32.700516078074926,56.15488206692784,0.0,32.70051679031735,7.122424272551463e-07,0.0,1.7708878510866434e-07,1.3318767031454743e-12
1290,77460.0,77460,32.70051607807324,32.70051607807457,56.618139376252735,0.0,32.700516790317,7.122424287024928e-07,0.0,1.7708878487516385e-07,1.3342110235362324e-12
1291,77520.0,77520,32.70051607807289,32.70051607807423,57.08139668557763,0.0,32.700516790316655,7.122424301362367e-07,0.0,1.770887846422605e-07,1.3365340899343042e-12
1292,77580.0,77580,32.700516078072546,32.70051607807388,57.54465399490251,0.0,32.700516790316314,7.122424315563776e-07,0.0,1.7708878440987749e-07,1.3388460086915411e-12
1293,77640.0,77640,32.7005160780722,32.70051607807354,58.007911304227385,0.0,32.70051679031597,7.122424329629136e-07,0.0,1.7708878417793961e-07,1.3411468297419138e-12
1294,77700.0,77700,32.70051607807186,32.7005160780732,58.471168613552265,0.0,32.70051679031563,7.122424343558374e-07,0.0,1.7708878394636962e-07,1.3434370368156404e-12
1295,77760.0,77760,32.700516078071516,32.700516078072866,58.93442592287712,0.0,32.700516790315305,7.122424357351404e-07,0.0,1.770887837150968e-07,1.3457163365210634e-12
1296,77820.0,77820,32.70051607807118,32.70051607807253,59.39768323220199,0.0,32.700516790314964,7.122424371008083e-07,0.0,1.770887834840436e-07,1.3479851773814258e-12
1297,77880.0,77880,32.70051607807085,32.7005160780722,59.86094054152686,0.0,32.70051679031464,7.122424384528235e-07,0.0,1.770887832531373e-07,1.3502436679514413e-12
1298,77940.0,77940,32.700516078070514,32.70051607807187,60.32419785085171,0.0,32.70051679031431,7.122424397911565e-07,0.0,1.770887830223044e-07,1.3524919974976684e-12
1299,78000.0,78000,32.70051607807019,32.700516078071544,60.78745516017656,0.0,32.70051679031399,7.122424411157878e-07,0.0,1.7708878279147215e-07,1.3547301729713375e-12
1300,78060.0,78060,32.70051607806986,32.700516078071225,61.2507124695014,0.0,32.700516790313664,7.122424424266812e-07,0.0,1.7708878256056527e-07,1.3569586982581276e-12
1301,78120.0,78120,32.70051607806954,32.700516078070905,61.71396977882625,0.0,32.700516790313344,7.122424437238037e-07,0.0,1.7708878232951213e-07,1.3591775082179776e-12
1302,78180.0,78180,32.70051607806923,32.700516078070585,62.17722708815109,0.0,32.70051679031303,7.122424450071173e-07,0.0,1.7708878209823775e-07,1.3613870081142787e-12
1303,78240.0,78240,32.70051607806891,32.70051607807027,62.640484397475916,0.0,32.70051679031272,7.122424462765743e-07,0.0,1.7708878186667046e-07,1.3635874320190865e-12
1304,78300.0,78300,32.70051607806859,32.70051607806996,63.10374170680074,0.0,32.700516790312406,7.122424475321309e-07,0.0,1.7708878163473553e-07,1.3657789182418076e-12
1305,78360.0,78360,32.70051607806828,32.700516078069654,63.56699901612556,0.0,32.7005167903121,7.122424487737324e-07,0.0,1.770887814023588e-07,1.3679618700807886e-12
1306,78420.0,78420,32.70051607806798,32.70051607806934,64.03025632545037,0.0,32.700516790311795,7.122424500013262e-07,0.0,1.7708878116946575e-07,1.3701366968490951e-12
1307,78480.0,78480,32.70051607806767,32.70051607806904,64.49351363477518,0.0,32.7005167903115,7.122424512148473e-07,0.0,1.7708878093598348e-07,1.3723035348038415e-12
1308,78540.0,78540,32.700516078067366,32.700516078068745,64.9567709441,0.0,32.7005167903112,7.122424524142335e-07,0.0,1.7708878070183424e-07,1.3744629696223059e-12
1309,78600.0,78600,32.70051607806707,32.700516078068446,65.42002825342479,0.0,32.7005167903109,7.122424535994145e-07,0.0,1.770887804669434e-07,1.3766153067164186e-12
1310,78660.0,78660,32.70051607806678,32.700516078068155,65.8832855627496,0.0,32.70051679031061,7.122424547703145e-07,0.0,1.770887802312348e-07,1.37876100855017e-12
1311,78720.0,78720,32.70051607806648,32.700516078067864,66.34654287207438,0.0,32.70051679031032,7.122424559268606e-07,0.0,1.7708877999463037e-07,1.3809007610086349e-12
1312,78780.0,78780,32.700516078066194,32.70051607806757,66.80980018139918,0.0,32.70051679031003,7.122424570689655e-07,0.0,1.7708877975705398e-07,1.3830347928024591e-12
1313,78840.0,78840,32.7005160780659,32.70051607806729,67.27305749072399,0.0,32.70051679030975,7.122424581965449e-07,0.0,1.77088779518424e-07,1.3851640633588534e-12
1314,78900.0,78900,32.700516078065625,32.70051607806701,67.73631480004876,0.0,32.70051679030947,7.12242459309502e-07,0.0,1.770887792786632e-07,1.3872889482412262e-12
1315,78960.0,78960,32.70051607806534,32.70051607806673,68.19957210937355,0.0,32.70051679030919,7.122424604077448e-07,0.0,1.7708877903768868e-07,1.3894104055988025e-12
1316,79020.0,79020,32.700516078065064,32.70051607806645,68.66282941869832,0.0,32.70051679030891,7.122424614911702e-07,0.0,1.7708877879542074e-07,1.3915289776360072e-12
1317,79080.0,79080,32.70051607806478,32.70051607806618,69.12608672802308,0.0,32.70051679030864,7.12242462559669e-07,0.0,1.7708877855177348e-07,1.393645746665677e-12
1318,79140.0,79140,32.70051607806451,32.70051607806591,69.58934403734787,0.0,32.70051679030837,7.122424636131296e-07,0.0,1.770887783066643e-07,1.395761486579943e-12
1319,79200.0,79200,32.70051607806425,32.70051607806564,70.05260134667263,0.0,32.70051679030811,7.122424646514355e-07,0.0,1.7708877806000614e-07,1.397877250066845e-12
1320,79260.0,79260,32.70051607806398,32.70051607806538,70.51585865599739,0.0,32.700516790307844,7.122424656744621e-07,0.0,1.7708877781171084e-07,1.399994236417609e-12
1321,79320.0,79320,32.700516078063714,32.700516078065114,70.97911596532215,0.0,32.70051679030758,7.122424666820846e-07,0.0,1.7708877756169067e-07,1.4021134640500296e-12
1322,79380.0,79380,32.70051607806345,32.70051607806486,71.44237327464691,0.0,32.700516790307326,7.12242467674164e-07,0.0,1.7708877730985306e-07,1.4042362502103086e-12
1323,79440.0,79440,32.700516078063195,32.7005160780646,71.90563058397166,0.0,32.70051679030708,7.122424686505623e-07,0.0,1.7708877705610412e-07,1.4063641356044858e-12
1324,79500.0,79500,32.70051607806295,32.700516078064354,72.3688878932964,0.0,32.70051679030682,7.12242469611132e-07,0.0,1.770887768003499e-07,1.4084983769715147e-12
1325,79560.0,79560,32.70051607806269,32.700516078064105,72.83214520262115,0.0,32.70051679030657,7.122424705557183e-07,0.0,1.7708877654249084e-07,1.4106407692572685e-12
1326,79620.0,79620,32.70051607806245,32.700516078063856,73.29540251194588,0.0,32.70051679030633,7.122424714841675e-07,0.0,1.7708877628242788e-07,1.4127928608672256e-12
1327,79680.0,79680,32.7005160780622,32.700516078063615,73.75865982127063,0.0,32.70051679030609,7.122424723963064e-07,0.0,1.770887760200556e-07,1.4149567797278296e-12
1328,79740.0,79740,32.70051607806196,32.70051607806338,74.22191713059533,0.0,32.70051679030585,7.122424732919657e-07,0.0,1.7708877575527017e-07,1.417134165495992e-12
1329,79800.0,79800,32.700516078061725,32.70051607806314,74.68517443992008,0.0,32.70051679030562,7.122424741709637e-07,0.0,1.770887754879591e-07,1.4193273951946278e-12
1330,79860.0,79860,32.70051607806149,32.70051607806291,75.1484317492448,0.0,32.700516790305386,7.122424750331133e-07,0.0,1.7708877521801022e-07,1.4215386390229236e-12
1331,79920.0,79920,32.70051607806126,32.700516078062684,75.61168905856952,0.0,32.70051679030516,7.122424758782211e-07,0.0,1.7708877494530553e-07,1.4237702926679957e-12
1332,79980.0,79980,32.700516078061035,32.70051607806246,76.07494636789424,0.0,32.70051679030494,7.12242476706083e-07,0.0,1.7708877466972212e-07,1.426024865676302e-12
1333,80040.0,80040,32.70051607806081,32.700516078062236,76.53820367721896,0.0,32.70051679030471,7.122424775164925e-07,0.0,1.7708877439113163e-07,1.4283053359762694e-12
1334,80100.0,80100,32.70051607806059,32.70051607806202,77.00146098654366,0.0,32.700516790304505,7.122424783092289e-07,0.0,1.7708877410940387e-07,1.4306144272248342e-12
1335,80160.0,80160,32.700516078060375,32.70051607806181,77.46471829586838,0.0,32.700516790304285,7.122424790840702e-07,0.0,1.770887738243995e-07,1.432955076039949e-12
1336,80220.0,80220,32.70051607806016,32.7005160780616,77.92797560519308,0.0,32.70051679030408,7.12242479840781e-07,0.0,1.7708877353597106e-07,1.4353306914699496e-12
1337,80280.0,80280,32.70051607805995,32.70051607806139,78.39123291451779,0.0,32.70051679030387,7.122424805791313e-07,0.0,1.7708877324396624e-07,1.4377447252751498e-12
1338,80340.0,80340,32.70051607805974,32.700516078061185,78.8544902238425,0.0,32.700516790303666,7.122424812988679e-07,0.0,1.7708877294822577e-07,1.4402006437891758e-12
1339,80400.0,80400,32.70051607805954,32.700516078060986,79.31774753316719,0.0,32.700516790303475,7.12242481999748e-07,0.0,1.7708877264857866e-07,1.4427021632618387e-12
1340,80460.0,80460,32.700516078059344,32.700516078060794,79.7810048424919,0.0,32.700516790303276,7.122424826815085e-07,0.0,1.7708877234484453e-07,1.4452532297244602e-12
1341,80520.0,80520,32.70051607805915,32.7005160780606,80.24426215181659,0.0,32.700516790303084,7.122424833438943e-07,0.0,1.770887720368333e-07,1.447857956765056e-12
1342,80580.0,80580,32.70051607805896,32.70051607806042,80.70751946114127,0.0,32.7005167903029,7.12242483986638e-07,0.0,1.7708877172434366e-07,1.4505202769889719e-12
1343,80640.0,80640,32.700516078058776,32.70051607806023,81.17077677046598,0.0,32.70051679030272,7.122424846094745e-07,0.0,1.7708877140715767e-07,1.4532445946820795e-12
1344,80700.0,80700,32.70051607805859,32.700516078060055,81.63403407979065,0.0,32.70051679030254,7.122424852121364e-07,0.0,1.7708877108504467e-07,1.4560352136548701e-12
1345,80760.0,80760,32.70051607805841,32.70051607805988,82.09729138911534,0.0,32.70051679030236,7.12242485794354e-07,0.0,1.7708877075776017e-07,1.4588959805858928e-12
1346,80820.0,80820,32.70051607805824,32.7005160780597,82.56054869844002,0.0,32.70051679030219,7.122424863558538e-07,0.0,1.7708877042503424e-07,1.4618314636916842e-12
1347,80880.0,80880,32.70051607805808,32.700516078059536,83.0238060077647,0.0,32.700516790302025,7.122424868963725e-07,0.0,1.770887700865861e-07,1.4648452841731483e-12
1348,80940.0,80940,32.70051607805791,32.70051607805937,83.48706331708938,0.0,32.70051679030186,7.122424874156475e-07,0.0,1.770887697421078e-07,1.4679408514491275e-12
1349,81000.0,81000,32.700516078057746,32.700516078059216,83.95032062641405,0.0,32.700516790301705,7.122424879134139e-07,0.0,1.770887693912668e-07,1.4711211618084982e-12
1350,81060.0,81060,32.70051607805759,32.70051607805907,84.41357793573873,0.0,32.700516790301556,7.122424883894131e-07,0.0,1.7708876903370502e-07,1.4743881852672518e-12
1351,81120.0,81120,32.70051607805744,32.70051607805892,84.8768352450634,0.0,32.70051679030141,7.122424888433849e-07,0.0,1.7708876866903314e-07,1.4777430689062645e-12
1352,81180.0,81180,32.70051607805729,32.70051607805877,85.34009255438808,0.0,32.70051679030126,7.122424892750788e-07,0.0,1.7708876829683215e-07,1.4811851386884339e-12
1353,81240.0,81240,32.70051607805715,32.700516078058634,85.80334986371275,0.0,32.70051679030112,7.122424896842297e-07,0.0,1.7708876791664326e-07,1.4847117849237105e-12
1354,81300.0,81300,32.700516078057014,32.7005160780585,86.26660717303741,0.0,32.70051679030099,7.122424900705757e-07,0.0,1.7708876752796525e-07,1.4883182619814368e-12
1355,81360.0,81360,32.70051607805688,32.70051607805837,86.72986448236207,0.0,32.70051679030086,7.122424904338433e-07,0.0,1.77088767130255e-07,1.491996311434655e-12
1356,81420.0,81420,32.700516078056744,32.70051607805824,87.1931217916867,0.0,32.70051679030074,7.122424907737443e-07,0.0,1.7708876672291504e-07,1.4957337411995145e-12
1357,81480.0,81480,32.70051607805662,32.70051607805812,87.65637910101138,0.0,32.70051679030061,7.122424910899608e-07,0.0,1.770887663052867e-07,1.4995128381640992e-12
1358,81540.0,81540,32.70051607805651,32.70051607805801,88.11963641033603,0.0,32.700516790300505,7.122424913821515e-07,0.0,1.77088765876633e-07,1.5033096634218722e-12
1359,81600.0,81600,32.700516078056395,32.7005160780579,88.58289371966069,0.0,32.70051679030039,7.122424916499302e-07,0.0,1.7708876543612369e-07,1.507091696612913e-12
1360,81660.0,81660,32.70051607805629,32.700516078057795,89.04615102898534,0.0,32.700516790300284,7.122424918928685e-07,0.0,1.77088764982805e-07,1.510814992165576e-12
1361,81720.0,81720,32.70051607805618,32.700516078057696,89.50940833831,0.0,32.70051679030019,7.122424921104896e-07,0.0,1.7708876451554753e-07,1.5144219817232199e-12
1362,81780.0,81780,32.70051607805608,32.7005160780576,89.97266564763466,0.0,32.7005167903001,7.122424923022581e-07,0.0,1.77088764032993e-07,1.5178358570388914e-12
1363,81840.0,81840,32.70051607805599,32.70051607805752,90.4359229569593,0.0,32.700516790300014,7.122424924675953e-07,0.0,1.7708876353345165e-07,1.5209561880913223e-12
1364,81900.0,81900,32.70051607805591,32.70051607805744,90.89918026628395,0.0,32.70051679029993,7.122424926059002e-07,0.0,1.7708876301478744e-07,1.5236512260487382e-12
1365,81960.0,81960,32.700516078055834,32.70051607805736,91.36243757560861,0.0,32.70051679029986,7.122424927165527e-07,0.0,1.7708876247425268e-07,1.5257503755668857e-12
1366,82020.0,82020,32.70051607805576,32.70051607805729,91.82569488493326,0.0,32.70051679029978,7.122424927989776e-07,0.0,1.7708876190830547e-07,1.5270345058346515e-12
1367,82080.0,82080,32.7005160780557,32.70051607805722,92.2889521942579,0.0,32.700516790299716,7.122424928526918e-07,0.0,1.7708876131239045e-07,1.527227391630605e-12
1368,82140.0,82140,32.700516078055635,32.70051607805716,92.75220950358253,0.0,32.70051679029966,7.122424928773993e-07,0.0,1.7708876068074744e-07,1.5259872045463184e-12
1369,82200.0,82200,32.700516078055585,32.700516078057106,93.21546681290718,0.0,32.7005167902996,7.122424928731078e-07,0.0,1.7708876000625633e-07,1.5229031765881025e-12
1370,82260.0,82260,32.700516078055536,32.700516078057056,93.67872412223184,0.0,32.700516790299545,7.122424928403065e-07,0.0,1.7708875928041751e-07,1.517499530208097e-12
1371,82320.0,82320,32.7005160780555,32.700516078057014,94.14198143155649,0.0,32.7005167902995,7.122424927802435e-07,0.0,1.7708875849355808e-07,1.5092551167088995e-12
1372,82380.0,82380,32.70051607805547,32.70051607805697,94.6052387408811,0.0,32.70051679029946,7.122424926953182e-07,0.0,1.7708875763543652e-07,1.4976498566946468e-12
1373,82440.0,82440,32.70051607805545,32.70051607805693,95.06849605020578,0.0,32.700516790299424,7.12242492589775e-07,0.0,1.7708875669649973e-07,1.4822552991975626e-12
1374,82500.0,82500,32.70051607805543,32.70051607805689,95.5317533595304,0.0,32.70051679029939,7.122424924707893e-07,0.0,1.7708875567017121e-07,1.4628584591912103e-12
1375,82560.0,82560,32.70051607805542,32.700516078056864,95.99501066885504,0.0,32.70051679029936,7.12242492350273e-07,0.0,1.7708875455609639e-07,1.439237263607796e-12
1376,82620.0,82620,32.70051607805543,32.700516078056836,96.45826797817968,0.0,32.700516790299325,7.122424922478108e-07,0.0,1.770887533574832e-07,1.4064861768619309e-12
1377,82680.0,82680,32.70051607805544,32.700516078056744,96.92152528750435,0.0,32.70051679029923,7.122424921955673e-07,0.0,1.7708875199674578e-07,1.3051029496914354e-12
1378,82740.0,82740,32.70051607805547,32.70051607805599,97.38478259682897,0.0,32.70051679029848,7.122424922470946e-07,0.0,1.7708874939318353e-07,5.218914832532797e-13
1379,82800.0,82800,32.700516078055514,32.70051607804845,97.84803990615359,0.0,32.70051679029095,7.122424924955284e-07,0.0,1.7708873421323143e-07,-7.062250860745989e-12
1380,82860.0,82860,32.70051607805558,32.700516077973425,98.3112972154781,0.0,32.70051679021592,7.122424931146343e-07,0.0,1.7708859306778658e-07,-8.215445864291702e-11
1381,82920.0,82920,32.700516078055685,32.70051607722944,98.77455452480156,0.0,32.70051678947193,7.122424944445293e-07,0.0,1.7708720062604553e-07,-8.262425688940908e-10
1382,82980.0,82980,32.70051607805585,32.70051606985932,99.23781183411448,0.0,32.70051678210182,7.122424970937548e-07,0.0,1.770734063195197e-07,-8.196528414441539e-09
1383,83040.0,83040,32.700516078056054,32.70051599682073,99.70106914332298,0.0,32.70051670906323,7.122425014809694e-07,0.0,1.769367713966575e-07,-8.123532530961454e-08
1384,83100.0,83100,32.70051607805559,32.700515267352415,100.16432645149679,0.0,32.70051597959492,7.122425017601941e-07,0.0,1.7558281365444688e-07,-8.107031751254136e-07
1385,83160.0,83160,32.70051607804618,32.70050701406072,100.62758374933647,0.0,32.700507726303144,7.122424242000358e-07,0.0,1.6207102998852612e-07,-9.063985459874047e-06
1386,83220.0,83220,32.70052001585349,-117.29947092017328,101.0908409302545,150.0,7.122425430499368e-07,117.29947163241583,0.0,1.1004515473296229e-08,9.063973221769452e-06
1387,83280.0,83280,32.70052001585326,-117.29947917349205,99.13584974647047,150.0,7.122426954126999e-07,117.29947988573475,0.0,1.6207136084319388e-07,8.106546965860636e-07
1388,83340.0,83340,32.700520015853236,-117.29947990294319,97.18085842513108,150.0,7.122427072163973e-07,117.2994806151859,0.0,1.7558283128992767e-07,8.120357273213544e-08
1389,83400.0,83400,32.700520015853236,-117.29947997597999,95.2258670916342,150.0,7.122427080620123e-07,117.29948068822272,0.0,1.7693676393409166e-07,8.166780180621116e-09
1390,83460.0,83460,32.700520015853236,-117.29947998335088,93.27087575692003,150.0,7.122427081016712e-07,117.2994806955936,0.0,1.7707341317871871e-07,7.959000941891996e-10
1391,83520.0,83520,32.700520015853236,-117.29947998409514,91.31588442208302,150.0,7.122427082778593e-07,117.29948069633785,0.0,1.7708721290542041e-07,5.1625462755063295e-11
1392,83580.0,83580,32.70052001585323,-117.29947998417018,89.3608930872336,150.0,7.122427086791732e-07,117.29948069641289,0.0,1.7708860732992127e-07,-2.340233988299592e-11
1393,83640.0,83640,32.70052001585323,-117.29947998417762,87.40590175238295,150.0,7.122427092869039e-07,117.29948069642035,0.0,1.7708875092153053e-07,-3.084939669183954e-11
1394,83700.0,83700,32.70052001585323,-117.29947998417829,85.45091041753213,150.0,7.122427100237321e-07,117.29948069642101,0.0,1.770887699561241e-07,-3.152053612622659e-11
1395,83760.0,83760,32.70052001585322,-117.29947998417866,83.49591908268134,150.0,7.122427107583472e-07,117.29948069642136,0.0,1.7708877684176884e-07,-3.18766164220106e-11
1396,83820.0,83820,32.70052001585322,-117.29947998417975,81.54092774783052,150.0,7.122427114092897e-07,117.29948069642248,0.0,1.770887759261974e-07,-3.295943301731414e-11
1397,83880.0,83880,32.700520015853215,-117.29947998418093,79.5859364129797,150.0,7.122427120691e-07,117.29948069642366,0.0,1.7708875527484648e-07,-3.415810744634519e-11
1398,83940.0,83940,32.700520015853215,-117.29947998417997,77.63094507812885,150.0,7.122427127101063e-07,117.2994806964227,0.0,1.7708871752904022e-07,-3.318153332189012e-11
1399,84000.0,84000,32.700520015853215,-117.2994799841758,75.67595374327801,150.0,7.122427123972073e-07,117.29948069641853,0.0,1.7708870771306802e-07,-2.9004988887292164e-11
1400,84060.0,84060,32.700520015853215,-117.29947998416414,73.72096240842725,150.0,7.122427095289711e-07,117.29948069640686,0.0,1.7708878056952616e-07,-1.7338324603558767e-11
1401,84120.0,84120,32.700520015853215,-117.2994799840626,71.7659710735767,150.0,7.122427048736215e-07,117.29948069630531,0.0,1.7708904340404618e-07,8.418467823459547e-11
1402,84180.0,84180,32.70052001585325,-117.29947998349307,69.81097973872782,150.0,7.122426834221952e-07,117.29948069573575,0.0,1.7709097119786076e-07,6.536902078289371e-10
1403,84240.0,84240,32.70052001585318,-117.2994799766836,67.85598840388843,150.0,7.122427320833734e-07,117.29948068892634,0.0,1.771021420769442e-07,7.463229335141674e-09
1404,84300.0,84300,32.700520015853144,-117.29947991014512,65.90099706916254,150.0,7.122427450871887e-07,117.29948062238786,0.0,1.7722714160940324e-07,7.400173427600699e-08
1405,84360.0,84360,32.70052001585331,-117.29947925689554,63.946005735545626,150.0,7.122426421532901e-07,117.29947996913818,0.0,1.7846124470981444e-07,7.272511637909924e-07
1406,84420.0,84420,32.700520015853435,-117.29947306310311,61.991014412816206,150.0,7.122425587069647e-07,117.29947377534569,0.0,1.9058238353525708e-07,6.9210434480188596e-06
1407,84480.0,84480,32.70052001585246,-50.09377232381576,60.03602319331666,150.0,7.122433497619087e-07,50.093773036059126,0.0,3.059337706857696e-07,67.20570766033177
1408,84540.0,84540,32.70051997798872,-9.877557661848324e-06,59.20112698613856,150.0,7.63374577695e-07,1.0640932248026442e-05,0.0,1.1200954336064766,117.29947014445362
1409,84600.0,84600,32.70051993516657,-4.497997245498624e-06,59.201126819603594,142.5,8.224108524919759e-07,5.320408105763578e-06,0.0,3.0750866026811776,109.7994755668362
1410,84660.0,84660,32.700519830164595,-1.6872335605395836e-06,59.2011267425804,0.0,9.728736368207193e-07,2.6601072039631228e-06,0.0,4.90507786212887,-32.70052151739815
1411,84720.0,84720,32.700519764828734,-1.0572114328469256e-06,59.20112671202709,0.0,1.0708223623533673e-06,2.1280338011348946e-06,0.0,4.360069170172633,-32.70052082204017
1412,84780.0,84780,32.70051968790034,-5.826225312625286e-07,59.201126691729286,0.0,1.1906951858641537e-06,1.7733177223437238e-06,0.0,3.815060489805643,-32.700520270522865
1413,84840.0,84840,32.70051959599376,-1.7916811993351942e-07,59.20112667904162,0.0,1.3407807263475634e-06,1.5199488509350731e-06,0.0,3.2700518186305865,-32.70051977516187
1414,84900.0,84900,32.70051948426276,2.0422609404527798e-07,59.20112667270296,0.0,1.5341481612073606e-06,1.3299220711705923e-06,0.0,2.725043155711493,-32.700519280036666
1415,84960.0,84960,32.70051934551771,6.105510643478234e-07,59.20112667227081,0.0,1.7926744696017776e-06,1.182123408631941e-06,0.0,2.1800345010444486,-32.70051873496664
1416,85020.0,85020,32.70051916861436,1.092083252620062e-06,59.20112667796441,0.0,2.155967728794179e-06,1.0638844788868491e-06,0.0,1.6350258554618673,-32.700518076531104
1417,85080.0,85080,32.70051893530141,1.7367517360738832e-06,59.201126690775325,0.0,2.703895347054212e-06,9.671436130725377e-07,0.0,1.0900172208531818,-32.70051719854967
1418,85140.0,85140,32.70051861348105,2.738633707980124e-06,59.201126712960885,0.0,3.6251602399087307e-06,8.865265334159164e-07,0.0,0.5450086008774722,-32.70051587484735
1419,85200.0,85200,32.70052045488594,-258.96614630503825,59.201126749541324,300.0,1.839765320580387e-07,258.96614648901476,0.0,2.9634341608985993e-09,8.333333240075776
1420,85260.0,85260,32.700520451889396,-258.96614629585014,54.88502431066353,300.0,1.8722267893387183e-07,258.96614648307286,0.0,0.1388888902968729,8.33333325226039
1421,85320.0,85320,32.700520448789646,-258.96614628625446,50.56892187193075,300.0,1.9058531514025176e-07,258.9661464768397,0.0,0.2777777778334511,8.333333264955906
1422,85380.0,85380,32.70052044558129,-258.96614627622273,46.25281943334949,300.0,1.9407078878281971e-07,258.96614647029355,0.0,0.41666666558139714,8.333333278195916
1423,85440.0,85440,32.70052044225854,-258.96614626572415,41.9367169949267,300.0,1.9768594627833818e-07,258.96614646341004,0.0,0.5555555535500483,8.333333292017294
1424,85500.0,85500,32.70052043881515,-258.96614625472444,37.62061455666985,300.0,2.0143815849059624e-07,258.9661464561626,0.0,0.6944444417488487,8.333333306460384
1425,85560.0,85560,32.70052043524445,-258.96614624318613,33.30451211858696,300.0,2.053353677530361e-07,258.96614644852144,0.0,0.8333333301889465,8.333333321569395
1426,85620.0,85620,32.700520431539246,-258.96614623106757,28.98840968068662,300.0,2.093861430987026e-07,258.9661464404537,0.0,0.9722222188800677,8.33333333739312
1427,85680.0,85680,32.700520427691785,-258.9661462183229,24.672307242978142,300.0,2.1359974282681805e-07,258.9661464319226,0.0,1.1111111078353288,8.333333353985328
1428,85740.0,85740,32.700520423693725,-258.9661462049008,20.35620480547153,300.0,2.1798618499544708e-07,258.96614642288694,0.0,1.2499999970670075,8.33333337140544
1429,85800.0,85800,32.700520419536026,-258.96614619074444,16.040102368177664,300.0,2.2255632685410262e-07,258.96614641330075,0.0,1.3888888865889353,8.33333338971946
1430,85860.0,85860,32.70052041070211,-258.9661461599669,11.723999931108308,200.0000000000001,2.3229570898547067e-07,258.9661463922626,0.0,1.5277777764161242,-91.66666657066895
1431,,85920,,,,,,,,,
